105
1390
105
1370
0
25
0
0
170
51
306
0
306
0
0
0
0
140
3996
51
25
0
0
170
89
0
45
0
25
48
25
0
79
73
25
25
51
0
0
25
0
1439
25
105
89
0
25
3996
0
25
0
0
0
0
140
306
0
51
0
0
105
7
1439
25
0
25
25
0
25
89
25
0
25
0
13
45
48
48
25
0
0
105
51
25
0
357
105
0
1434
0
25
0
0
14
51
162
25
0
89
25
105
162
1199
25
1370
0
25
25
3996
3996
140
51
0
25
25
25
25
25
1370
89
152
366
297
366
170
371
371
207
3996
345
371
0
371
0
297
345
371
266
614
345
0
0
0
371
0
345
3935
306
3813
306
366
371
0
3935
0
371
0
207
366
306
171
371
0
207
234
371
0
141
371
348
0
0
345
3935
3935
3935
190
0
256
371
371
345
25
371
366
140
0
190
371
371
0
371
345
207
371
306
371
3996
345
170
313
207
207
0
371
0
345
0
0
371
205
3813
140
371
154
0
345
297
0
366
360
207
234
371
256
366
207
345
345
140
345
371
306
366
0
343
256
371
0
345
0
375
345
3935
345
207
371
397
371
3996
366
0
580
425
256
141
0
0
256
25
306
306
371
345
371
273
0
371
140
0
256
360
0
0
371
203
371
371
371
371
371
0
327
371
371
371
345
67
371
207
3813
371
207
207
238
207
371
0
3996
371
614
345
371
89
371
371
0
366
190
0
345
256
371
0
360
306
297
256
371
140
371
371
371
256
371
297
366
0
4
371
256
140
371
371
306
371
170
366
309
207
256
371
215
0
140
0
313
366
0
366
177
3935
207
306
371
297
207
0
140
371
0
389
366
0
170
371
0
371
345
366
0
0
154
371
371
0
170
256
207
614
371
366
0
538
503
3813
371
468
434
0
479
1066
0
0
654
527
538
0
0
527
709
709
527
527
1066
480
0
3813
480
3813
371
3894
538
538
527
371
269
527
3813
0
3813
1066
0
0
683
0
503
569
1066
1066
1066
371
678
3813
0
393
480
538
1066
1066
0
0
480
0
503
371
538
480
0
709
207
538
434
538
0
709
0
503
503
538
443
1066
527
480
538
0
550
538
0
3813
1066
503
521
538
538
503
538
345
480
0
0
538
0
527
614
1066
527
205
709
527
709
0
550
503
371
527
371
480
550
0
0
3894
3894
0
569
503
1066
538
538
0
142
503
1066
371
0
527
509
503
503
527
371
0
569
569
527
569
313
0
550
550
1066
0
527
550
538
538
527
596
0
503
371
550
527
527
371
371
614
569
3896
480
0
1066
371
1066
614
527
538
527
503
480
550
503
538
345
614
527
538
503
538
0
569
480
538
0
393
717
550
3896
154
3896
0
269
3896
480
678
538
538
550
538
527
0
527
207
480
538
550
0
207
527
569
527
614
456
480
371
480
479
503
480
527
527
0
709
614
0
538
538
371
0
1066
3894
538
670
709
709
0
709
709
0
0
3894
0
709
0
953
0
735
679
0
0
678
3894
682
0
884
670
0
679
821
709
682
0
678
0
0
0
682
521
538
639
860
709
0
839
1066
860
0
709
0
935
0
709
682
979
3894
815
0
860
0
0
521
709
0
0
0
766
709
709
628
682
0
538
709
709
0
3851
709
935
0
709
0
670
0
709
538
682
628
735
670
0
670
0
628
709
953
709
682
0
3894
709
0
0
682
639
0
0
709
3851
670
1066
670
709
682
639
3894
0
646
709
709
813
958
872
872
953
872
872
872
3787
872
872
709
772
958
1999
2063
979
872
872
1066
979
979
1066
979
1066
872
958
0
0
958
923
0
958
0
0
979
1066
979
958
958
958
1066
872
884
901
1066
1994
979
3787
958
921
958
0
958
979
958
1066
958
1066
979
953
979
0
935
773
979
1066
813
958
0
3787
872
0
813
0
0
0
872
0
958
979
872
0
872
1963
979
0
872
872
979
979
979
872
958
958
979
872
958
958
979
0
872
958
725
935
957
1066
872
872
0
872
979
0
979
979
872
901
979
1066
725
1962
0
872
0
628
1066
2063
872
872
1066
895
979
662
0
1066
958
872
791
958
979
817
958
1066
0
724
0
958
872
979
958
0
791
709
935
979
958
0
958
872
0
979
1066
0
813
958
953
958
0
0
872
958
958
979
1066
1066
1066
958
2056
927
1066
872
872
0
0
0
958
958
872
0
3787
872
872
979
979
872
872
0
958
958
958
958
0
958
872
872
872
935
0
628
958
958
958
872
927
0
979
872
872
0
0
872
979
872
872
1066
958
0
958
817
872
958
3787
2063
979
848
3787
979
813
946
958
0
1066
872
839
1066
1066
1066
1856
1066
1066
1066
1066
1066
1066
1066
1066
1856
1066
1066
1066
1856
1066
1066
1066
1066
1162
1066
1066
1066
1066
1162
1066
1066
1066
1066
1066
1066
1066
1066
1066
1066
1066
1856
1066
1066
1066
1066
1066
1066
1066
1066
1066
1066
1066
1066
1066
1066
1066
1066
1066
1856
1066
1066
1066
1066
1066
1162
1066
1066
1066
1066
1066
1066
1162
1066
1066
1066
1162
1856
1856
1066
1066
1856
1066
1066
1162
1066
0
1066
1066
1066
1066
1856
1066
1066
1066
1162
1162
1162
1162
1162
1162
1162
1162
1162
1162
1162
1162
1162
1162
1162
1162
1162
1162
1162
1162
371
1162
1162
371
1162
1162
1162
1162
1162
371
1162
1162
1162
1162
1162
1162
1162
1162
371
1162
1162
1162
1162
1434
1162
1162
1162
1162
1162
371
1162
1162
1162
1162
371
1162
1162
371
1162
1162
1162
1162
1162
1162
1162
1434
1162
371
371
1162
371
1162
371
371
371
371
1162
1162
1162
1162
371
1162
1162
371
1162
371
371
0
1162
1162
1162
1162
1162
371
1162
371
1162
371
1162
1162
1162
1162
1162
1162
1162
371
1162
1162
1162
1162
371
1162
1162
3486
1635
0
1439
1316
3512
1434
0
1439
1394
1360
0
1390
1321
1394
3525
0
1262
1321
1321
1370
1434
1316
1321
3540
0
0
1321
58
1384
3512
0
1316
1439
1321
1384
1434
1434
0
1394
1434
89
0
1523
1434
1394
1390
1553
0
1370
1289
3512
1439
3540
0
1434
1434
1370
1162
3540
1214
1635
3512
1434
1635
3512
1439
1162
1321
1162
1439
1321
1226
1434
0
1439
1434
1162
0
1434
1635
0
1439
3540
1439
0
3540
1162
1434
1434
3512
1635
1439
0
1162
1394
1302
0
1331
3512
1321
0
3512
1316
1434
1321
1394
1434
1599
1439
1439
1321
1316
1635
0
1321
1316
1434
0
1394
1434
1321
1439
1434
1370
0
0
0
0
1269
3486
1635
1363
0
1439
1439
1321
1370
1321
0
105
1394
1390
0
1214
1434
1390
0
0
105
0
1434
1434
1629
1289
1434
1360
1316
1199
1439
0
1316
3512
1321
3525
105
1635
1439
3540
1321
0
0
0
1390
3512
0
1162
1434
1313
1162
3540
1281
0
1439
1439
1434
1434
1384
1434
3512
1321
1434
1439
0
3525
1439
0
1316
0
1550
1162
1439
0
1439
1394
1439
0
1439
1434
1434
1508
3512
0
1316
3512
1321
0
89
1321
1162
1434
1162
1316
105
0
1439
1390
1394
1321
1439
3512
1439
1370
1439
0
1439
0
1370
3540
0
1162
1390
1316
1439
3512
1321
0
1439
1394
0
3540
0
0
1390
1439
0
1533
1458
2841
1770
3363
3363
0
1635
0
3363
0
1505
3363
1533
0
1645
1635
1517
1481
1454
0
1478
1635
1649
0
0
3434
1649
1635
0
1589
1770
1452
1770
0
0
1625
0
3440
1505
1486
3540
0
1635
3363
1458
1589
1770
1452
1440
3363
1481
1770
1625
1649
1770
1513
1655
1649
1533
1321
0
3363
0
0
1513
1770
1649
1517
0
1625
1589
1533
0
2826
1625
1770
2842
1635
0
3540
0
1533
0
1533
1625
1321
0
1452
0
1381
1770
1321
1533
3363
1655
1635
1649
1452
1770
1574
1533
1574
1649
1649
1649
0
0
3540
0
0
0
1649
1440
0
3363
0
1635
1770
1649
3540
1635
1649
0
3440
3363
0
3540
1649
0
0
2781
1452
1649
3440
1486
1486
1214
0
1649
1478
1635
1574
0
3363
0
3440
2841
1649
1321
1452
1262
0
3440
1635
0
1533
0
1635
1649
1649
1649
1649
0
1513
0
0
1478
1770
1553
0
1625
2790
0
0
1321
1649
1625
1649
1649
2841
0
1321
2841
1468
0
3434
1770
1635
1649
0
0
1635
1635
0
1635
1635
1770
1770
1321
1533
0
1635
0
1635
0
1649
1468
1635
1458
2841
0
1649
1625
3363
1649
0
1635
1770
1770
1770
1770
1452
3434
1635
1625
1533
0
0
1625
1635
1770
1649
1655
1649
1856
1770
1856
1770
1162
1770
1770
1162
1770
1770
1770
1162
1770
1770
1770
1770
1770
1162
1162
1770
1770
1770
1770
1162
1770
1770
1770
1770
1770
1162
1856
1770
1770
1856
1770
1770
1856
1770
1770
1162
1770
1770
1162
1770
1770
1770
1770
1770
1770
1770
1770
1770
1162
1770
1770
1770
1770
1770
1162
1770
1770
1770
1162
1770
1770
1162
1770
1770
1770
1770
1770
1770
1770
1770
1162
1770
1770
1856
1770
1162
1770
1770
1856
1770
1770
1770
1162
1770
1856
1770
1770
0
1770
1770
1770
1856
1770
1770
1770
1770
1770
1856
1770
1856
1770
1856
1856
1856
1856
1856
1856
1856
1856
1856
1856
1856
1856
1856
1856
1856
1856
2378
1856
1856
1856
1066
1856
1856
1856
1856
1856
1856
1856
1856
1856
1856
1856
1856
1856
1856
1856
1856
1856
1856
1856
1856
2378
1856
1856
1856
1856
1856
1856
1856
1856
1856
1856
1856
1856
1856
1856
1856
1856
1856
1856
1856
1856
1856
1856
1856
1856
1856
1856
1856
1856
1856
1856
0
1856
1856
1856
1856
1856
1856
1856
1856
1856
1856
1162
1856
1856
1856
1856
1856
1856
1856
1856
1856
1856
1856
1856
1856
1856
1856
1856
1856
1856
1856
1856
1856
1856
1856
1856
1856
1856
1856
1856
1066
1856
1856
1856
1856
1856
1856
1066
1856
1856
1856
1856
1856
1856
1856
1856
2222
2041
1937
2097
1937
2245
2170
2041
2063
1937
1856
0
2041
2041
1937
1937
2222
1930
0
1937
0
2097
1962
1930
1937
0
2097
2245
2063
2203
2041
2156
2255
2097
1962
2238
0
1955
1962
1937
1856
0
2063
0
1856
1955
1937
2097
2089
2041
0
0
2097
2063
2063
2182
1937
0
2063
2041
0
3068
2078
2041
0
1937
2041
3099
2041
1066
2211
1937
1856
1856
1937
2041
2097
1856
2245
2097
2025
0
0
2097
979
2041
0
0
2141
2063
2106
0
1962
2041
2106
2036
1930
2025
0
2097
2245
2063
2238
0
2097
2245
2222
1937
2063
1856
1937
2097
2063
0
0
0
2097
2097
1856
2041
2097
2097
2211
2041
0
2097
1962
3068
2063
0
2209
1962
2245
1930
1923
2097
2245
2264
2245
0
2097
2097
2041
1962
0
1998
3068
2063
1937
1937
1856
0
2141
2041
1937
2041
2041
2041
0
2097
1962
1937
1962
1856
2041
2097
0
1962
0
2041
2222
2036
0
1937
2141
1962
1856
0
1856
1856
1937
2097
1937
2063
2220
0
1937
1937
2041
2209
2041
2041
2141
0
0
2063
1937
1856
1962
1930
1937
1937
2041
2041
2025
1962
2106
1856
0
2097
1937
1972
2041
2097
2238
979
2097
1937
1937
2245
1937
1962
1937
1856
1937
2106
2097
2041
1856
0
2063
2255
2220
2141
2063
2041
2245
2245
979
1963
2041
1937
2063
2063
0
2238
1937
2041
0
2245
1998
2141
1937
0
2263
0
2156
2238
0
2263
2141
2258
0
2097
2245
0
2238
2245
2263
2209
0
2245
2206
2097
2238
0
2263
2206
2220
2097
2245
2263
0
2263
2245
2238
0
2206
2206
2097
0
0
2245
2457
0
2245
0
0
2097
0
2203
2472
2097
2263
2238
2238
0
2209
0
2251
0
0
2263
0
2263
3068
2263
0
2245
0
2245
2218
0
2238
2238
2246
0
2245
2206
0
2263
0
2263
0
0
2263
2245
0
2238
0
2245
2292
0
0
0
2238
0
2206
0
2097
2206
0
0
2263
2379
1856
0
0
3040
2379
2670
1856
0
2379
2387
2433
2309
2379
1856
0
2494
2337
2442
2274
2494
2387
2274
1856
0
0
0
2378
2387
2670
2387
0
2428
1856
3068
2428
0
2379
2379
0
2387
2387
2379
0
2387
2379
0
0
2387
2378
2274
2309
2378
2695
3068
2379
0
2670
2457
2442
2313
2379
0
2337
2387
1856
1856
2387
2379
2695
2378
0
2379
2379
0
1856
2387
2695
2313
2401
2379
2274
2274
2428
2442
2281
1856
2337
2379
2387
2457
2274
2475
2378
2387
0
0
2457
0
2269
2387
3040
2378
0
1856
2378
2442
2379
2442
2387
2379
2379
0
0
2475
2696
2387
1856
2387
2387
2424
0
2475
2379
2401
2622
0
2428
2274
0
0
2387
2378
0
2378
0
2379
2274
2387
0
0
2670
2238
2378
0
2695
0
2442
2433
2387
0
2378
2379
2379
2442
2401
0
2387
0
2274
2401
2428
0
2378
2387
2507
0
0
2387
2387
2337
2378
2379
2379
2387
0
0
1856
2457
1856
2309
2378
2309
2387
2387
2442
2378
2379
2379
2309
2378
0
2238
2337
2457
2378
2379
2379
2401
2379
0
2337
2475
2379
2379
2387
0
2379
2670
0
1856
2387
2387
2258
2442
0
1856
1856
3198
2309
2379
2274
2695
2387
2475
2387
2379
0
0
2379
2457
2401
1856
2379
2387
0
2313
2401
2475
0
0
0
0
2387
2379
2379
2387
2337
2274
2379
2387
2097
2379
0
2638
2670
2670
2807
2638
2894
2719
2670
1770
2641
2695
0
2670
2670
2714
0
1770
2695
2670
2894
2659
2742
0
0
1856
2670
2695
2695
2312
2361
2695
2622
2638
2695
0
2695
2714
2790
2771
2742
2638
1770
1770
2714
2670
2695
1770
2894
2670
2543
2695
2670
2714
2475
2754
2670
1770
2670
2695
2719
2670
2719
2630
2742
2670
1770
2670
2714
1770
2638
2754
2719
2894
2672
0
2659
2638
2638
2670
0
0
2763
2670
2814
0
2841
2851
2763
2754
2714
2710
0
2714
2656
2693
1770
2670
2670
2719
1770
2638
2719
0
2656
0
2622
2696
0
2659
2600
0
2641
2670
2670
2670
2696
1770
2670
0
2442
2714
0
2696
2641
2719
2630
1770
2695
2594
2695
2763
2894
2670
2719
2719
1770
0
1770
2754
0
2600
2695
2940
2696
2714
2696
1770
2763
2714
2714
0
2670
0
2656
2807
2656
2790
2699
0
2670
2659
2790
2696
2750
2696
1770
0
2719
2475
2714
2695
2719
2428
0
2622
0
0
2670
2670
0
2894
2695
2695
2841
2808
2638
2763
2638
2719
0
0
2714
2543
0
0
2763
2638
2656
2362
0
2695
2894
2696
2630
2728
2696
2670
2638
0
2670
2695
1770
2670
0
2790
2670
2535
2940
2695
1770
2763
2695
0
2894
2670
2695
0
2670
2638
2638
0
2695
2696
2641
0
0
2638
2670
0
2696
2940
2695
2659
0
2638
2940
2696
2656
1770
1770
1770
0
1770
1770
2638
2638
2670
2670
2594
0
0
0
0
2841
2790
0
0
2877
2851
0
0
0
1625
3434
1625
0
2841
2841
2790
2808
2841
0
2638
2790
2790
0
2863
0
0
2808
0
2839
2604
0
0
2841
2841
2841
2851
2841
2790
2841
2781
2839
1625
2837
0
2877
2847
1625
2851
1625
0
2790
2940
2638
0
0
2843
0
0
0
0
0
0
2851
0
0
0
2790
2864
0
2791
2638
0
2841
2841
0
2846
2863
2843
1473
1478
0
0
2622
2808
0
2808
2791
1770
2848
2622
2790
2839
2846
1655
0
2848
1533
1770
2971
2894
2940
2940
2940
2894
2971
2967
2894
2967
2940
2971
2940
0
4692
2894
2894
2967
2971
2971
2894
2967
2894
2967
2971
2894
2971
2940
2714
2894
2940
2967
3243
2940
2971
2894
2967
3286
4407
2940
2894
2940
2940
2967
2894
2894
3286
2940
2940
2971
2971
2894
2940
2940
2967
2940
2971
2967
3286
0
2894
2971
3243
2940
2971
2894
2967
2894
2894
2971
2967
2940
2940
2894
3286
4692
4692
2894
3286
2894
2940
2894
2967
2714
3286
2967
0
2695
2967
2971
0
2695
2695
2714
2894
2894
2894
2714
3286
2894
2971
2940
3053
3004
3004
4692
3053
3004
3068
3040
3053
3040
2245
4600
3025
3040
3068
3053
4676
3025
3053
3040
3025
0
3198
3004
3040
4676
3040
3068
3040
3053
3053
3025
3053
3004
3198
3040
4692
3025
3053
3053
2387
3040
0
3040
3040
3025
3040
3040
3053
2245
3025
3053
4692
3004
3053
3025
3053
0
3040
3025
2387
3040
3053
3040
2387
3198
3004
3025
3004
3053
0
3040
3166
2245
2245
2041
3091
3091
0
3200
3099
3068
3091
2041
3061
0
3091
2041
3068
3117
2041
3117
2041
3099
3061
3117
2041
3091
3099
3117
2041
3061
3117
3061
3672
3091
3099
3117
0
3117
3117
3117
2245
3117
1937
3099
0
2041
2041
3200
3091
3099
2041
3117
3061
3091
3061
3099
3091
3166
3117
3061
3091
3091
0
2041
3091
3117
3091
3117
3061
2041
3200
2041
3117
3099
3068
3200
3068
3091
3200
3068
3200
3117
3061
3117
3061
3166
3099
3091
3068
2041
3117
3068
3091
3117
3099
3061
3061
3099
3117
3061
3068
3099
2041
3117
2041
3117
3117
3061
3184
3222
3166
0
3166
4600
4676
3198
3166
3198
3222
3222
3166
4674
3166
3222
3198
3184
4692
3184
3200
0
3198
3198
3166
3672
3198
4600
3198
3198
3198
3004
4621
3198
3672
0
3200
0
4676
3068
4674
3166
3184
4600
3198
3200
3117
3200
3200
3040
3068
3222
3200
3222
3222
3068
4676
3222
4692
0
3166
3040
3166
3222
3166
3166
3222
3222
3040
3166
3198
3222
3200
3166
3357
4434
3296
3286
3243
3243
0
3286
3243
3434
4407
2967
4407
3243
3286
4434
4434
3286
3286
3312
3296
4440
3296
3243
3312
3286
3286
3324
3434
3286
3243
3312
2967
3286
4440
2940
3296
3312
4440
3243
3286
3296
4407
4440
3312
3286
3324
3243
3286
0
3296
3312
3243
4434
3286
3286
4692
3324
4434
0
3286
3312
3312
3286
3312
3286
3312
4434
4434
3243
3243
3243
4407
3434
3296
0
3312
4407
3296
3312
4434
4692
1625
3440
3385
4228
3385
0
3385
3363
3363
3363
3385
3363
3434
3434
3363
1625
3434
1625
3434
3434
3434
3324
3385
3357
3385
1625
3363
3385
3440
3357
2790
3540
3385
3324
3440
3440
3363
3385
0
3363
3385
3324
3385
3324
0
3385
3440
3540
3385
3296
3440
3474
3363
3434
3434
3440
3312
3440
3440
3540
3434
3385
3474
3385
3363
3434
0
3324
3434
3440
3363
3474
3324
3363
3434
3385
3440
4228
3474
3324
3434
3385
3363
3440
3324
3312
1625
3324
3357
3434
3474
3324
3474
3312
3324
3440
3540
3434
3357
3385
3434
3296
3363
3434
3540
3434
3474
3434
3385
3434
3324
3434
3440
3492
1625
0
3385
3492
3440
3312
3434
0
3525
3363
3324
3540
3492
3512
3540
3525
3486
3584
3525
3525
3474
3525
3517
3525
3512
3517
3517
3486
3525
3517
3525
3517
3517
3486
3525
3540
3517
3517
3357
3517
3486
0
3517
3584
3525
3517
3512
3525
3517
3492
3517
3540
3525
0
3512
3622
3517
3622
3474
0
3525
3584
3540
3517
3996
3486
3512
4467
3525
3525
3517
3517
3525
3492
3486
3474
3517
3622
3517
0
3517
3486
3525
3474
0
3622
3996
3525
4467
3486
3512
3996
0
3486
3540
3517
3525
3512
3512
3474
3474
3540
3525
3612
3517
3492
3622
0
3525
3512
3486
3474
3525
3525
3525
3517
3622
3486
3584
3517
3517
3525
3517
3512
3622
4467
3486
3486
3517
3540
3517
3486
3622
3956
3584
3584
3584
3584
3994
3622
3612
3612
3622
3956
3584
3622
3584
3996
3622
3622
3622
0
3622
3612
3956
3612
4344
3612
4258
3612
3612
3612
3612
3612
3622
3996
3956
3584
3622
3612
3612
3622
3612
3622
3622
3622
3996
3994
3956
0
3622
3994
3612
3622
3996
3994
3956
3584
3612
0
3622
3996
3622
3584
3622
3612
3622
3996
4122
3864
3658
3851
3864
3642
3658
3851
3864
3864
3642
0
3916
3184
3642
3642
4122
3642
3672
3916
3642
3642
3672
4190
3658
3642
3916
0
3864
4190
3851
3787
3743
3864
3851
4122
3658
3642
3864
3864
3864
0
3809
3642
3658
4136
3642
3743
3672
3851
3864
3642
3658
3642
3658
3642
4180
3864
3672
3642
3743
4180
3743
3743
3787
958
3787
3642
3743
3743
4136
958
3851
3743
3787
3787
3642
3787
3787
3743
3787
3787
958
3743
958
3184
3787
3787
3743
3091
872
3787
3787
872
4136
3787
3787
958
958
958
3851
3787
3642
3743
3743
3642
3642
3743
3787
4136
3787
3787
0
3787
4136
3787
3672
3743
872
3787
3787
3642
3787
3743
3672
3787
3787
3787
3091
3787
3787
3787
3672
3743
3642
4180
3787
3672
3642
3743
3787
3787
3672
3672
3743
3787
3787
3787
3787
3787
3672
3851
3672
3787
3743
3787
0
3787
3787
3787
3642
3743
3787
3743
3787
4180
958
4180
3787
872
3851
3851
3894
3896
3896
3894
3894
3864
0
3642
3853
3853
0
3896
3916
3809
3894
3853
3916
3864
3853
3853
3813
3894
3809
3809
3853
3896
3658
3809
3813
3853
3916
3809
4190
3894
3853
3809
3916
3809
3864
3851
3809
3813
3851
3916
3853
3809
3658
3896
0
3896
0
3853
3809
3809
3813
3896
3864
3813
3851
3851
3813
0
3813
3896
3916
3896
3896
3853
3813
3853
3813
3853
3809
3658
3658
3809
527
3642
3894
3894
3916
3896
480
3642
3894
3813
3894
3851
3894
3864
3896
0
3851
0
3809
3896
4190
3809
3809
3916
3916
3813
3896
3813
3851
3853
3853
527
3853
3894
3658
3813
3864
0
3996
3973
3996
3853
3994
3956
3813
3853
3935
3935
3956
3996
256
3853
3935
256
3935
3996
0
3935
3853
3996
3996
3996
3996
3813
3996
3956
3996
256
3996
3994
51
3935
3996
3996
51
3996
3973
0
3973
4344
3996
3973
3956
3996
3935
256
3994
3996
3853
3996
3956
3996
3994
3853
0
3996
3973
3973
3935
3996
3996
3956
3994
3996
3935
3973
256
3994
3956
3935
3813
3996
3935
3973
3853
0
3996
0
3813
3996
3935
3973
4344
3956
3994
3996
3853
3956
3996
366
3996
3853
3973
3956
3996
3935
3935
3956
3994
3973
3996
3956
3996
3996
3813
3956
3994
3935
256
3813
3935
3935
3973
3996
4344
3935
3973
3973
3973
3996
3996
4190
4175
4180
4196
4132
4180
4180
4180
4149
4122
4190
4180
4098
4066
4167
4066
4122
4149
4149
4344
4098
4190
4098
4194
4167
4149
0
3672
4122
4778
4066
4175
4194
4167
4180
4167
4194
4194
4344
4167
4122
4098
4149
4066
4958
4122
4190
4344
4958
4149
4275
4066
4167
4180
4180
4098
4107
4107
0
4190
4180
4167
4066
4131
4136
4132
4379
0
4180
4194
4132
4180
4167
4238
4107
4175
3916
4175
4066
4175
4196
4190
0
4180
4167
4190
3916
4180
4190
4611
4122
0
0
4132
4149
4279
0
4149
4136
4098
4194
4180
4190
4180
4190
4180
4180
4098
4175
0
3658
4810
4190
4175
4190
4196
4136
3658
4180
4279
3916
4611
4149
4122
4190
4167
4122
0
4098
3916
4344
4194
4098
4136
4122
0
4167
4275
4175
4958
0
4194
4275
4958
4190
4122
4966
3916
4190
4180
0
4598
4611
4107
0
3916
0
4149
4958
3864
4136
4098
4180
4149
4167
3916
4194
4329
4263
4349
4373
3612
4449
4253
4253
4258
4333
4379
4253
4331
4275
0
0
4329
4373
4344
4467
3956
0
4275
4331
4275
3956
4344
4258
4263
4379
4253
0
4258
4275
4903
4258
4329
4343
4274
4258
4449
3956
4306
3994
4275
4222
0
4329
3994
3612
4258
0
3622
4275
4343
4258
0
4253
4275
3994
4258
4333
3994
4333
4333
4253
4333
0
0
4329
4449
4331
0
4343
4344
4221
4258
4888
4258
4228
4333
4344
4222
3612
4228
4343
4344
4373
3612
3612
4373
3612
4253
4221
4467
4449
4253
4343
4333
0
3956
4258
4258
4279
4258
4449
4449
4373
4343
4274
4940
4373
4221
4253
4343
4275
4373
4467
4253
4221
4222
4333
0
4331
0
3956
0
4343
4331
4279
4274
3612
4344
4258
4373
4449
0
0
4333
3517
4343
4221
0
4263
3584
3956
4373
3612
4253
4329
4253
4258
4343
4275
4258
4333
3612
4331
4449
3994
4343
4275
4253
4258
4221
4258
0
4253
4333
4228
4253
4333
0
4253
4238
4333
4333
4275
4258
4331
4676
4440
4491
4447
4449
4851
4491
4228
4427
4676
4491
4843
3324
4427
4407
4676
4467
4491
4434
4437
0
4692
4434
4692
4692
4447
4427
4544
4678
4908
4447
4491
4692
4437
4440
4491
4434
0
4407
4506
0
4434
4506
4437
4491
4676
4437
0
4437
4506
0
4434
4440
0
4444
4427
4434
0
4903
4444
0
3357
0
4427
4491
4692
4449
4692
4849
4434
4228
4228
4544
4449
4491
4407
4228
4544
4491
4427
0
4437
4437
4434
4424
4449
4407
4440
4434
4544
4437
4676
4440
4506
4692
4434
4434
4447
4440
4676
4678
3296
4407
4427
0
4440
4434
4544
4424
4449
4427
4544
4228
4407
4447
4827
4570
4434
4467
0
4449
4467
4449
4692
4851
4692
4491
4447
4544
4544
4263
4440
4827
4491
4434
4544
4544
4228
4427
4434
4843
4449
4544
4692
4467
4440
4678
4851
4544
4437
4228
4467
4447
4692
4228
4434
4444
0
4491
4228
4491
3312
4447
4437
4827
4491
4692
3296
4437
4447
4434
4437
4440
4449
4676
4228
4447
4427
4447
4570
4447
4407
4678
0
4434
4491
4908
4434
4827
4903
4678
4600
4692
4598
4656
0
4621
3222
4598
4676
4598
4676
4679
4600
4656
4611
4600
4676
4611
4778
3166
0
4621
0
4679
4582
4992
4679
4656
4776
4107
4992
4676
4810
0
4676
4107
4582
4582
4674
4066
4692
4692
4674
0
3184
4810
4692
4066
4598
3672
4679
4582
4692
4676
4844
4598
4621
4676
4656
4656
4066
4674
4656
4621
4656
4674
4582
4621
4773
4674
4674
4692
4674
4656
4621
4679
4674
4621
0
4679
4600
4598
4600
4676
4679
4582
4600
4679
4676
4621
4679
3200
3184
4674
3166
3184
0
4621
0
4678
0
0
4621
4656
3222
4598
4674
4674
4621
4598
4600
4598
4656
4582
0
4674
4621
4621
4679
4692
4692
4674
4621
4598
4676
4621
4656
4674
4582
4600
4692
4107
4692
3200
4598
4674
3184
4611
4676
4600
4844
4582
4600
4679
4582
4674
4790
4598
4621
4810
4600
4598
4692
4611
4674
4107
4582
4582
4598
4676
4066
4676
4600
4656
4656
3184
4582
4621
4598
4611
4674
4582
4692
4844
4773
4674
4678
4600
4810
4674
4676
4778
4600
4066
4582
4582
3672
4621
4679
4611
4692
3166
4611
0
4778
0
4807
0
0
4795
0
4834
4790
4773
4867
0
4807
0
4790
4807
4802
4806
0
4831
4813
4678
0
0
0
4795
4785
4844
0
4867
0
4993
0
4810
0
0
4678
4807
0
4807
4807
0
4802
4974
0
4773
0
4840
0
0
4871
4611
4871
4830
4444
0
0
4921
0
0
4678
4843
0
4827
4795
0
0
4849
0
4506
4934
0
0
4859
4827
4263
4506
0
0
0
4849
4678
4934
4921
0
4844
4844
0
4427
0
4934
0
4921
0
4830
0
4795
4908
4827
0
4922
4889
4910
4837
4911
4889
0
4861
4940
4888
4903
0
0
4951
4940
4920
0
0
4957
4920
4222
4972
4921
0
4951
0
4897
0
4916
4939
0
0
4888
4911
4962
4962
0
4972
0
0
4888
4939
0
4920
0
4306
4962
0
0
0
0
4975
4903
4379
4934
4934
4274
0
0
4902
4940
0
0
0
4989
4895
4975
0
0
4920
0
4920
4903
4274
4902
4810
0
4958
4974
0
4958
4951
4957
4975
4975
0
0
4972
4989
4992
0
0
4972
4951
0
4194
4957
4989
4972
4194
0
4957
0
0
4098
0
4194
4957
4194
4975
4902
4972
4379
4975
4238
4958
4972
0
4958
4975
0
0
4958
4816
4194
4194
4807
4818
