-0.31520000  -0.35760000  -1.19170000  0.10000000  0  0  0 41  0.14910000  0.20156404  0.00459709  0.41998904  2  73  107.562212
-0.31420000  -0.30110000  -1.25000000  0.10000000  0  0  0 120  0.19670000  0.08104864  0.00190823  0.45738530  2  161  0.319319
-0.36290000  -0.30040000  -1.25000000  0.10000000  0  0  0 14  0.22370000  0.68054104  0.00887757  0.01998293  2  295  12.048479
-0.31560000  -0.30090000  -1.09030000  0.10000000  0  0  0 58  0.21440000  0.04936914  0.00200036  0.26174907  2  164  111.647125
-0.31980000  -0.37190000  -1.22620000  0.10000000  0  0  0 13  0.21210000  0.59877202  0.00689992  0.06177278  2  224  79.611522
-0.18530000  -0.44430000  -1.20350000  0.10000000  0  0  0 33  0.14770000  0.21011991  0.00492392  0.58880317  2  90  105.230029
-0.18950000  -0.36780000  -1.03430000  0.10000000  0  0  0 99  0.24940000  0.06322082  0.00262028  0.13710378  2  205  111.597837
-0.04190000  -0.46720000  -1.17280000  0.10000000  0  0  0 35  0.15270000  0.07263159  0.00181927  0.58905062  2  106  111.794797
-0.08160000  -0.48870000  -1.23860000  0.10000000  0  0  0 17  0.18230000  0.88067029  0.00860598  0.00455376  1  175  96.674935
-0.08170000  -0.40820000  -1.04070000  0.10000000  0  0  0 78  0.20260000  0.06064765  0.00246842  0.14791208  2  122  112.021732
-0.12560000  -0.40100000  -1.25000000  0.10000000  0  0  0 135  0.23080000  0.05315424  0.00186195  0.58632339  2  307  0.000000
-0.08240000  -0.47590000  -1.20740000  0.10000000  0  0  0 36  0.14020000  0.22553849  0.00392261  0.32766914  2  92  108.167030
0.01880000  -0.42410000  -1.06130000  0.10000000  0  0  0 64  0.20380000  0.05727192  0.00206558  0.18717064  2  121  111.791099
0.08790000  -0.39340000  -1.25000000  0.10000000  0  0  0 40  0.23770000  0.07979395  0.00251229  0.13875077  2  400  0.000000
0.12650000  -0.40760000  -1.06690000  0.10000000  0  0  0 90  0.24570000  0.06312975  0.00243005  0.18950414  2  207  112.147576
0.01300000  -0.46680000  -1.25000000  0.10000000  0  0  0 25  0.24770000  0.39716498  0.00817877  0.03308774  2  354  23.636897
0.19830000  -0.43820000  -1.20230000  0.10000000  0  0  0 47  0.19060000  0.20064910  0.00470472  0.25404850  2  149  105.581383
0.07780000  -0.46410000  -1.25000000  0.10000000  0  0  0 20  0.16730000  0.62690607  0.00655375  0.04794326  2  149  30.773582
0.16770000  -0.46300000  -1.23100000  0.10000000  0  0  0 19  0.19490000  0.80145262  0.00761062  0.00467227  1  185  86.645532
0.36790000  -0.29640000  -1.18110000  0.10000000  0  0  0 48  0.19750000  0.10659431  0.00209473  0.37046099  2  164  68.254694
0.27120000  -0.38360000  -1.17440000  0.10000000  0  0  0 26  0.10880000  0.12065219  0.00328402  0.48170793  2  27  107.127694
0.32960000  -0.28130000  -1.25000000  0.10000000  0  0  0 57  0.22990000  0.19599427  0.00386464  0.22129390  2  319  1.499333
0.30960000  -0.34980000  -1.25000000  0.10000000  0  0  0 32  0.22550000  0.48220592  0.00918004  0.03464442  2  288  20.424679
0.28830000  -0.30550000  -1.05030000  0.10000000  0  0  0 76  0.22390000  0.04876926  0.00197459  0.13115108  2  158  68.330614
-0.40550000  -0.07510000  -1.25000000  0.10000000  0  0  0 83  0.23600000  0.06143392  0.00160781  0.35397587  2  342  0.000000
-0.40680000  -0.05130000  -1.02500000  0.10000000  0  0  0 88  0.25010000  0.08110768  0.00265284  0.18301116  2  221  112.057199
-0.42790000  -0.17690000  -1.25000000  0.10000000  0  0  0 41  0.24500000  0.25766517  0.00611228  0.02426527  2  341  11.908415
-0.46210000  -0.16790000  -1.22920000  0.10000000  0  0  0 21  0.21700000  0.66316139  0.00700439  0.03746495  2  241  90.978639
-0.34220000  -0.22590000  -1.02520000  0.10000000  0  0  0 100  0.22730000  0.04860335  0.00202256  0.12165881  2  122  111.373730
-0.47320000  -0.13370000  -1.22940000  0.10000000  0  0  0 22  0.22200000  0.60457421  0.00839927  0.03368704  2  257  91.513967
-0.44060000  -0.16880000  -1.17970000  0.10000000  0  0  0 89  0.25130000  0.11149175  0.00245494  0.31984933  2  262  111.522201
-0.08940000  -0.09960000  -1.25000000  0.10000000  0  0  0 225  0.24070000  0.00129060  0.00129060  0.48558247  2  181  0.000000
0.20580000  -0.24190000  -1.25000000  0.10000000  0  0  0 121  0.20920000  0.00100893  0.00100893  0.37685587  2  177  0.000000
0.18440000  -0.07910000  -1.25000000  0.10000000  0  0  0 106  0.16530000  0.00094908  0.00094908  0.71214606  2  48  0.000000
0.03990000  -0.24580000  -1.25000000  0.10000000  0  0  0 146  0.21900000  0.00100556  0.00100556  0.68656665  2  203  0.000000
0.44780000  -0.19130000  -1.21740000  0.10000000  0  0  0 26  0.16750000  0.60485701  0.00779953  0.06083123  2  129  78.109528
0.37260000  -0.20150000  -1.05900000  0.10000000  0  0  0 56  0.20250000  0.06215289  0.00209604  0.23809887  2  155  68.332069
0.46410000  -0.09290000  -1.18320000  0.10000000  0  0  0 53  0.20920000  0.09732325  0.00223170  0.33576572  2  210  68.329842
0.40550000  -0.03930000  -1.01850000  0.10000000  0  0  0 84  0.23390000  0.05388037  0.00215969  0.13366270  2  202  67.917201
0.40760000  -0.12310000  -1.25000000  0.10000000  0  0  0 99  0.23210000  0.08699187  0.00177384  0.58094144  2  319  0.000000
0.43060000  -0.19990000  -1.18690000  0.10000000  0  0  0 65  0.24140000  0.12203699  0.00230791  0.33840688  2  278  68.008698
-0.48890000  0.02140000  -1.25000000  0.10000000  0  0  0 23  0.22190000  0.60409255  0.00733665  0.00584362  1  238  31.285032
-0.48530000  0.08870000  -1.23330000  0.10000000  0  0  0 35  0.18390000  0.48136917  0.00760981  0.18484900  2  150  97.330654
-0.43530000  0.18790000  -1.18530000  0.10000000  0  0  0 64  0.23580000  0.07974569  0.00207379  0.37150806  2  279  111.744962
-0.40740000  0.06690000  -1.03210000  0.10000000  0  0  0 90  0.22220000  0.06293314  0.00245289  0.25161070  2  163  111.929178
-0.35410000  0.19030000  -1.00500000  0.10000000  0  0  0 75  0.22310000  0.04864446  0.00198258  0.10943432  2  189  111.766662
-0.42360000  0.24910000  -1.22860000  0.10000000  0  0  0 30  0.14850000  0.76974315  0.00725071  0.02442652  2  118  97.729186
-0.37700000  0.17880000  -1.25000000  0.10000000  0  0  0 95  0.23540000  0.07544245  0.00186706  0.43040006  2  341  0.000000
-0.35280000  0.01020000  -1.25000000  0.10000000  0  0  0 87  0.23290000  0.00143257  0.00096511  0.58895711  2  253  0.000000
-0.12590000  0.13450000  -1.25000000  0.10000000  0  0  0 146  0.23120000  0.00118313  0.00118313  0.82002166  2  222  0.000000
0.11190000  0.14350000  -1.25000000  0.10000000  0  0  0 166  0.21630000  0.00104265  0.00104265  0.38586179  2  177  0.000000
0.47290000  0.08650000  -1.25000000  0.10000000  0  0  0 15  0.24760000  0.64796147  0.01030480  0.01702309  2  344  25.179021
0.46490000  0.14930000  -1.22080000  0.10000000  0  0  0 10  0.24340000  0.55019081  0.00848100  0.00410613  1  338  96.263608
0.47080000  0.04630000  -1.18280000  0.10000000  0  0  0 59  0.21430000  0.12735045  0.00337416  0.34423493  2  193  68.452535
0.42660000  0.06420000  -1.25000000  0.10000000  0  0  0 75  0.25210000  0.10953841  0.00170803  0.35169038  2  401  0.000000
0.25820000  0.13360000  -1.25000000  0.10000000  0  0  0 183  0.20580000  0.00112058  0.00112058  0.45545694  2  120  0.000000
0.46160000  0.12550000  -1.19590000  0.10000000  0  0  0 37  0.12780000  0.23030365  0.00422513  0.56159040  2  57  73.758956
0.40560000  0.12050000  -1.05790000  0.10000000  0  0  0 59  0.22190000  0.04850057  0.00191890  0.17444134  2  197  68.044001
0.42200000  0.21340000  -1.18230000  0.10000000  0  0  0 49  0.24530000  0.08920882  0.00186718  0.20058835  2  308  68.384602
0.39200000  0.20510000  -1.25000000  0.10000000  0  0  0 33  0.16700000  0.29437099  0.00443846  0.15706792  2  196  5.991687
-0.39130000  0.26230000  -1.17760000  0.10000000  0  0  0 49  0.23470000  0.07062670  0.00191954  0.31022403  2  285  112.020651
-0.39640000  0.29290000  -1.23210000  0.10000000  0  0  0 24  0.20110000  0.50028126  0.00782660  0.02709733  2  221  94.763813
-0.30080000  0.30280000  -1.06690000  0.10000000  0  0  0 71  0.19940000  0.05372425  0.00197777  0.16437209  2  91  67.807936
-0.26220000  0.39180000  -1.17860000  0.10000000  0  0  0 53  0.20240000  0.15059744  0.00342988  0.42701062  2  161  68.519370
-0.27050000  0.31500000  -1.25000000  0.10000000  0  0  0 81  0.25140000  0.05393165  0.00131175  0.78254638  2  391  0.000000
-0.38610000  0.29220000  -1.21040000  0.10000000  0  0  0 24  0.24250000  0.25653540  0.00533885  0.07612239  2  324  100.562879
-0.14410000  0.46870000  -1.22590000  0.10000000  0  0  0 12  0.16560000  0.64585320  0.00731319  0.03530195  2  168  84.489017
-0.16430000  0.40060000  -1.25000000  0.10000000  0  0  0 85  0.24150000  0.13855806  0.00230935  0.23191332  2  357  0.000000
-0.19260000  0.35810000  -1.01660000  0.10000000  0  0  0 59  0.20490000  0.05960797  0.00214626  0.16504772  2  122  68.287754
-0.12470000  0.45520000  -1.18000000  0.10000000  0  0  0 70  0.23180000  0.09666718  0.00278400  0.45813220  2  247  67.911590
-0.04080000  0.41550000  -1.04380000  0.10000000  0  0  0 88  0.21270000  0.05759826  0.00232477  0.17965723  2  125  68.406920
-0.09530000  0.25800000  -1.25000000  0.10000000  0  0  0 158  0.19080000  0.00105066  0.00105066  0.55764717  2  121  0.000000
-0.16270000  0.44950000  -1.25000000  0.10000000  0  0  0 26  0.24080000  0.69440924  0.00943434  0.03871726  2  334  15.922517
0.19900000  0.45240000  -1.23550000  0.10000000  0  0  0 15  0.23170000  0.65911151  0.00996430  0.03594624  2  259  91.794768
0.20870000  0.43210000  -1.19970000  0.10000000  0  0  0 48  0.14820000  0.17163537  0.00376520  0.66761560  2  78  72.584643
0.08300000  0.47580000  -1.20760000  0.10000000  0  0  0 36  0.15670000  0.26215698  0.00724507  0.04453874  2  89  83.496037
0.05720000  0.41520000  -1.04780000  0.10000000  0  0  0 77  0.24270000  0.05507195  0.00217941  0.10743074  2  213  68.331850
0.16560000  0.39680000  -1.07490000  0.10000000  0  0  0 88  0.23230000  0.05224737  0.00198924  0.17591684  2  201  68.226472
0.01620000  0.44540000  -1.25000000  0.10000000  0  0  0 57  0.15910000  0.27320848  0.00339411  0.08975766  2  146  2.030054
0.24120000  0.34560000  -1.05360000  0.10000000  0  0  0 93  0.22130000  0.06306347  0.00262849  0.17038104  2  140  68.351350
0.11170000  0.41240000  -1.25000000  0.10000000  0  0  0 108  0.23000000  0.04271227  0.00145312  0.38620868  2  285  0.000000
0.35730000  0.33120000  -1.21790000  0.10000000  0  0  0 18  0.18180000  0.47824798  0.00731956  0.12810211  2  140  84.376004
0.36630000  0.31640000  -1.25000000  0.10000000  0  0  0 11  0.20660000  0.66857448  0.00599530  0.01851873  2  224  32.009708
0.32050000  0.26330000  -1.03690000  0.10000000  0  0  0 72  0.24650000  0.05389173  0.00200843  0.13097111  2  215  68.154895
0.35630000  0.27000000  -1.25000000  0.10000000  0  0  0 36  0.24110000  0.24638525  0.00543166  0.13350015  2  347  7.210884
0.38520000  0.27470000  -1.18280000  0.10000000  0  0  0 51  0.22560000  0.14965063  0.00303452  0.60324336  2  227  68.146796
-0.11770000  -0.30360000  -0.81410000  0.10000000  0  0  0 85  0.24370000  0.07797910  0.00248616  0.16987480  2  221  112.191916
-0.22370000  -0.26710000  -0.87100000  0.10000000  0  0  0 85  0.23920000  0.06211116  0.00213941  0.13134128  2  177  111.948536
-0.00750000  -0.30590000  -0.76500000  0.10000000  0  0  0 113  0.25010000  0.08686663  0.00278857  0.11371521  2  190  111.882526
0.20740000  -0.34040000  -0.99640000  0.10000000  0  0  0 92  0.24720000  0.05862710  0.00243277  0.09304213  2  179  111.787892
0.08150000  -0.31020000  -0.80180000  0.10000000  0  0  0 80  0.24370000  0.07412057  0.00260842  0.12733385  2  213  111.936306
-0.31840000  -0.12990000  -0.85970000  0.10000000  0  0  0 44  0.22480000  0.05805113  0.00263190  0.10862198  2  213  111.899023
-0.35200000  -0.06040000  -0.89280000  0.10000000  0  0  0 67  0.24220000  0.06155873  0.00180554  0.18732743  2  222  111.620349
-0.23890000  -0.19240000  -0.76680000  0.10000000  0  0  0 75  0.24820000  0.07994431  0.00267156  0.11988616  2  204  111.713475
0.30910000  -0.20690000  -0.92990000  0.10000000  0  0  0 84  0.23800000  0.06032219  0.00220093  0.12311029  2  191  68.170363
0.34180000  -0.12380000  -0.90870000  0.10000000  0  0  0 70  0.24460000  0.06430913  0.00252567  0.14675814  2  244  67.806000
-0.26230000  0.21410000  -0.84650000  0.10000000  0  0  0 67  0.24600000  0.07256109  0.00230218  0.09909518  2  240  111.937018
-0.31100000  0.04600000  -0.78600000  0.10000000  0  0  0 53  0.24410000  0.06446830  0.00236087  0.06788963  2  259  111.797451
-0.34220000  0.10830000  -0.89740000  0.10000000  0  0  0 96  0.24980000  0.05461039  0.00192673  0.12742711  2  261  111.913059
0.21610000  0.20850000  -0.75070000  0.10000000  0  0  0 85  0.25080000  0.07842219  0.00255815  0.06502150  2  215  68.201582
0.31710000  0.19630000  -0.93220000  0.10000000  0  0  0 63  0.26340000  0.09355074  0.00241802  0.11256498  2  276  68.326636
0.30370000  0.06150000  -0.77480000  0.10000000  0  0  0 61  0.22850000  0.07016029  0.00237636  0.19975342  2  200  68.176297
0.30750000  0.15440000  -0.86020000  0.10000000  0  0  0 58  0.24020000  0.06590435  0.00217558  0.09869875  2  226  68.004438
0.36970000  0.04690000  -0.93150000  0.10000000  0  0  0 91  0.22930000  0.05564381  0.00197896  0.16129164  2  178  68.370021
-0.21440000  0.28830000  -0.89830000  0.10000000  0  0  0 71  0.23320000  0.06247100  0.00200064  0.16838614  2  174  68.008454
-0.09330000  0.31440000  -0.81980000  0.10000000  0  0  0 56  0.22390000  0.07515488  0.00191567  0.14392185  2  188  68.264207
-0.07410000  0.36320000  -0.92670000  0.10000000  0  0  0 45  0.22340000  0.06645428  0.00198826  0.21215800  2  192  68.546761
-0.05840000  0.30100000  -0.76660000  0.10000000  0  0  0 25  0.23280000  0.08990653  0.00199966  0.34068100  2  235  67.751581
0.14730000  0.29880000  -0.83280000  0.10000000  0  0  0 68  0.22020000  0.07036624  0.00256908  0.26277400  2  145  67.845848
0.03580000  0.31140000  -0.78370000  0.10000000  0  0  0 67  0.21220000  0.07698409  0.00231048  0.25276948  2  133  68.166495
-0.29050000  -0.02240000  -0.72840000  0.10000000  0  0  0 72  0.24720000  0.05520911  0.00262170  0.06697017  2  222  111.643370
-0.26790000  -0.07930000  -0.69840000  0.10000000  0  0  0 50  0.21560000  0.06969638  0.00232341  0.10265732  2  179  111.512364
-0.13740000  -0.22880000  -0.66730000  0.10000000  0  0  0 72  0.24370000  0.10339897  0.00308768  0.17578396  2  214  111.790430
-0.04390000  -0.22490000  -0.57280000  0.10000000  0  0  0 57  0.24270000  0.10272612  0.00275944  0.21445705  2  226  112.418738
-0.21140000  -0.12330000  -0.61180000  0.10000000  0  0  0 82  0.23060000  0.09564965  0.00269713  0.15105210  2  176  112.208835
0.23650000  -0.15210000  -0.70290000  0.10000000  0  0  0 71  0.23630000  0.08639325  0.00255378  0.12151735  2  186  68.148156
0.17130000  -0.22680000  -0.71050000  0.10000000  0  0  0 102  0.24830000  0.09214031  0.00286785  0.13177903  2  188  111.544717
0.05770000  -0.22090000  -0.57090000  0.10000000  0  0  0 71  0.25060000  0.11200890  0.00309418  0.15209044  2  225  112.001841
0.24680000  -0.00430000  -0.61720000  0.10000000  0  0  0 41  0.24000000  0.09286727  0.00306163  0.17948903  2  228  67.994211
0.28660000  -0.07240000  -0.73900000  0.10000000  0  0  0 89  0.20780000  0.08195138  0.00252723  0.18926750  2  128  68.098510
-0.26530000  0.11730000  -0.72520000  0.10000000  0  0  0 48  0.24600000  0.07270418  0.00231023  0.14164386  2  255  111.694261
-0.15210000  0.24250000  -0.71560000  0.10000000  0  0  0 88  0.21650000  0.08279277  0.00243160  0.14060247  2  140  68.215339
-0.22810000  0.15780000  -0.69350000  0.10000000  0  0  0 73  0.24600000  0.08592499  0.00244905  0.09740974  2  222  111.481549
-0.02010000  0.23720000  -0.59500000  0.10000000  0  0  0 41  0.23430000  0.10262435  0.00227039  0.16805857  2  245  67.992650
0.13690000  0.25310000  -0.71940000  0.10000000  0  0  0 62  0.21810000  0.08674216  0.00244858  0.16902541  2  165  68.084474
0.24060000  0.13650000  -0.69150000  0.10000000  0  0  0 49  0.21230000  0.11026749  0.00260738  0.14959399  2  159  67.726656
0.20610000  0.07870000  -0.55160000  0.10000000  0  0  0 71  0.21480000  0.11185433  0.00250231  0.15093800  2  164  68.523830
0.01830000  0.23930000  -0.60010000  0.10000000  0  0  0 61  0.21610000  0.07506937  0.00199893  0.15148140  2  190  68.279314
0.10910000  0.18060000  -0.52740000  0.10000000  0  0  0 82  0.24140000  0.09553352  0.00286231  0.09556574  2  261  67.884765
-0.15100000  -0.03380000  -0.38670000  0.10000000  0  0  0 66  0.23830000  0.12313664  0.00338647  0.07890389  2  215  112.463429
-0.12690000  -0.12190000  -0.43990000  0.10000000  0  0  0 78  0.24790000  0.13349599  0.00376017  0.11444780  2  226  112.336668
-0.01200000  -0.16470000  -0.41290000  0.10000000  0  0  0 60  0.20910000  0.14362054  0.00387748  0.17859071  2  140  112.449254
-0.00960000  -0.11730000  -0.29420000  0.10000000  0  0  0 44  0.24390000  0.21205310  0.00367748  0.18305751  2  256  111.037866
0.17980000  -0.05690000  -0.47160000  0.10000000  0  0  0 62  0.23530000  0.12422233  0.00269362  0.14006380  2  204  67.774588
0.12680000  -0.13310000  -0.45950000  0.10000000  0  0  0 42  0.23350000  0.14401288  0.00274984  0.22387573  2  236  112.214339
0.19010000  -0.03130000  -0.48160000  0.10000000  0  0  0 49  0.24860000  0.13376205  0.00288891  0.10148262  2  239  68.246164
0.08130000  -0.13080000  -0.38500000  0.10000000  0  0  0 61  0.24930000  0.14049578  0.00305952  0.09766167  2  270  112.300451
0.08230000  -0.08750000  -0.30040000  0.10000000  0  0  0 62  0.23900000  0.19115306  0.00399426  0.13253797  2  271  67.861076
-0.18860000  0.03610000  -0.48010000  0.10000000  0  0  0 80  0.24660000  0.11445100  0.00330506  0.11276228  2  221  112.210912
-0.05120000  0.17550000  -0.45700000  0.10000000  0  0  0 57  0.23350000  0.11179767  0.00335959  0.10091335  2  249  67.679111
-0.13690000  0.11400000  -0.44540000  0.10000000  0  0  0 47  0.24200000  0.15160561  0.00262084  0.15776604  2  283  111.548722
-0.11820000  0.14500000  -0.46770000  0.10000000  0  0  0 57  0.21960000  0.12791135  0.00269834  0.10246560  2  198  67.919781
-0.11300000  0.04460000  -0.30360000  0.10000000  0  0  0 49  0.24230000  0.18985342  0.00309201  0.10096674  2  251  111.853918
0.11970000  0.11490000  -0.41490000  0.10000000  0  0  0 61  0.23900000  0.12365234  0.00308070  0.10813230  2  282  67.213140
0.01980000  0.16710000  -0.42070000  0.10000000  0  0  0 91  0.24080000  0.11040593  0.00293964  0.08508213  2  240  68.654593
0.15190000  0.02800000  -0.38620000  0.10000000  0  0  0 44  0.24240000  0.14786323  0.00333059  0.12154112  2  268  68.651681
-0.04760000  -0.00070000  -0.11900000  0.10000000  0  0  0 18  0.21190000  0.63274899  0.00699769  0.05738433  2  203  115.592135
-0.07490000  -0.04630000  -0.22020000  0.10000000  0  0  0 43  0.23270000  0.30534507  0.00424874  0.15465955  2  275  111.293062
-0.05140000  -0.05550000  -0.18920000  0.10000000  0  0  0 28  0.19400000  0.32395834  0.00348721  0.16608641  2  202  111.487671
-0.02400000  -0.06880000  -0.18220000  0.10000000  0  0  0 47  0.22950000  0.34931195  0.00466802  0.17542696  2  282  109.557529
0.06150000  -0.03830000  -0.18110000  0.10000000  0  0  0 40  0.24390000  0.36647393  0.00569794  0.24299814  2  313  66.186734
-0.00270000  0.03890000  -0.09760000  0.10000000  0  0  0 25  0.18340000  0.84808954  0.00925232  0.19005967  2  130  67.837182
-0.04110000  0.07620000  -0.21640000  0.10000000  0  0  0 27  0.23400000  0.33200981  0.00629376  0.07298677  2  283  67.488904
-0.07310000  0.06260000  -0.24060000  0.10000000  0  0  0 37  0.20790000  0.32516744  0.00459900  0.16574327  2  202  111.712322
0.04880000  0.05790000  -0.18920000  0.10000000  0  0  0 50  0.24590000  0.34941260  0.00591077  0.08807137  2  302  67.362333
0.08060000  0.05040000  -0.23780000  0.10000000  0  0  0 47  0.24750000  0.25679391  0.00396105  0.15299197  2  302  67.127057
