8112
0
235
212
0
8112
0
121
0
0
496
0
110
0
496
8112
0
0
0
110
110
119
2671
0
0
0
0
0
0
64
0
0
0
0
83
163
0
401
0
58
124
0
0
7239
213
0
110
496
0
58
0
0
190
0
0
0
0
0
0
137
190
0
0
0
0
0
83
0
0
0
110
0
0
23
0
99
0
0
0
0
0
137
77
0
110
110
0
496
0
496
0
0
65
79
0
0
190
0
77
0
23
0
404
0
0
139
0
212
7175
110
0
166
0
0
0
0
496
0
0
0
126
0
0
0
0
0
0
0
137
0
194
496
7143
79
0
0
0
0
0
0
496
188
0
0
0
0
2671
0
496
0
193
0
7270
110
179
0
0
7175
212
0
0
0
0
0
0
194
0
79
0
166
99
0
23
110
0
0
212
124
193
0
0
0
0
33
0
0
0
0
0
0
0
0
193
0
0
90
193
110
0
0
7143
0
0
0
496
110
496
121
2671
0
8112
0
0
0
0
0
0
496
188
0
0
0
23
0
24
101
137
110
0
0
203
191
79
0
57
0
0
396
429
0
527
2306
0
536
498
478
2306
506
391
0
8019
453
0
0
930
0
0
722
432
722
411
324
2306
2306
0
0
453
551
2306
606
0
365
0
684
255
2306
468
453
722
453
0
0
684
453
0
453
395
427
453
621
699
536
0
0
453
0
0
0
427
684
0
0
536
453
496
324
0
0
536
0
0
0
536
0
0
628
449
527
432
0
453
536
510
0
0
453
0
695
536
427
432
518
0
7989
0
453
0
676
453
0
701
536
453
496
565
0
453
0
536
0
0
8046
28
496
728
2306
252
496
407
2306
0
0
0
0
538
0
640
507
336
709
8082
2306
496
324
0
0
0
0
0
0
0
453
0
453
507
0
563
496
0
613
0
0
0
0
527
0
0
0
0
0
453
0
256
536
0
496
536
0
506
717
0
0
453
498
453
0
728
613
345
0
569
8042
527
695
527
0
0
0
0
0
684
684
0
932
2306
478
0
2306
415
496
453
0
0
551
536
597
0
709
453
0
496
932
0
0
453
0
453
536
932
0
613
0
2306
569
0
0
28
0
0
309
563
7980
432
336
0
0
496
453
0
0
0
0
252
536
0
496
0
0
0
0
565
640
0
0
0
0
0
2306
0
453
0
453
0
385
0
0
0
0
709
699
0
453
0
530
0
0
496
432
0
2306
621
0
597
699
0
709
453
0
415
0
0
496
492
0
506
631
0
0
0
0
0
0
453
0
255
449
0
2306
252
0
453
0
0
0
0
453
453
676
551
0
699
0
432
0
0
0
0
506
565
0
453
0
0
552
2306
0
498
2306
0
252
0
726
453
0
0
281
932
709
514
496
498
453
0
467
932
391
2306
0
391
0
0
495
722
498
453
621
0
0
726
496
551
514
453
0
0
536
0
8019
453
478
0
0
0
0
0
536
0
2306
0
2306
527
0
2306
653
536
722
281
552
281
0
0
0
8082
0
0
0
606
8082
536
2306
0
0
569
0
0
0
0
536
496
2306
563
0
640
0
676
628
932
0
0
407
514
0
8104
2306
256
0
0
427
726
0
453
0
442
345
0
496
496
932
0
453
536
2306
743
0
631
0
432
533
2306
0
453
0
7916
0
722
2306
365
8019
453
0
2306
311
0
536
0
453
563
0
695
496
0
467
0
2306
0
252
0
0
0
569
496
0
0
453
0
432
0
0
0
701
2306
300
365
0
453
0
498
536
0
2306
2306
1054
0
0
0
932
1160
1198
0
0
1160
0
846
1220
7740
0
0
838
0
0
0
0
1218
1072
1141
1028
1160
0
787
784
7841
1160
2105
1141
0
1148
878
0
1213
1160
1160
0
0
1160
1218
7775
1213
932
809
0
0
1141
0
7843
784
784
7824
0
0
0
925
1141
7782
0
7706
1141
912
0
1141
1160
1198
0
7826
0
0
882
1220
0
1213
1011
1141
1213
0
1141
0
0
1160
0
0
907
0
864
1424
1213
1160
1141
0
1072
1160
0
0
1076
0
1031
1160
1269
932
0
932
1281
0
1160
1160
932
0
1160
1160
0
0
1213
838
0
0
761
1213
932
0
2105
0
1271
1146
0
0
1141
1160
1160
860
0
0
0
759
0
1160
0
939
932
1213
1210
1071
1160
1141
0
1160
912
0
1148
0
0
922
1439
1071
932
0
932
932
1160
1371
1171
7841
1160
0
0
0
1220
0
0
0
1054
1213
2105
0
7850
0
1011
1160
932
1439
0
872
0
0
0
1213
784
912
860
1031
0
953
0
0
1424
7857
0
0
0
0
1191
1122
1116
1349
920
1076
0
1160
1216
7870
932
1141
932
1160
1160
1213
0
0
1213
0
953
7830
1160
1071
864
1122
932
1048
0
784
932
1011
0
0
0
0
0
1160
1072
0
0
1048
0
1160
930
0
0
0
784
0
0
7850
932
1141
0
0
1141
0
0
932
1160
0
792
1160
0
0
7804
0
1071
1173
932
0
1213
0
0
0
1071
1160
0
932
932
1160
1198
0
0
906
932
792
7866
0
1141
0
0
0
1213
0
1214
0
0
7866
1011
0
0
1160
1041
1413
1160
0
0
963
0
7775
1160
770
0
0
0
0
906
0
2306
1218
1213
0
0
1072
0
939
1216
906
925
7729
7680
1171
1160
932
0
0
0
792
953
1141
0
0
1160
1071
1071
0
0
1171
813
1054
0
953
0
907
0
932
7849
0
0
0
0
0
0
0
1193
932
1031
907
1213
1160
1160
1141
932
0
0
0
906
0
0
1160
1413
1341
0
1218
941
0
1171
0
1065
0
1141
0
7830
7804
0
1213
932
997
0
0
2105
0
0
846
906
0
872
1213
0
0
1213
1073
0
777
0
1213
0
0
0
784
0
0
1213
1141
784
1160
1198
2105
1413
0
1076
0
0
1160
0
0
1213
932
963
0
1210
0
1141
2105
7763
0
0
7775
1041
963
0
0
0
0
0
0
0
0
864
0
932
0
0
0
0
7654
1341
1264
7581
1360
1412
0
7654
0
0
1429
0
7581
0
1440
0
0
0
7412
1401
1341
0
1743
0
0
0
0
1349
1341
1295
1160
0
1360
0
0
0
1341
0
1378
1277
0
0
0
1349
1341
0
1223
0
0
0
1409
0
1294
0
0
1440
1281
0
0
1341
1412
1383
0
1295
1259
0
0
1341
1440
0
0
0
1440
0
1341
1248
0
0
7654
0
0
0
0
0
1349
0
0
1341
0
1294
1447
0
0
0
1378
0
0
1401
1412
0
1295
1338
0
0
1223
7653
0
0
0
1360
1338
1247
7654
1371
0
1277
0
0
777
7514
7514
0
7654
0
0
0
1383
0
777
0
0
1160
1341
1341
0
1341
0
0
0
0
0
1247
0
0
1341
1338
1424
0
1295
0
1341
1264
0
1032
0
1349
0
0
0
0
1440
7840
0
0
7840
0
0
0
0
0
1332
0
0
1338
0
1341
0
0
1338
0
1378
0
1743
0
1876
0
1341
0
0
0
7581
0
1837
1367
0
0
1349
0
0
1424
0
1277
1447
0
0
0
0
0
1412
0
0
7840
7514
1277
0
0
0
1259
0
0
0
1401
1341
0
0
1338
1713
0
1895
0
1671
7632
0
0
0
1713
1950
1673
7559
1637
1935
0
1773
0
1341
1713
0
1713
0
1713
1934
0
1935
0
0
1713
1935
1935
0
0
1942
0
1935
1642
1772
0
1773
1341
1934
1773
1569
1750
1341
7567
1623
1773
1935
0
1935
0
1811
1773
1773
1636
1659
0
0
0
1851
7650
1942
1773
1642
1660
1565
7488
1593
0
1503
0
1935
1768
1531
1713
1503
1934
1673
0
1713
1642
1773
1935
0
1935
1746
1935
1773
1559
1942
1773
0
0
1943
0
1673
1713
1935
1919
1642
1940
1713
1912
1341
0
1935
0
1773
1713
0
0
1912
0
0
0
1932
0
1636
1809
7583
1489
0
1565
1935
1713
1935
1713
0
1934
1773
7558
0
1713
1773
0
1935
1722
7603
1935
1797
0
1935
0
0
1934
1637
1521
1935
1750
1935
1489
1837
1679
1919
1750
1935
1341
1708
0
1618
1773
1845
0
1673
1943
0
1809
1819
0
1708
0
0
1713
1725
1713
0
1935
1935
1768
1935
1458
1950
0
0
0
1642
0
1773
1645
0
1659
0
0
7546
1451
0
7567
0
1451
7605
1713
0
1943
1942
7567
1861
0
0
1503
1935
1773
1773
1808
0
0
7574
0
1713
0
1659
0
1940
0
0
1798
0
0
1895
0
0
1935
7565
7614
0
0
0
0
0
0
1851
1681
1773
0
0
1621
1713
1940
1341
0
0
1773
7594
0
1876
1566
0
7567
1618
1669
1935
0
1708
1713
1341
1713
1935
0
1635
0
0
1773
1348
0
1943
0
1679
1773
0
0
1876
0
0
1940
1769
1412
1772
1341
1935
0
0
0
1671
1635
0
1773
0
1618
0
1773
7488
1935
1773
1943
0
1559
1773
7553
1772
7558
0
0
1696
1478
1861
0
0
0
7603
1773
0
0
1713
0
1935
7485
1637
0
1935
0
1935
1708
1341
1943
0
0
1713
0
1808
1879
1919
1773
1713
1713
0
0
0
0
1773
1773
1935
1696
1750
0
0
1503
0
0
0
0
0
1934
1769
1773
0
1912
1935
0
1772
1840
1673
1659
0
1458
1618
0
1666
7546
1773
1750
1950
1618
7559
1837
1713
0
1621
1713
0
1773
0
1772
0
0
0
1812
1837
1565
1671
0
1618
1935
1942
1876
0
1919
1341
1559
1940
0
1845
1713
0
0
1893
1593
0
1768
1773
0
1713
7478
0
7485
0
1797
1618
0
0
7513
0
0
0
0
1773
1851
0
1773
0
1409
7479
0
7578
0
1341
0
0
1935
1811
1773
1772
0
1713
1935
1935
1772
0
0
7513
1934
0
7594
7548
1773
0
1935
1635
0
0
1773
1934
1935
0
1773
1750
1725
0
0
1773
0
0
1725
0
0
1669
1618
1708
1943
0
1637
0
0
7567
0
1708
7485
1743
7485
0
1819
1773
0
7615
0
1935
1942
1341
2105
1141
3445
3810
3810
3445
2105
2105
2105
2105
2105
3810
2105
1160
3810
2105
2105
2306
2105
3445
2105
2105
2105
1773
2105
2105
2105
3445
2105
1935
1773
2105
1713
3445
2105
3810
2105
2105
2105
2105
1713
3445
1341
2105
2105
2105
2105
1713
2105
3810
2105
3445
2105
3810
3810
1773
2105
3810
3445
2105
3445
1713
2105
3445
2105
2105
2105
1935
2105
2105
2105
2105
3810
2105
2105
2105
1713
1935
2105
2105
2105
2105
2105
3810
2105
1713
2105
1160
2105
2105
2105
2105
2105
2105
2105
3810
2105
3445
1160
3445
1160
1713
2105
2105
3445
3445
1160
2105
1341
1713
3445
2105
2105
2105
3810
1935
3445
3810
2105
3445
1935
1935
2105
2105
2105
2105
1935
1160
1773
2105
2105
2105
2105
1160
1935
2105
2105
2105
2105
2105
2105
3810
2105
3445
1160
3810
0
1713
2105
2105
2105
2105
2105
2105
1341
2105
1341
2105
2105
3810
2105
1160
2105
2105
2105
2105
1341
3445
2105
2105
3445
3445
1341
2105
3810
1773
2105
2105
1773
3810
3445
3445
1935
2105
3810
1341
2105
3445
3445
2105
2105
3445
2105
2105
2306
2306
2877
2306
3445
2306
2877
3445
2306
3445
3445
2306
2877
3445
2877
3445
3445
3445
2877
3445
2306
2877
2306
2306
2306
2306
2306
2306
2306
3445
2306
3445
3445
2306
3445
3445
3445
3445
2306
2306
2306
2877
2877
3445
2306
3445
2877
2877
2306
2306
2306
3445
2877
2306
2306
2306
3445
3445
2306
3445
3445
3445
2306
2877
3445
3445
2306
3445
2306
2877
2877
2877
2306
2306
2877
3445
3445
2877
3445
2306
3445
2306
2306
496
2306
3445
3445
3445
3445
3445
3445
2306
3445
2877
2306
2306
3445
3445
3445
3445
2877
3445
2877
2877
2877
2877
2105
2877
2877
3445
2306
2306
2306
2877
3445
2877
3445
2877
3445
496
2306
3445
2877
2877
3445
2306
2877
2306
2306
3445
3445
3445
3445
3445
3445
3445
3445
3445
2306
3445
3445
3445
3445
2306
3445
2877
3445
2306
3445
3445
2306
2877
2877
0
3445
2306
3445
2877
2306
3445
2105
2105
2105
2306
3445
2306
2105
2877
2306
2877
3445
3445
3445
3445
3445
2306
3445
3445
2877
2877
2105
2306
3445
2306
2877
2877
2877
2877
2877
2306
3445
3445
2877
3445
2306
3445
2877
3445
2877
3445
2877
3445
3445
2877
2306
2306
3445
2306
3445
2306
2877
2877
496
2306
2877
3445
2306
2306
2306
2306
2877
3445
3445
2306
3445
2543
2685
2521
2555
0
2807
2537
2877
2821
2777
0
0
0
0
2521
2709
2875
110
2783
2639
2799
2823
2875
2800
0
110
2685
2824
2877
2824
0
2877
2766
2716
2877
2499
2667
2813
2754
0
7175
2877
2521
2877
2877
2543
2798
0
2877
2783
0
0
0
0
496
2521
2521
0
0
0
2800
2824
2777
2771
2806
2521
2606
2806
110
7154
2877
2824
2806
0
0
0
90
2877
0
2723
2521
0
2824
0
0
0
0
0
2499
2727
0
3393
110
2521
2709
0
0
2798
2543
0
2521
2539
2827
2543
0
2824
2799
2709
0
2731
2521
0
2714
7046
2883
2685
0
2555
0
2690
0
0
2821
2877
2877
2477
2821
7003
2521
2800
2877
0
2673
6978
2800
2684
0
2813
2879
2800
6995
7197
0
0
2877
0
0
0
2877
0
179
496
2842
2430
0
496
0
2824
2764
0
2877
0
0
2684
2543
0
2787
6998
2883
2806
2808
0
2877
0
0
2766
2877
0
0
2813
2883
2787
2521
0
2638
2732
2667
0
2877
2584
2459
2714
2555
2875
0
2768
2723
2723
2748
2824
2486
0
2521
2840
90
2543
0
2716
90
0
2521
0
2824
2539
2539
2521
2821
2799
2808
7143
2702
0
2754
0
2629
2813
0
0
0
2824
2521
2877
0
0
2877
2521
2748
0
2842
2716
2587
2877
2716
7143
2777
2824
0
0
0
0
2543
0
2520
2731
2587
2877
2709
2813
2584
2877
0
0
2800
0
2877
2543
0
2499
179
2806
0
0
0
2877
0
2783
0
0
2606
90
119
3393
2877
2521
2521
2877
2732
2727
0
0
2543
0
0
0
0
0
2521
2877
2521
0
2824
2629
2716
0
2537
0
0
0
2543
2807
0
0
0
7103
2489
2716
2777
0
58
0
0
0
179
2841
0
110
2783
0
0
2877
0
0
2702
0
2685
0
0
0
0
2877
2824
0
2824
0
110
0
2543
2877
0
0
2824
2709
0
0
0
2768
0
2521
0
2824
0
0
2877
2807
0
2824
0
2877
0
0
0
0
0
2430
2521
3266
0
0
2716
2543
2702
2787
7030
110
2877
2521
0
2543
0
0
0
7085
2459
0
0
2521
2779
0
2779
0
0
0
2877
0
2877
0
2824
0
0
0
2806
7085
2521
7116
2521
2808
2521
2879
0
2716
0
0
0
2879
2877
2879
0
2779
0
0
0
0
0
2806
0
0
0
2787
2806
2537
0
0
2716
0
3393
0
0
0
0
0
0
2462
2543
7091
0
0
0
0
0
2534
0
2709
0
0
0
0
2584
2521
0
0
0
2702
2639
110
0
2543
0
2520
2543
0
0
0
179
2731
2732
0
2543
0
2877
2824
2543
2543
0
2840
2824
110
7154
0
110
0
0
0
0
0
0
0
0
3266
3275
3266
3271
3378
2970
6807
3266
0
3326
3027
3344
3292
0
3324
3266
2970
5618
3013
3344
3344
3271
3348
0
3266
0
0
3077
3324
3266
3266
2979
3344
3166
3288
3012
5618
3029
3378
3348
3284
6858
6820
0
3344
0
0
3284
0
3266
5618
3393
6961
3101
0
0
3306
3393
0
3266
0
3284
3081
0
3292
3266
0
6855
3061
5618
0
0
0
0
3393
3266
3266
3007
3296
3185
0
0
3162
0
6929
0
0
3071
0
0
3185
6836
3029
3362
0
3025
0
5618
0
3122
0
0
0
0
0
3323
3344
3296
3284
0
3356
0
0
3294
6868
6739
3289
3115
0
0
0
6858
0
6820
3292
2996
3078
0
0
3389
3115
0
3292
0
3344
3043
0
0
0
3266
0
5618
0
3284
0
0
0
0
3393
3266
3389
6833
5618
6790
3064
5618
3204
3356
0
6820
0
0
0
0
3344
5618
0
0
3284
6820
3007
3284
3266
2983
3266
0
0
2939
0
0
0
3344
5827
3166
3266
0
0
2970
3324
2948
3344
6965
0
0
0
0
0
5618
3344
2983
0
0
3115
3344
2968
3115
3329
3274
0
3393
3344
5618
3344
5618
3389
6965
0
2893
3185
0
5827
3389
0
5671
3275
3204
0
3178
3289
3266
0
0
3266
0
5618
5618
5618
0
3388
3029
3326
3166
3021
5618
3216
0
3344
3356
0
6743
3308
0
3239
5618
3266
5618
3007
0
3366
3284
0
0
3284
3344
0
3344
3275
0
2948
0
0
0
3025
0
3393
0
3013
0
0
3274
3266
0
3266
3266
5771
3331
0
3185
3326
5618
2943
3266
3344
0
3185
3204
3323
0
0
0
0
3266
3266
3326
3336
3366
0
6813
3152
3266
6867
6820
0
3115
0
3122
3027
3185
0
0
3275
0
3166
0
3344
3374
3266
3306
5618
6885
3266
0
3308
0
0
3292
5618
0
3344
0
0
3266
5618
3178
0
3152
5618
3115
0
0
0
3077
0
3266
0
3324
0
6758
3351
0
2971
6858
3046
3071
3304
3086
0
3266
3115
3274
5618
3393
3344
5618
0
0
0
3344
0
5618
3029
0
3064
0
0
0
0
3029
3344
0
0
0
0
5618
3308
3344
0
3266
3393
0
6965
3274
0
0
0
0
0
0
0
0
5640
0
6820
0
5618
3222
3071
6965
3344
0
0
0
3152
0
3344
3344
5618
6869
3162
3266
3027
3296
0
6885
6965
3185
0
0
0
0
2877
0
0
0
0
3266
0
2877
3043
0
3178
0
0
3266
6917
3266
0
0
2948
0
0
3266
0
0
0
0
0
6885
3393
3077
3061
0
3364
3266
3306
0
3027
0
3393
0
3266
0
2996
3266
5618
3378
3344
3029
0
0
3364
3344
3284
0
0
3266
3393
0
3266
3155
5618
3204
0
0
0
3061
3130
0
0
0
3266
3344
3266
3275
0
0
0
3590
3445
5355
3590
3590
3590
5355
3590
5618
3445
3590
3590
3445
3590
3590
3590
3445
3445
3445
3445
3590
5355
2877
3590
2877
3590
3590
3590
3445
3590
3266
3445
3445
3590
3445
3590
3445
3590
3590
3445
3445
3590
3590
0
3590
3445
3590
3266
3590
3590
3590
5549
5355
3590
3445
3590
5549
3590
5355
3590
3590
3590
3590
3590
3590
3590
3445
3590
3445
3590
3590
3590
3590
3590
3590
3445
3445
3590
5355
3590
5355
3590
5355
3445
3590
3590
3590
3590
3445
3445
3590
3445
3445
3590
3590
3590
3590
3445
3590
3590
3445
3445
5355
3266
3445
3590
3266
3590
2877
3590
3590
3445
3445
3590
3590
3590
3445
5355
3590
3590
3590
3445
3590
3266
5618
3445
5355
3445
2877
3590
3590
3445
3590
3590
3445
3590
3445
3445
3590
3590
3590
2877
3266
3590
3445
3590
3590
3590
3590
3590
3590
3590
3590
3590
3590
3590
3590
3590
3590
3445
2877
3590
3590
3445
2877
3590
3590
3445
3445
3590
3590
3590
3445
3590
3590
3590
3590
3590
5355
3445
3590
3445
3445
5618
3590
3590
3590
3590
0
3590
3445
3590
3445
3590
3590
3445
3445
3445
3445
3445
3445
3445
3445
3590
3445
3590
3590
2877
3590
3590
3590
3590
5355
5355
3445
3590
3590
3445
3445
3266
3590
3445
4310
3445
3810
4189
3810
5047
4287
3590
3810
3810
3810
4984
3445
3810
3810
3810
5047
3810
3810
3810
3810
3810
3810
3810
3810
3810
3445
3810
3810
3810
3810
3810
3810
3810
4832
3810
3810
3810
3810
3810
4189
3590
3810
3810
5047
4627
3810
3810
3810
3810
4189
3810
3810
3810
3590
3810
3810
3810
3445
3810
3810
3810
3810
3810
3810
3810
3810
4310
3810
4627
5047
3810
3810
3810
3810
3810
3810
4832
3445
3810
3810
3810
3810
4287
3810
3810
3810
3810
3810
4189
3590
3810
3810
5047
3810
4627
3810
3810
4984
4189
4832
5047
3810
3810
3810
3810
4627
3810
3810
3810
4627
4832
3810
3810
3810
3810
3810
4832
3810
3810
3810
4627
3810
5047
3810
4189
3810
3810
4189
3810
3810
3590
3810
3810
3810
5047
3810
3810
3810
3810
3810
3810
3810
3810
3810
3810
3810
3810
3810
3810
3810
1713
3810
3810
3810
3810
3810
3810
3445
5047
3445
3810
3810
3810
4627
4984
3810
3810
3810
3810
3810
3810
3810
3810
3810
3810
3810
3445
3445
3810
3810
3810
3810
3810
4832
3810
0
4189
3810
3810
3810
3810
3445
4310
3810
3810
3810
4984
3810
3810
3445
4287
3810
3810
3810
3810
3810
3810
4627
3810
3810
3810
3810
3810
3810
5047
3810
4832
3810
3810
3810
3810
3445
3810
3810
3810
3810
3810
3445
3810
3810
4287
3810
3445
3810
3810
3810
3810
4189
3810
5047
3445
3810
3810
3810
3810
3810
4627
3810
5047
3810
3810
4832
3810
3810
3810
4627
3590
4189
3810
3810
4365
4287
4249
4014
6416
4063
0
4287
4147
4093
4333
4093
4189
0
0
4039
0
3904
4179
0
4087
0
0
0
0
4198
0
0
4041
3904
0
4287
0
3988
4287
4058
4143
6295
6294
0
0
0
0
0
0
4310
4310
4087
4189
4310
0
0
0
6209
4287
4313
4402
0
0
0
0
0
6254
0
0
0
0
0
0
4377
4189
0
0
6212
0
6314
4153
6356
4220
4189
6254
4048
4287
4189
4443
4189
0
4236
4236
4107
4287
0
4310
0
4108
3891
4313
4121
0
4039
0
3928
6295
0
0
0
3952
0
4310
0
4198
4197
4219
4219
4039
3928
4189
4107
4310
4287
4236
4310
0
4365
4310
4326
4310
4310
3904
0
0
0
0
0
4108
0
0
4287
4284
0
4310
4107
4310
4048
0
4150
3952
0
4179
0
4310
4058
0
0
0
0
0
0
4055
3951
4055
3942
4249
0
0
0
4271
4287
4326
0
0
4151
4069
0
6399
4226
4102
0
0
4147
4310
6319
4107
4189
0
6373
4310
0
4284
6349
4151
4080
4364
0
4310
0
0
0
4287
0
4259
0
0
4310
0
4189
4310
4039
0
0
4185
6294
3942
6214
0
4310
0
0
4189
4126
4287
0
0
0
4310
4107
4189
0
4389
0
4189
4356
4048
4310
4189
4310
0
0
4189
0
4107
0
0
0
0
4287
4580
0
0
4365
4147
0
0
0
4326
4310
4124
3951
0
0
0
4216
0
4016
4378
0
0
4333
0
4107
0
4024
1713
4287
0
4189
4198
0
4287
0
0
4310
0
6373
4216
4287
0
0
4224
4309
4287
4220
0
4055
0
0
4014
0
6211
4310
0
4189
4310
0
0
4246
0
0
4310
4215
0
4365
0
0
4284
4378
4048
4310
4055
4143
0
4335
0
4226
4069
4287
4310
0
4189
4197
0
0
6384
4310
0
0
4310
0
4310
0
4189
0
4310
4310
4039
4365
0
4426
4335
4320
0
0
0
0
0
4039
4189
0
4189
0
4360
0
4302
0
0
4310
4189
4320
6365
4287
0
6359
4402
0
0
0
4215
6314
4216
4219
6249
4189
0
0
4309
4179
0
0
3988
4107
4219
0
4287
0
4287
0
0
0
4093
0
0
4310
0
4215
4287
0
0
0
4189
4107
4310
6349
6211
4310
4063
4426
4039
0
4310
4389
6280
4236
4287
0
0
0
4080
6359
0
4216
4041
3988
4016
4389
0
0
4215
0
4039
4308
6298
0
4287
0
4248
0
0
0
0
4310
0
4219
0
4041
4039
0
4080
3952
4041
4313
4313
4443
3951
4333
4310
3988
3891
0
4024
0
0
0
0
4121
4121
0
4133
4072
6392
0
0
6349
4189
4310
4048
3948
4189
6302
4287
4402
4308
6334
0
0
4189
4310
3988
4287
4039
4310
4099
0
0
4093
0
4102
4310
4287
4189
4121
0
0
4072
4309
4093
4377
4189
0
4832
4147
6254
0
4832
0
4537
0
0
0
4832
0
4573
0
0
4461
0
4520
0
6451
0
4410
0
0
4502
0
4471
4039
0
4513
0
0
0
0
0
4502
4039
0
4039
4039
0
0
4688
4443
0
0
0
0
0
0
0
0
0
0
4550
0
0
0
0
0
0
4443
4410
4533
0
4478
4580
0
0
4537
4461
0
0
4533
0
0
0
4108
0
0
0
0
4520
0
0
4800
4688
4471
4410
4539
0
0
4589
0
0
0
6338
0
0
0
4832
4410
0
4443
4470
5016
4573
4455
0
4475
0
4443
4481
4461
4471
0
4527
0
0
0
4539
0
0
0
0
4443
4569
0
0
0
0
4108
4832
0
0
0
0
0
0
0
0
4496
4411
0
4478
4538
0
0
0
0
0
4453
0
0
4236
4039
0
0
0
0
4039
0
0
0
0
0
0
0
4461
0
0
4832
0
0
0
0
0
0
0
0
4589
4443
0
4500
4039
0
0
4533
0
4984
4627
4982
0
5077
4984
0
4832
0
4892
4644
0
5077
0
0
6161
6174
4627
0
4995
0
0
4857
5549
0
4829
4456
4640
4770
0
4832
4928
5016
0
4627
0
4984
4831
4984
4627
0
0
5076
4828
0
4627
4984
6152
0
0
4831
5047
0
0
4627
0
5047
5076
4576
4832
4627
4995
5047
0
6197
4929
0
5016
5043
4539
0
4627
4984
0
5076
0
4889
4928
0
0
0
0
5047
4950
5077
4984
4627
4627
4984
5062
4718
4770
4928
4798
4832
0
0
4762
4627
5013
0
0
0
4786
0
0
4902
4984
4831
6143
4756
0
4627
5029
5047
4984
0
4692
4778
0
4770
4627
4825
0
0
0
0
0
6147
5077
5072
4692
4627
0
4828
4825
4828
5047
0
4778
4828
0
0
4762
4756
0
5047
0
4812
4984
0
0
4984
4875
0
4627
0
4640
0
4889
4844
0
4610
5024
0
4798
4844
0
6122
4857
0
4995
0
0
4812
4832
0
4798
0
4984
5047
4948
5549
4812
5047
5047
0
4817
6111
4984
4995
4627
4902
4995
0
4703
6059
4829
0
4831
0
4456
0
0
4828
5047
0
6077
0
4715
4984
4798
4832
4770
4984
0
4627
6121
5047
4585
0
4640
0
4831
4778
0
4697
0
6062
4756
0
4995
0
0
4984
0
0
0
4627
0
0
4950
5047
5047
4812
4948
4900
4832
0
0
4984
5043
0
4770
4984
5047
4715
4984
4970
0
0
6106
4778
0
4995
0
0
0
4840
4627
0
6085
4786
5047
5047
4786
4984
6053
4902
4910
0
0
4825
0
4640
4910
6032
0
0
4576
5043
4984
5043
0
4829
0
4832
0
6161
5047
0
0
6085
6163
5067
5047
0
5549
0
6121
0
0
0
0
4984
4984
5047
4819
0
0
0
0
6059
5047
4844
0
4929
4627
0
4857
0
4857
4610
0
5047
4640
0
0
5047
5047
0
4627
5013
4828
4984
0
4456
4998
5249
5047
4948
5047
5062
0
0
5047
0
6171
0
0
4970
5047
6152
4902
5024
6147
4828
0
0
0
0
0
4627
4995
4984
4812
4610
0
0
6127
4928
4627
4778
4984
4692
0
5047
6077
6076
0
0
4645
0
0
0
4984
4998
6147
4762
5029
4910
5013
4984
0
4984
0
0
4998
5047
6071
5047
6121
6171
0
5013
4585
4627
4984
5013
6147
4627
0
4627
5047
0
0
0
4786
0
4825
4627
4828
0
0
4812
0
4762
0
4997
0
4984
5047
5047
6127
4984
0
4829
4984
4984
0
6149
0
6511
0
4984
0
5047
6197
0
5047
4984
4778
5077
0
5024
4697
6174
0
0
0
0
0
4627
0
4903
0
4948
6197
6152
0
0
4828
4762
4585
0
0
4812
5043
0
0
5352
3590
5092
5160
0
0
5506
5499
0
0
0
5544
5355
5249
0
5454
5239
5352
5558
5160
0
0
5352
5363
5383
5306
0
5352
5352
5355
0
0
0
5992
0
5355
5279
0
0
0
5910
5159
5171
5355
5352
5549
5549
5374
5187
0
5221
5329
5549
5538
5355
5352
0
0
5549
5484
5549
0
5352
5352
5352
5355
5253
0
5942
0
0
5363
5355
5352
5160
0
5352
0
0
5684
0
5352
0
5092
0
5239
0
5499
5221
0
5207
0
0
5352
0
5531
0
5374
5352
5352
5159
5394
5549
5081
0
0
5352
5544
5484
0
0
5352
3590
0
5305
5549
0
0
0
5249
5352
5352
5253
5103
5200
0
0
5403
0
5893
0
5549
5355
5549
5415
5352
5549
0
0
0
5138
5571
5325
0
5761
0
5352
0
5893
5352
5549
0
0
0
5939
0
5297
0
5352
5360
0
5544
0
5352
0
0
0
0
5338
0
0
0
5120
5544
5739
0
0
0
0
5355
0
5138
0
0
0
5356
0
5388
5352
5290
0
0
0
0
5352
0
0
0
5329
0
5114
0
0
5553
5352
5544
3590
5221
0
5447
5979
5549
5355
5544
0
0
5306
0
5544
5265
0
5345
0
0
0
5544
0
0
5309
5549
5984
5345
5352
5415
0
5092
5549
0
0
5102
5352
0
0
0
5302
0
5488
0
5549
5329
5199
5352
5543
5355
5327
5352
0
5544
5549
0
5199
3590
5352
0
5549
5544
0
0
5549
5268
0
5549
0
0
0
5500
5549
0
0
5284
5355
0
0
5174
5352
5919
0
0
5431
5544
5200
5981
0
0
5394
5571
5556
5323
5571
0
0
0
5393
5549
0
5447
0
5544
5352
5352
5138
0
0
5092
5499
0
5544
0
5355
0
5355
0
5544
5092
5102
5544
5352
0
0
5369
5187
5356
5352
0
5544
0
5102
0
5539
0
0
0
0
0
5549
5544
5544
0
0
0
5355
0
5352
5421
5355
5544
5549
5368
0
5667
5992
5306
0
5595
5968
0
3590
0
5513
5599
0
5302
0
0
5599
5102
5454
5352
5556
5684
5355
0
0
5166
0
5921
0
5549
5549
5352
6021
5684
5374
0
5174
5549
5221
0
0
5544
0
6009
0
0
5081
0
0
0
5544
5383
0
5290
0
5355
3590
5549
5544
0
0
5277
5544
5544
0
5549
0
5363
3590
0
5549
0
5584
0
5549
5538
0
3590
5794
5352
5549
5160
0
0
5549
5352
5388
0
5538
5227
5925
0
0
0
0
5447
5549
5352
0
0
0
5199
5549
0
0
5549
5549
5352
5544
0
5549
0
5352
0
0
0
0
5421
0
5355
0
5555
0
0
5302
5352
0
0
5549
0
5454
0
5549
5931
0
0
5279
5549
5549
0
5159
5555
5356
5989
0
5549
5244
5355
0
0
5352
0
0
5352
5993
0
0
0
5352
0
0
0
0
0
5664
0
0
5755
5734
0
0
0
5355
5618
0
5795
5696
5686
0
5716
0
5822
0
0
0
0
5822
0
0
0
5686
0
0
5716
0
0
0
5794
0
0
0
0
0
0
5822
5618
0
0
0
0
0
0
0
5827
5771
0
0
5618
0
0
5765
5761
0
5571
0
0
5686
0
0
0
0
0
0
0
0
0
0
0
0
5722
5664
5656
0
0
0
0
0
0
0
0
0
5765
5765
3400
0
5773
0
0
0
5618
3239
5685
5755
0
0
5664
0
3101
5746
0
0
0
5696
0
0
5755
0
3163
5771
5792
0
0
0
5761
5765
0
0
0
5706
0
0
0
0
0
0
0
6646
0
5665
0
0
0
0
5722
0
5656
0
0
0
5737
0
0
0
5664
5618
0
5733
0
0
5618
0
0
5706
0
5795
0
0
5355
0
5792
0
0
5698
0
5618
0
0
0
5355
5686
0
0
0
0
0
0
5822
0
0
5444
5684
5656
0
5716
0
0
0
0
5710
0
0
5716
5355
5755
3101
0
0
5687
0
0
5686
5760
5614
5685
0
0
0
0
5765
0
0
5614
0
0
0
5755
0
0
5686
5667
5761
5765
5734
5903
5920
5903
6642
5374
5910
5963
5253
5887
5942
6727
6647
6616
6013
5916
5984
5956
5956
5919
5279
5903
6009
5374
5876
6663
5971
6021
5538
5920
5867
5999
0
5997
5999
0
5916
6607
5903
6017
5903
5982
5916
5883
0
5903
5921
5997
9143
5221
0
0
5388
5867
6017
0
6707
5345
5920
5920
5363
0
0
5910
6663
5431
5199
5920
0
6707
0
0
5867
5903
5920
5993
5345
5900
0
0
0
5963
5199
5916
0
5971
6618
0
0
0
6702
5910
6707
0
5996
5864
8816
5584
0
0
5976
6685
6707
0
5794
5996
5444
0
5971
5887
0
5903
5963
6581
5506
5997
0
6004
5882
5998
6000
5976
0
8999
0
6004
5999
5971
5991
5996
5931
0
6013
5903
5900
5992
0
5976
5221
0
6707
6702
6004
6710
0
5971
5920
0
5900
0
0
6702
0
5976
5919
5883
5867
0
5948
0
0
0
5538
6004
0
0
0
0
0
5506
0
5920
0
6610
5991
5912
6581
0
6642
0
5302
0
0
5431
5893
0
5919
6004
5935
0
5930
6719
5981
5345
0
6148
0
0
4812
6111
0
9545
6177
0
4573
0
4902
6202
6174
0
4762
0
6122
0
6191
6037
6163
6135
0
6203
9362
0
6150
6071
6106
6076
0
0
9418
6071
0
6174
0
0
0
6178
6152
6071
6121
0
4800
6434
0
6043
0
0
6150
0
6425
6062
6079
6165
6174
0
6032
0
6028
6170
0
0
6143
6149
6180
0
6076
6203
0
6170
6161
6180
6095
6127
6196
6171
0
6043
0
6076
6062
0
5076
6152
4950
6150
6155
6087
6050
0
0
0
0
6095
9460
9460
6165
0
6043
6152
0
6143
6150
0
0
0
6181
6471
6165
4550
6471
6181
0
0
0
6163
6171
0
0
0
0
6165
0
6193
6471
0
6175
6143
0
6161
6143
0
6045
0
6527
0
6032
6170
0
5077
0
0
6158
6165
0
0
9460
0
0
6181
0
0
0
6182
6181
4502
6035
4550
6155
4502
5076
0
6149
0
6127
6119
0
0
9460
0
6071
4829
0
0
6059
6144
4410
4502
4102
0
6374
0
0
6356
0
6359
6345
0
6328
6334
6255
9489
0
6433
6255
6569
6345
6255
6289
6377
0
0
6344
6239
0
6212
6349
6294
6356
0
6255
0
0
6302
0
6315
6310
6249
6328
0
0
6365
6382
6295
0
0
6402
6315
6234
6391
0
6356
6374
0
0
6384
4284
4219
9239
0
6286
6392
6234
6365
6514
6563
0
6415
4147
4215
0
6214
4126
6569
6417
6263
0
4236
6416
0
6334
6392
6214
6543
0
0
6364
9495
0
6569
6244
6260
0
6345
0
6294
6353
6302
3952
6346
0
9495
6396
6374
0
0
6314
4016
4410
0
4124
6286
6324
6234
0
9324
0
6314
0
0
0
9239
6552
4072
0
6349
6365
6384
0
6222
4365
4121
6485
0
0
0
0
6392
6276
0
6389
6535
4313
0
6242
4378
0
6276
6289
0
6346
6345
6242
6315
0
0
6222
4365
6315
6396
6382
6407
6415
0
0
6276
0
0
6330
6241
4284
6391
0
6359
0
6249
6244
6410
0
0
6365
0
0
6326
4215
0
0
0
4378
0
6328
6402
0
0
6269
6416
6403
0
9422
4378
0
6396
9422
6396
4215
0
0
0
6255
6234
6433
6543
9329
0
6471
0
6431
9193
6468
6454
6431
0
6449
0
0
6045
6543
0
0
0
6531
6447
0
6540
6531
0
6570
0
6433
0
0
0
0
9185
0
6431
0
6544
6562
0
9487
6543
6543
0
6560
9522
6553
0
0
6570
0
0
0
9344
0
0
9263
0
6451
6474
0
6433
9310
0
9545
0
0
6567
4108
6193
6491
0
6529
6377
6543
6377
6531
0
0
9551
6498
9374
0
6506
6477
0
0
6569
4800
6431
6491
0
9298
6565
0
9464
9332
6519
9183
0
6543
0
9362
6059
9487
6570
6565
0
6415
0
6567
0
6521
0
6373
0
6250
9332
4410
0
0
6531
9218
0
0
0
6485
9540
0
6491
6163
6449
0
0
4520
6431
6431
6562
0
9422
0
6498
0
0
9551
0
4236
0
6330
0
0
4573
0
9471
0
6725
6725
6618
9044
6724
6693
0
6616
6812
0
6654
6616
0
6702
0
6730
0
0
6587
6673
6644
9098
5883
6627
6725
0
8894
0
6671
0
6712
6690
0
0
8894
0
6677
5867
0
0
5910
0
5997
0
9171
6591
6017
9099
6914
6592
6677
6801
0
6729
6638
0
6618
6719
5998
6801
6646
6719
6638
0
5894
6723
6610
0
6685
0
6729
0
0
0
6600
8860
0
6724
0
0
6702
8952
6712
8985
6715
6677
0
0
0
8959
6627
0
9121
6672
0
6646
0
0
0
5748
6693
9044
0
5999
0
8899
9104
0
6592
6661
0
6706
6947
9167
5948
0
5883
0
0
6929
0
0
0
0
6610
9108
5991
0
6013
6600
6707
0
0
6702
6685
0
6815
0
8983
6726
0
6661
6725
6589
0
0
6682
6730
0
0
0
0
0
6815
0
0
6813
6876
6854
6812
0
6867
6855
6841
0
6807
3326
3288
0
0
6752
6765
6794
6932
6936
6813
6783
0
6936
6958
3364
6792
6915
0
6831
6968
6833
6730
0
6899
0
6831
0
3364
6752
0
6739
6873
6820
6862
6965
0
0
6968
6958
6765
6770
6831
0
6833
0
3101
0
6777
6868
0
6878
0
6783
0
6735
6869
7109
6854
8963
6929
0
6829
0
6653
6836
0
0
6947
6833
6819
6744
0
0
6820
0
6682
6758
6868
0
0
6666
3331
6812
6833
3323
6813
6869
6916
0
6777
0
6885
0
6958
0
0
3364
0
6929
6696
0
6785
6758
6961
6935
6831
6813
6965
6854
6646
6770
6758
6735
0
0
3274
6947
0
6854
3274
6696
0
0
6812
6869
6965
0
0
0
6735
6917
6953
0
8953
6885
0
6801
0
6885
6855
6820
6744
6869
6829
0
6965
6953
3326
6854
9132
2489
6904
6965
3204
6947
3239
3400
6695
0
9132
3326
6867
8683
0
6831
6743
6869
6869
6919
6932
6953
6953
6929
0
0
0
0
3043
0
3274
0
6878
6813
6803
6792
6783
6803
6867
0
0
8963
0
6855
6965
0
0
3348
6873
6932
6820
6854
0
6806
0
6958
6855
0
6876
6961
6765
6752
2489
0
6725
6936
6942
6725
0
6833
8990
0
6961
3323
0
0
6958
6916
0
6854
3400
7064
7100
7116
7072
7203
7037
7030
0
0
7113
7200
0
7024
0
7160
7099
0
0
7203
0
7136
7175
0
2716
0
7285
6987
0
7086
2555
0
7187
0
7043
7064
7066
7024
7298
7102
7091
0
0
8549
0
2732
7144
7001
7003
2606
2808
7085
7103
0
0
7094
7190
2555
7076
7150
0
8617
6987
7218
6984
7011
0
0
7066
7203
0
7103
7252
0
2499
2799
0
7194
2842
7102
0
7252
2808
7119
7113
7098
7109
7112
7270
6993
8615
7175
7106
7145
0
7146
0
7187
7086
0
6987
8792
0
0
7203
7119
0
7066
8724
7121
6979
7085
7103
7186
0
0
0
7113
7102
2842
7298
0
6993
0
0
7299
7066
7119
0
0
0
7141
0
0
8804
7121
0
7030
7160
0
2430
0
0
0
7112
8804
0
7187
7194
0
6982
0
7286
7103
7141
7086
7113
7099
7203
7200
7085
7073
0
7146
2841
2842
0
7230
7085
7119
7023
0
0
0
0
0
0
7037
7086
7180
0
2768
7203
6998
0
7091
7086
7311
2671
7154
0
2808
6978
8757
6993
0
2716
2842
7072
7190
0
7103
7091
7094
6987
0
7085
7112
7064
7190
0
0
7085
7207
7012
8724
0
0
7066
7187
0
7301
7073
6978
0
7154
8578
0
7200
8563
0
0
7102
0
2716
0
6998
0
6998
6984
0
7227
8011
0
7292
7181
8544
0
0
7180
8598
7294
7230
0
8556
7290
0
0
0
7210
0
0
7317
7244
0
7965
0
8083
7314
0
0
7263
7299
0
0
8509
7285
0
8737
8083
7231
0
0
8490
7311
7927
7270
7304
7231
7100
0
7282
8112
0
7305
7244
7210
7240
0
7311
0
8105
8462
7292
0
7175
0
0
7305
0
8457
8112
0
7290
7305
0
0
7317
0
7226
0
8548
0
7288
0
0
0
0
0
0
166
0
0
7217
0
0
8658
7276
7292
8055
0
0
8804
8003
0
7270
8584
0
190
7298
7298
8105
7958
7339
0
7333
0
7382
7360
7324
7395
7396
7339
0
0
7351
7423
7386
7339
0
0
7447
7388
7605
0
0
0
7399
7428
7410
7439
0
7359
0
7412
0
7372
7650
0
0
0
0
0
7371
7324
7359
7359
7634
0
0
7395
0
0
7638
0
0
7786
7750
0
7595
7560
0
0
8312
0
7423
0
7386
0
7755
7588
7595
7447
7339
0
0
0
0
7729
0
7374
7623
8427
0
7438
0
7741
0
7381
0
0
0
0
0
7485
8137
8154
0
0
7351
7372
7339
8364
0
0
0
7520
7395
0
7381
0
7359
7446
7495
0
7617
7428
0
0
0
8322
7828
7344
7484
0
7875
0
0
7395
0
7447
7395
0
7409
7511
7394
7524
7587
7558
7638
7488
7559
7614
0
7524
0
7484
7484
7570
7557
7515
7553
7558
7503
7603
7642
7560
7548
0
0
7565
7595
7490
7553
0
0
1681
7574
0
7605
0
7570
7463
7514
7617
0
7650
0
7546
7632
7560
7588
7560
0
0
7463
0
0
7632
1669
7560
0
7615
0
0
0
0
7623
1645
7617
0
7603
7378
1940
0
0
7615
1940
7598
7615
8432
8260
7586
7524
7583
7632
7642
8432
7511
1934
0
7614
7624
7484
7463
0
0
7516
0
7497
0
7574
0
0
7577
7490
7511
0
0
0
0
7465
7516
7615
7642
0
1681
0
7649
7565
0
7514
7559
7557
0
7550
7587
0
0
7586
7488
0
7516
0
1681
7546
0
0
0
7550
8332
7548
7587
7511
0
0
7632
7550
0
7619
7558
7642
7624
0
7479
0
7503
7632
7641
7632
7632
7626
7525
1912
0
0
8166
0
7558
0
7634
7617
1950
0
0
7506
0
7484
7587
7545
7430
7649
0
7565
0
7525
7430
1673
0
7570
7513
0
0
1401
7524
7558
7524
7503
7484
0
0
7478
7653
0
0
0
7741
7823
8205
1031
0
7807
7711
7740
7867
7841
7857
7739
8131
0
7807
7756
7790
7841
0
1220
7855
7750
7867
7750
0
7795
0
7709
0
7795
878
765
7375
0
0
7693
0
0
7824
7710
7689
7739
7858
878
0
7782
7410
7756
7790
7710
0
7812
7700
0
0
0
7720
7849
7660
7870
7824
7690
7750
7763
0
7418
7830
0
7795
7729
7746
7682
0
0
7372
7755
7758
7728
7710
7684
7655
7375
7841
0
0
0
7764
7728
7864
838
0
7826
7710
1146
0
7860
7857
7720
7859
0
0
7740
0
7375
7807
0
7746
0
0
7746
7824
0
8130
0
7693
7709
7790
7866
7720
0
8205
7660
0
7798
0
1214
0
1220
1146
7706
0
925
0
7870
0
7684
7807
7674
7660
0
7858
7324
0
7816
1146
7674
7812
7866
0
1194
7741
0
8213
7756
7682
1218
0
7820
7756
7858
0
7684
7858
7843
0
7720
7812
0
0
7756
0
7723
0
7849
0
7720
7660
7828
7849
7874
7669
7795
7864
7857
0
0
7859
0
7425
7812
1031
7855
7868
0
0
1218
0
7874
7788
0
872
0
0
0
0
7375
8144
1198
0
0
0
0
0
7660
0
7788
7798
7660
0
0
8441
0
0
0
0
8061
0
8049
0
8091
8583
631
8013
7965
7970
8013
8042
0
0
7993
8011
8070
0
8104
7288
8082
8082
427
7929
8100
8019
8061
8019
7989
8011
8026
7970
8054
429
631
0
8073
506
7884
7952
8048
0
7882
726
8076
7965
0
8062
0
518
7294
7985
0
7965
8026
7893
7294
7933
0
8036
7288
8100
8013
415
8062
0
7939
8042
7879
726
7898
0
8060
0
7995
0
8026
0
7880
0
7880
8003
429
0
0
8631
8068
8045
7893
0
0
8055
8042
376
8036
7916
695
8057
676
0
7946
0
8093
0
0
631
7933
631
0
8062
495
8012
0
8054
0
8099
404
8003
0
7860
7999
726
0
7894
506
8718
8105
8070
407
8070
0
0
0
7952
8091
8013
0
7952
0
7933
407
8070
8100
7879
7916
0
0
7880
518
8062
427
709
709
0
7860
0
0
7965
8105
8013
8105
0
0
8026
0
0
7860
0
0
7989
8645
0
8543
0
0
7882
0
427
7989
0
0
0
0
7999
8045
8061
7880
0
0
0
8689
0
0
0
7916
0
7946
7960
0
7989
7984
0
0
527
404
8105
7970
8718
7982
8048
0
709
0
8082
726
0
8034
478
0
0
8100
8100
631
0
0
7213
407
7939
653
8003
8034
0
8112
0
0
8250
0
8322
8166
8135
7570
0
0
8224
0
0
0
0
0
0
0
0
0
0
0
8176
0
0
0
0
0
8280
8317
0
8282
7375
0
0
8238
0
8383
0
0
0
8238
0
0
0
0
0
0
8361
8438
0
0
0
7444
8188
0
0
0
8327
0
8368
0
0
0
0
0
0
8336
0
0
8364
0
0
0
0
0
9889
0
8288
0
0
0
0
0
0
7516
8402
8327
0
0
0
0
0
8128
0
0
0
0
0
0
0
8282
0
8191
8426
0
7417
0
0
0
0
0
0
8238
0
0
8123
0
0
8153
0
0
0
8246
0
8345
9980
0
0
0
0
0
0
8304
0
8288
0
0
7545
0
0
0
8426
0
0
0
0
0
8435
0
8259
8273
8288
8182
8224
8182
0
8309
0
0
0
8422
0
8177
0
0
0
0
0
0
0
0
0
8170
0
0
8229
0
8133
0
0
0
0
0
8417
0
0
0
8317
8327
0
0
0
0
0
0
0
8222
0
0
8376
8114
8395
0
0
8208
7375
0
0
0
0
8154
0
0
0
8211
8221
0
0
0
8309
0
0
8115
0
0
0
0
8179
0
0
0
0
0
0
8339
8427
8258
0
0
8324
0
8228
8326
0
0
8374
0
0
8216
0
0
8226
0
0
0
0
8420
0
0
0
8422
0
0
0
0
7790
0
8446
0
0
8224
8206
0
0
8213
0
0
0
0
8197
0
8238
0
0
0
0
0
0
0
0
0
0
8213
8158
8282
8243
0
0
8323
8154
0
0
0
8428
7769
0
0
0
8432
0
0
0
0
0
0
0
8376
0
0
8422
0
0
0
0
7449
0
0
8455
0
0
8432
0
0
0
0
0
0
0
8231
7374
0
8214
0
0
0
0
0
0
0
0
0
8711
0
0
8725
8653
0
0
8489
8494
0
8570
0
0
0
0
0
0
0
0
0
0
7285
0
0
0
0
8501
0
0
0
0
0
7296
8684
0
0
8720
0
0
0
0
0
0
0
0
0
0
0
8683
0
8677
0
0
0
0
0
0
8583
0
0
0
0
8471
8774
0
8488
0
8792
8689
0
8505
7036
0
0
0
0
0
0
0
7894
8640
8787
0
0
0
8774
8507
8472
0
8640
0
7984
0
8573
8045
8733
0
0
8596
0
8794
0
0
0
0
0
0
0
8471
0
8641
8762
0
0
0
0
8789
0
0
0
8787
7100
0
0
0
0
8637
7023
0
7999
0
0
0
8057
8797
8571
8614
8690
0
0
8509
0
0
0
7290
0
8733
0
0
0
0
0
0
0
0
0
0
0
0
8645
0
8789
0
8507
8718
0
0
8777
8468
0
0
0
0
8661
0
0
8483
8688
0
0
0
0
8789
0
0
0
8687
0
0
0
0
0
0
0
8631
0
0
8666
7297
8747
0
8696
0
0
0
0
8790
8640
8702
0
8680
0
0
8607
0
8743
0
0
0
0
8457
0
0
0
0
0
0
0
0
8794
0
0
0
0
0
7305
0
0
0
0
0
0
0
8544
0
0
0
8748
0
8508
0
0
0
0
0
7226
0
0
0
0
0
8691
0
0
0
0
8541
0
0
8734
0
0
8791
0
0
7226
0
0
0
0
8604
0
0
0
8544
0
7285
8647
8542
8767
7999
0
0
7882
8647
0
0
8609
8717
0
0
0
7301
0
8677
8725
0
8782
0
0
0
0
7305
0
8505
8609
0
0
8725
0
0
0
8512
0
0
0
0
0
0
8796
0
0
0
0
0
0
0
0
0
8729
0
0
0
0
0
0
9025
5900
0
0
0
0
5999
8892
0
8831
0
8992
8878
8951
9104
0
9114
0
0
0
9108
8929
8929
6707
0
0
0
0
9056
0
9171
8985
0
0
5963
0
9041
8904
0
9173
0
0
0
0
0
0
8943
0
0
9079
6696
9143
6776
0
9127
0
0
0
0
0
0
0
8980
0
8905
0
0
9115
9071
0
0
8905
0
8977
6725
8944
8971
0
0
8855
0
0
0
0
0
0
5948
0
0
8952
0
0
0
0
0
9156
9132
6662
0
0
0
0
0
0
8905
0
8867
6574
8973
0
0
0
8929
9012
0
0
5864
0
0
8993
0
8904
8869
8978
0
8822
0
0
9497
5948
0
0
0
0
0
8952
8859
9012
6720
0
0
0
0
8945
9044
0
6651
0
0
9039
0
0
0
0
0
8905
9056
0
0
0
8929
0
8820
6719
0
0
0
9003
0
9093
0
0
9003
0
8860
0
8903
0
0
0
0
0
0
0
0
0
8871
0
0
0
0
0
9127
0
0
9025
0
0
0
6719
0
0
6726
0
0
0
9063
8942
9141
0
8892
9107
9106
0
0
9064
0
0
0
0
0
0
0
0
0
0
0
0
6727
0
0
0
0
8927
0
0
8964
9010
6679
0
0
0
0
9068
0
9118
0
0
6663
0
9012
0
0
0
9064
0
0
9172
0
0
0
9025
9053
8867
6696
0
0
0
0
0
8927
0
0
8871
0
0
0
0
9099
0
0
0
9099
0
8953
0
0
0
0
9064
0
9130
0
0
0
0
0
0
6574
0
9099
0
0
0
0
0
0
0
0
0
0
0
0
0
8995
0
9263
8951
0
0
0
6723
9064
0
0
0
8905
9038
0
0
6614
0
8807
6719
0
0
0
0
9010
5900
0
9141
0
0
0
0
8921
0
6616
0
0
0
9115
0
0
0
0
0
6638
0
0
0
0
9193
0
9249
0
9220
0
0
0
0
0
0
0
0
9193
0
9012
0
0
0
0
0
0
0
0
0
9493
0
0
0
9543
9493
0
0
0
0
0
9490
0
0
0
0
0
6260
0
0
0
0
0
0
0
9393
0
0
0
9201
0
9209
0
9387
0
9284
0
0
9332
0
0
0
9356
0
9176
9292
9385
0
9263
0
0
0
0
0
9490
9540
0
9439
9381
0
0
0
9345
0
0
0
0
9364
9490
0
9362
0
0
0
9445
9209
0
9472
0
0
9195
0
0
0
0
0
9436
0
0
0
9324
9364
0
0
9379
9534
9367
9436
0
0
9390
0
9328
0
0
9497
0
9317
0
0
0
9471
9273
9522
0
0
0
0
6431
9182
6529
6050
9339
0
0
0
9490
0
0
0
9239
9341
0
0
0
0
0
0
9552
0
0
0
0
9374
0
0
9454
0
0
6037
0
0
9535
9210
6037
0
0
0
0
0
0
0
0
9433
0
9184
9482
0
0
0
0
9344
0
0
0
0
9220
6471
6474
0
9543
0
0
0
9180
0
0
0
9240
0
0
0
9497
0
0
0
0
0
0
9499
9375
9522
9450
0
0
0
9422
9379
9448
0
0
0
9362
0
0
6037
0
0
0
0
0
9510
0
9230
6231
9348
9367
9460
0
0
0
9562
0
0
0
0
0
9339
0
0
9210
0
9192
9497
9627
0
0
0
0
0
0
9310
9361
9288
0
0
0
9259
0
9488
0
0
0
0
0
0
9369
0
9317
9579
9506
0
0
9337
0
9536
9122
0
9550
9304
6043
0
0
9357
9202
0
0
0
0
0
0
0
0
0
0
0
9550
0
0
0
0
9272
0
0
9471
0
0
9448
9488
0
0
0
0
0
0
0
0
9485
6180
0
9236
9298
0
9510
0
0
9387
9393
0
9292
0
0
9251
0
0
0
0
9215
0
0
0
9136
6133
0
0
0
0
9185
9192
0
0
0
0
0
0
0
0
0
0
0
0
0
0
0
9635
0
0
0
0
0
0
0
0
0
9575
0
0
0
0
0
0
0
0
9633
0
0
0
0
0
0
0
0
0
0
0
0
0
0
0
0
0
0
0
9674
0
0
0
0
0
0
0
0
0
0
0
0
0
0
0
0
0
0
9554
0
0
0
0
0
0
0
0
0
0
0
0
0
0
0
0
0
0
0
0
0
0
9641
0
0
0
0
0
0
9810
0
0
0
0
0
0
0
0
0
0
0
0
0
0
0
0
0
0
0
0
0
0
0
0
0
0
0
0
0
0
0
0
0
0
0
0
0
0
0
0
0
0
0
0
9664
0
9728
0
0
0
0
0
0
0
0
9726
0
0
0
0
0
0
9713
0
0
0
0
0
0
9810
0
0
0
0
0
0
0
0
0
0
0
0
0
0
0
0
0
0
0
0
0
0
0
0
0
0
0
0
0
0
0
0
0
8513
0
0
0
0
0
0
0
0
0
0
0
0
0
9804
0
0
0
0
0
0
9753
0
0
0
0
0
0
0
0
0
0
0
0
0
0
0
0
0
0
0
0
0
0
0
9795
0
0
0
0
0
0
0
0
0
0
0
0
0
0
0
0
0
0
0
0
0
0
0
9883
0
0
0
0
0
0
0
0
0
0
0
0
0
0
0
0
0
0
0
0
0
0
0
0
0
0
0
0
9803
0
0
0
0
0
9750
0
0
0
0
0
0
0
0
0
0
0
0
0
0
0
0
0
0
0
0
0
0
0
0
0
0
0
0
0
0
0
0
0
0
0
0
0
0
0
0
0
0
0
0
0
9953
0
0
0
0
0
0
0
0
0
0
0
0
0
0
0
0
0
0
0
0
0
0
0
0
0
0
0
0
0
0
0
0
0
0
0
0
0
0
9889
0
0
0
0
0
0
0
0
0
0
0
0
0
0
0
0
0
0
0
9970
9900
0
0
0
0
0
9955
0
0
0
0
0
0
0
0
0
0
0
0
0
8176
0
0
0
0
0
0
0
0
0
0
0
0
0
