105
113
105
1370
105
113
112
116
170
113
123
0
123
0
0
0
0
140
259
1310
113
0
0
170
1185
0
45
1331
25
48
25
0
79
73
25
25
1310
1313
0
25
1317
16
259
105
1185
0
25
3996
0
25
0
113
0
0
1185
123
0
123
0
0
105
113
1370
25
0
113
116
0
113
89
123
0
25
0
13
45
48
48
1310
0
0
105
1310
25
0
357
105
0
1434
0
259
0
0
14
113
162
1310
0
1185
25
105
162
1199
113
1370
0
1310
25
3996
259
1185
1310
0
0
25
25
0
113
1370
89
152
317
297
0
170
1185
1185
492
123
368
1185
0
614
0
368
368
1185
266
614
256
0
0
0
140
0
368
259
123
368
123
317
1185
0
259
0
1185
0
368
259
123
171
1185
0
368
234
1185
0
368
1185
348
0
0
368
4008
4008
4008
368
0
256
269
1185
368
123
1185
259
140
273
368
1185
1185
0
1185
368
317
1185
256
1185
3996
368
170
313
317
368
0
1185
0
368
256
0
1185
368
368
140
1185
154
0
368
297
0
259
360
3813
234
1185
368
317
492
368
368
140
368
1185
123
259
0
343
256
1185
0
368
0
375
368
4008
368
317
1185
0
170
3996
317
0
580
368
256
141
0
0
123
0
123
123
1185
368
1185
273
0
1185
80
0
256
360
0
0
1185
203
1185
1185
1185
1185
1185
0
327
1185
1185
1185
368
0
1185
4008
368
1185
368
317
238
368
1185
0
3996
1185
614
368
1185
1185
1185
1185
123
317
190
0
368
256
269
0
360
3996
368
0
1185
140
1185
1185
1185
256
1185
297
317
0
140
1185
256
140
1185
1185
171
1185
170
317
309
4008
256
1185
215
0
140
563
313
123
0
259
177
4008
4008
256
1185
123
368
0
140
1185
0
0
123
0
170
1185
123
1185
0
259
97
1185
154
1185
1185
0
170
256
317
614
1185
317
0
538
503
527
1185
595
0
361
479
1185
0
595
654
527
538
348
0
527
709
709
527
3813
1063
480
0
3813
480
3813
1185
3894
538
1185
527
1185
269
595
3813
0
3813
1063
443
0
683
0
480
595
1063
1063
1063
1185
678
3813
0
492
3890
538
1063
1185
425
0
480
0
503
1185
538
480
0
709
527
1185
434
538
0
709
0
503
480
538
443
1063
527
480
1185
0
595
538
596
595
1063
503
595
538
538
595
614
0
480
0
0
1063
0
527
614
1063
527
205
709
527
709
0
0
595
1185
527
1185
503
521
0
0
503
3894
0
595
595
1063
690
653
0
142
503
1185
1185
0
527
509
503
595
527
1185
0
595
595
527
595
154
0
503
595
1063
0
527
595
1185
1063
527
596
0
503
1185
503
527
595
1185
1185
614
492
480
480
595
1063
1185
1063
1185
527
1185
3813
503
480
503
503
1185
0
614
527
538
503
538
595
527
480
538
0
527
717
492
527
154
480
0
269
527
480
678
538
538
595
538
527
0
527
527
480
538
0
0
527
527
595
527
614
456
480
1185
480
479
503
480
527
527
0
709
1185
0
538
538
1185
0
1063
3894
538
670
709
709
0
709
709
884
766
3894
0
3894
0
953
0
735
679
0
659
678
3894
682
0
884
670
0
679
735
709
682
0
678
0
0
0
872
521
538
0
538
709
0
538
1063
851
0
709
0
0
0
709
682
884
3894
815
0
860
0
0
521
709
0
0
500
766
709
709
1063
682
0
538
709
709
0
709
709
935
0
3771
0
670
0
709
538
682
1063
735
670
0
670
0
1063
3894
953
709
682
0
3894
709
0
0
682
921
0
0
709
3894
670
1063
659
3894
682
503
3894
0
646
3771
709
813
958
3771
872
953
872
872
872
872
3771
872
709
772
958
1999
2063
0
872
3771
1063
884
893
1063
2063
1063
872
958
0
0
958
923
0
958
0
0
893
2095
2063
958
958
958
1063
872
884
901
1063
2137
0
3771
2137
921
958
0
958
2063
958
1063
2137
1063
1063
953
2063
0
935
773
893
1063
813
958
0
3771
872
0
813
0
0
0
872
669
958
2063
3771
0
872
1963
0
0
872
872
2063
2063
860
872
958
958
2063
872
958
958
2063
982
872
958
725
935
957
1063
872
3771
0
872
2063
0
786
893
872
901
1063
1063
725
2137
0
872
0
0
1063
2063
872
872
1063
895
2025
662
0
1063
958
872
791
958
2063
0
958
2095
0
724
0
958
3771
2095
958
0
791
3771
872
0
958
0
958
872
2137
2063
1063
0
935
958
953
2137
0
0
872
958
958
1063
1063
1063
2095
958
2137
927
1063
3771
872
0
0
0
958
2137
872
0
872
872
3771
786
884
3771
872
0
958
2137
958
958
0
958
872
872
872
935
0
643
958
958
2137
872
927
0
2063
872
872
0
0
872
824
872
872
2095
958
0
958
0
872
958
958
0
2063
848
3771
2063
813
946
958
893
2063
872
0
1063
1063
1063
1063
1063
1063
1063
1063
1063
1063
1063
1063
1063
1063
1063
1063
1063
1063
1063
1063
1063
1063
1063
1063
1063
1063
1063
1063
1063
1063
1063
1063
1063
1063
1063
1063
1063
1063
1063
1063
1063
1063
1063
1063
1063
1063
1063
1063
1063
1063
1063
1063
1063
1063
1063
1063
1063
1063
1063
1063
1063
1063
1063
1063
1063
1063
1063
1063
1063
1063
1063
1063
1063
1063
1063
1063
1063
1063
1063
1063
0
1063
1063
1063
1063
1063
1063
1063
1063
1063
1063
1063
1063
1185
1185
1185
1185
1185
1185
1185
1185
1185
1185
1185
1185
1185
1185
1185
1185
1185
1185
1185
1185
1185
1185
1185
1185
1185
1185
1185
1185
1185
1185
1185
1185
1185
1185
1185
1185
1185
1185
1185
1185
1185
1185
1185
1185
1185
1185
1185
1185
1185
1185
1185
1185
1185
1185
1185
1185
1185
1185
1185
1185
1185
1185
1185
1185
1185
1185
1185
1185
1185
1185
1185
1185
1185
1185
1185
1185
1185
1185
1185
1185
1185
1185
1185
1185
1185
1185
1185
1185
1185
1185
1185
1185
1185
1185
1185
1185
1185
1185
1185
1185
1185
1185
1185
1185
1185
1185
1185
1185
1185
0
1185
1185
1332
1639
0
1310
1426
1310
1434
0
1310
1394
1360
0
1325
1321
1325
1426
0
1394
1321
1321
1370
1434
1426
1528
1426
0
1332
1321
58
1384
1310
0
1426
1310
1321
1384
1434
105
0
1325
1434
89
0
1523
1434
1394
1325
1553
0
1370
1332
1310
1370
1332
0
1434
1434
1370
1321
1426
1332
1332
1310
1434
1639
1310
1310
1321
1321
1321
1325
1321
1226
1434
1332
1325
1434
1321
0
1434
1426
1317
1310
3452
1310
0
1426
1321
1434
1434
1310
1332
1325
0
1321
1394
1325
0
1331
1310
1321
1325
1310
1426
1434
140
1394
1434
1599
1310
1310
1321
1332
1332
1360
1321
1332
1434
0
1394
1434
1321
0
1434
1310
0
0
0
1426
0
1310
1639
1363
0
1332
1325
1321
0
1321
0
105
1332
1325
0
0
1434
1325
0
0
105
0
105
1434
1434
1325
1434
1360
1332
1199
1325
0
1332
1310
1321
3452
1321
1639
1325
3517
1321
0
0
0
1394
1310
0
1321
1434
1313
1321
1426
1281
0
3487
1370
1434
1434
1384
1434
1310
1321
1434
1325
0
3452
1310
0
1426
0
0
1321
1310
1370
1332
1332
1332
0
1310
1434
1434
1434
1310
0
1332
1310
1321
0
89
1321
1321
1434
1321
1426
105
0
1310
1325
1332
1434
1310
1310
1310
1310
1310
1331
1325
0
1370
0
0
1321
1325
1426
1332
1310
1321
0
1310
1332
0
1426
1310
0
1394
1310
0
1528
1584
3439
1321
3439
3439
0
1639
0
3439
0
1505
1569
1545
0
1645
1639
1639
1481
1454
0
1584
1569
1584
1628
1575
2849
1569
1639
2861
1589
1321
1452
1321
1584
0
1625
0
1569
1505
1486
1569
0
1569
3439
1458
1321
1770
3439
1440
1639
1481
1770
1625
1625
1770
1513
1545
1569
2850
1321
0
1569
0
1638
1513
1770
3439
1639
0
1625
1589
2879
1639
2826
1625
1770
2842
1639
0
1569
0
2879
0
0
1625
1321
0
3439
2879
1381
1770
1321
1545
1569
1770
1639
2849
1452
1770
1574
0
1574
1569
1452
3439
0
1545
1569
0
0
0
1569
0
0
1639
2861
1639
1770
1569
1639
1639
3439
0
1569
0
0
1569
1653
0
0
0
1452
1569
1569
1653
1486
1639
0
3439
0
1639
1574
0
3439
0
1569
3439
1569
1321
3439
1639
0
1569
1639
0
1545
0
1639
1569
1452
3439
1452
0
1513
0
2826
1653
1770
1553
0
1625
2819
0
0
1321
1653
1625
1452
1625
3439
0
1321
2849
0
0
3439
1770
1426
1584
0
1639
1639
1639
0
0
1569
1321
1321
1321
1545
0
1639
0
1639
1625
1569
0
1639
0
3439
2879
1569
1625
1639
1653
0
1426
1321
1321
1574
2879
1452
3439
1639
1625
1528
0
0
1625
1639
1321
1584
1770
1653
1770
1770
1770
1770
1770
1770
1770
1770
1770
1770
1770
1770
1770
1770
1770
1770
1770
1770
1770
1770
1770
1770
1770
1770
1770
1770
1770
1770
1770
1770
1770
1770
1770
1770
1770
1770
1770
1770
1770
1770
1770
1770
1770
1770
1770
1770
1770
1770
1770
1770
1770
1770
1770
1770
1770
1770
1770
1770
1770
1770
1770
1770
1770
1770
1770
1770
1770
1770
1770
1770
1770
1770
1770
1770
1770
1770
1770
1770
1770
1770
1770
1770
1770
1770
1770
1770
1770
1770
1770
1770
1770
0
1770
1770
1770
1770
1770
1770
1770
1770
1770
1770
1770
1770
1770
1797
1797
1797
1797
1797
1797
1797
1797
1797
1797
1797
1797
1797
0
1797
1797
1797
1797
1797
1797
1797
1797
1797
1797
1797
1797
1797
1797
1797
1797
1797
1797
1797
1797
1797
1797
1797
1797
1797
1797
1797
1797
1797
1797
1797
1797
1797
1797
1797
1797
1797
1797
1797
1797
1797
1797
1797
1797
1797
1797
1797
1797
1797
1797
1797
1797
1797
1797
1797
1797
1797
1797
1797
1797
1797
1797
1797
1797
1797
1797
1797
1797
1797
1797
1797
1797
1797
1797
1797
1797
1797
1797
1797
1797
1797
1797
1797
1797
1797
1797
1797
1797
1797
1797
1797
1797
1797
1797
1797
1797
1797
1797
1797
1797
1797
1797
1797
1797
1797
1797
1797
1797
1797
1797
1797
1797
1797
1797
2010
3100
2164
2097
2164
2245
1976
3100
2063
3149
2095
0
3100
2137
2164
2164
1969
2164
2045
3149
2137
2097
3149
2164
2164
3149
2097
2245
2095
2203
3100
2156
2255
2097
2137
2238
0
1955
3100
2118
2095
0
2095
0
2095
1955
2164
2097
2089
3100
2137
0
2097
2095
2063
2182
2164
0
2095
3100
0
3068
2078
3161
0
3149
2137
3068
2137
2095
2211
3149
2095
2095
2164
3100
2097
2095
2245
2097
2095
0
2137
2097
2095
3100
0
0
2118
2063
2137
0
3100
2137
2045
2036
2164
2025
0
2097
2245
2095
2238
0
2097
2245
2097
2164
2095
2095
2164
2097
2095
0
901
0
2097
2095
2095
2137
2097
2095
2211
3100
0
2097
3149
3068
2095
3100
2209
3100
2245
0
1923
2097
2245
2264
2245
0
2097
2097
3100
2045
2137
1998
3068
2095
2164
2164
2095
0
2141
3100
3149
3100
3100
3100
0
2097
2045
3149
3100
2095
3100
2097
0
3100
0
3100
2097
2036
0
2164
2141
2164
2095
0
2095
2095
3149
2095
2118
0
2220
0
3149
2164
3100
2194
2137
3100
2141
2097
2137
2095
2164
2095
2137
2137
2164
2164
3720
3720
2025
2045
0
2095
0
2097
2164
1972
3149
2095
2238
2095
2097
3149
2164
2245
2164
3100
3149
2095
2164
0
2097
3100
2095
0
2063
2255
2220
2141
2063
3100
2245
2245
2095
2095
3100
2164
2095
2095
0
2238
2164
3100
0
2245
1998
2141
0
0
2263
0
0
2238
0
2263
2141
2258
0
2097
2245
0
2238
2245
2263
2209
0
3068
2206
2097
2238
0
2263
2206
2220
2097
2245
2263
0
2263
2245
2238
0
2206
2206
2097
0
0
2245
2206
0
2245
0
0
2097
0
2203
2472
2097
2263
2238
2238
0
2209
0
2251
2097
0
2263
0
2263
3068
2263
2258
2245
0
2245
2218
0
2238
2238
2246
0
2245
2206
0
2263
0
2263
0
0
2263
2245
0
2238
0
2245
2292
0
0
1998
2238
0
2206
0
2097
2206
0
0
2263
2438
1797
0
0
2423
2438
1797
1797
0
2438
2423
2433
2309
2438
1797
2220
2494
2438
2350
2438
2494
2423
2438
1797
0
0
0
1797
2992
1797
2423
0
2592
1797
3068
2428
0
2438
2438
2361
2423
2423
2438
0
2423
2438
0
0
2428
2350
2274
2309
1797
2592
3068
2438
0
1797
2457
2350
2313
2438
2433
2438
2423
1797
1797
2423
3040
2592
2350
2513
2992
2438
0
1797
2423
2592
2313
2401
2438
2274
2274
2428
0
0
1797
2274
2438
2423
2457
2513
1797
2350
2423
0
0
2457
0
2269
2423
2992
1797
0
1797
2350
2309
2438
1797
2992
2438
2438
2350
2438
1797
2696
2423
1797
2423
2423
2424
2992
2670
2438
2401
1797
0
2428
2274
0
0
2423
1797
0
1797
0
2438
2274
2423
0
0
1797
2238
2350
0
2592
2251
1797
2433
2423
0
2350
2992
2438
1797
2401
0
0
0
2423
2401
2428
0
1797
2423
2350
0
0
2992
2423
2274
2350
0
2438
2423
0
2350
1797
2457
1797
2309
1797
2309
2423
2423
2097
2350
2438
2438
2309
0
0
2238
2457
2457
1797
2438
2438
2438
2438
2396
2424
1797
2438
2438
2423
0
2438
1797
2670
1797
2992
2423
2507
2097
0
1797
1797
2992
2309
2992
2274
2592
2423
1797
2423
2438
0
0
2438
2457
2438
1797
2438
2992
0
2313
2401
2670
0
0
0
0
2423
2438
2438
2992
0
2274
2438
2423
2097
2992
0
2638
2670
2670
2807
2638
2592
2592
2670
1770
2641
2592
0
2670
2670
2691
0
1770
2592
1770
2592
2659
2742
0
0
1797
1770
2592
2592
2312
2361
2592
1770
2638
2592
0
2592
2883
2883
2771
2742
2638
1770
1770
2691
1770
2592
1770
2926
2670
2543
2971
2670
2691
2670
2667
2670
1770
2670
2592
2819
2670
2592
2630
2742
1770
1770
2670
0
1770
2638
2696
2587
0
2672
0
2659
2638
2638
1770
0
0
0
2670
2814
0
2940
2851
2763
2659
2971
2710
0
2587
2656
2750
1770
2670
1770
2819
1770
2638
2587
2638
2656
0
1770
2696
0
2659
2600
0
2641
1770
2670
1770
2696
1770
2670
0
2670
2691
0
2696
2641
2592
2630
1770
2592
2594
2592
2763
2592
1770
2659
2656
1770
0
1770
2696
0
2600
2592
2940
2696
2691
2696
1770
0
2691
2883
0
2670
0
2656
2807
2656
2819
2699
0
2670
2659
2587
2696
2750
2696
1770
0
2592
2670
2587
2592
0
2428
0
2638
2592
0
1770
1770
0
2592
2592
2592
2940
0
2638
2763
2638
2819
0
0
2587
2543
0
2940
2763
2638
2691
2601
2691
2926
2592
2696
2630
2728
2696
2670
2638
0
2670
2592
1770
2670
0
2819
1770
2535
2940
2971
1770
2763
2592
0
2926
1770
2592
0
2670
2638
2638
0
2926
2696
2641
2742
0
2638
2670
0
2696
2940
2592
2587
0
2638
2940
2696
2656
1770
1770
1770
0
1770
1770
2638
2638
2670
2670
2594
0
0
1575
0
2849
2819
1672
0
2849
2849
0
2849
0
1625
2819
1625
0
2849
1653
2819
2850
1653
0
2638
2849
2819
0
2849
0
2868
0
0
2839
2604
0
0
2940
2849
1625
2851
0
2849
2940
2801
2839
1625
2638
0
1653
2847
1625
2851
1625
0
1625
2849
2879
0
0
2843
0
0
2819
0
0
0
2849
2535
0
2850
0
0
0
2791
1770
0
1625
2849
0
2819
2863
2843
0
1653
0
2850
0
2850
2638
0
2791
1770
2879
0
2819
2839
2587
2879
1653
2865
0
1770
2971
2926
0
2940
2940
2971
2971
2971
2926
3006
3270
2971
2940
2971
3006
2926
2926
2926
2971
2971
2971
2926
2926
2926
2971
2592
2971
2883
2883
2971
2587
2926
3270
2940
2971
2926
3006
3270
2971
2940
2971
2883
2940
2926
2926
0
3270
2940
2940
2971
2971
2926
2940
3270
2883
2691
2971
2926
2883
0
2926
2971
3270
2940
2971
2926
3006
3037
2926
2971
3037
2691
2940
2926
3270
3006
2971
3037
2883
3037
2940
2926
3006
2971
3270
3006
2971
2592
3037
2971
0
2592
2592
2883
2926
2926
2926
2883
3270
2926
2971
2971
3053
3053
2992
3053
3053
3052
2238
3040
3053
0
2245
3006
3037
3037
3068
3053
3052
3052
3053
3193
2592
3006
3198
0
3040
3052
3193
3068
3040
2992
3053
3037
3006
2992
2992
3193
3053
3052
2423
3053
2992
3040
2992
3040
3040
3052
3040
2423
3053
2245
3052
3053
4503
2992
0
3053
3053
0
3040
2423
3006
2992
3053
3040
2992
3198
3053
3052
3053
0
0
3193
3193
2245
2245
3100
3100
3100
3100
3720
3068
3068
3100
3100
3720
0
3161
3100
3068
3117
3100
3203
3100
3161
3203
3098
3161
3161
3161
3117
3100
3098
3117
2164
3100
2164
3068
3117
3117
3149
3117
3117
2245
3117
2164
0
3098
0
3100
3098
3100
3068
3100
3117
3720
3161
2164
2164
3161
3193
3149
3098
3161
2164
0
3100
3100
3203
3100
3117
3149
3720
3720
3100
3117
3068
3068
3720
3068
3161
3720
3068
3098
3117
3720
3098
3720
3193
3068
3203
3068
3100
3117
2238
2164
3117
0
3149
3161
3117
3117
3098
3068
3068
3149
3100
3720
3098
0
3149
3161
3222
3193
3198
3193
3193
3053
3198
3193
3198
3222
3222
3222
3222
3193
3222
3198
3161
4503
3161
3203
3720
3198
3198
3193
4200
3198
3193
3198
3198
0
3198
4597
3198
4200
0
3203
3161
4503
3068
0
3222
3161
3193
3198
3203
3117
3203
3098
3193
3198
3222
3117
3222
4689
3198
3053
3222
3006
0
3193
3193
3193
3222
3193
3193
3222
3222
3040
3193
3198
3193
3203
3222
4488
2971
3360
3270
3243
3243
0
3270
3243
3270
3243
3006
2926
3243
3270
2971
2971
3270
3270
3312
3243
4488
3243
3243
3312
3270
3270
3324
3270
3270
3243
3312
3006
0
4488
2940
3243
3312
4488
3243
2940
3385
3243
3243
3312
3270
3324
3385
3270
2883
3270
4434
3243
2971
3243
3270
2971
3324
2971
3324
3270
3312
3312
3270
3312
3270
3312
2971
2971
3243
3243
3243
2971
3243
3270
0
3312
2971
3270
3312
4434
2971
1625
3452
3385
3324
3385
0
3385
1569
1569
1569
3385
3439
3324
3439
1639
1625
3439
3439
3439
3324
3439
1569
3385
3360
3385
1625
1569
3385
3452
4488
1625
3452
4488
3324
3452
1569
1569
1625
3452
3439
3385
0
3385
4488
1569
3385
3452
3360
3385
3360
1426
3452
1569
3360
3439
1569
3312
1569
1426
1569
3324
3385
1569
3385
1569
2819
0
4488
3439
3324
1569
3452
1569
3439
3324
3385
3452
3324
3452
3324
3439
3439
1569
1569
1569
3312
3385
3324
3324
2819
1569
3324
3452
3312
3324
1569
1569
3385
3324
3385
3439
3360
1569
3439
1569
3439
3452
3439
3385
3439
3439
3324
1426
3360
1625
3439
3439
4421
1569
3312
0
1569
1426
1569
3324
3452
3593
1310
3452
3452
3487
3593
3452
0
3511
3452
3517
3487
1310
3557
3517
3557
3452
3517
3487
3557
3517
3585
3452
3452
3517
3557
3517
3517
1310
3452
3517
3593
3452
3452
3557
3452
3517
3593
3517
3452
3511
3620
0
3487
3620
3511
3511
3517
3487
3593
1426
3517
3996
3487
3557
3452
3487
3452
3517
3517
3487
3593
3487
3511
3517
3511
0
3487
3517
3511
3452
3452
0
3585
3996
3452
3452
3487
3557
3996
3517
3557
3452
3517
1426
3557
1310
3511
3511
1426
3452
3517
3452
3511
3487
1426
3452
3585
1310
3511
1426
3452
3487
3557
3511
3593
3593
3517
3517
3487
3517
3557
0
4364
1310
3585
3517
3452
3517
3557
3487
3571
3585
3585
3593
3593
0
3620
3585
4272
4002
3571
3593
3620
3593
3620
4002
3585
3585
3620
0
3585
3585
3585
3571
3620
3585
3620
0
3585
3585
3620
3585
3620
3571
3593
3585
3585
3620
4002
3585
3585
3620
3585
3996
4002
3571
3593
4002
4385
3620
3511
3996
4002
3571
0
4272
3585
4002
3996
3585
3585
4002
3996
4002
3996
3890
3864
3658
3765
3864
3890
3765
3765
4174
3864
3688
3765
3890
3766
3774
3765
3688
3774
4200
3864
3900
3688
4200
3900
4174
3900
3890
0
3864
4115
3765
3774
3766
3864
3765
3890
3890
3765
3864
3864
3864
3774
3688
3900
3765
3774
3864
3766
3766
3765
3864
3900
3765
3771
3658
3771
3774
0
4200
3771
3766
3688
3720
3766
3766
958
3774
3771
3766
3100
3720
958
709
4200
872
3774
3771
3774
3766
3766
3720
872
958
3766
958
3766
3766
3771
3766
0
3771
3766
3774
872
3774
3771
3771
3100
958
958
3765
3771
3771
3766
3766
3771
3771
3771
4200
3720
872
3765
3774
872
3774
3774
4200
3766
872
3774
958
3771
3765
3766
4200
3774
3774
3765
3100
3765
3774
3765
4200
3766
0
0
3774
4200
3771
3720
0
958
3100
0
3766
3771
3774
3766
4200
3771
4200
3765
3100
4200
3720
3771
3771
872
3774
3766
3771
3774
3771
3774
3765
4180
958
4058
958
3771
3765
3765
3894
527
3920
3894
3890
3890
3864
3864
3888
3888
0
480
3981
3888
3894
3888
3920
3864
3900
3888
3888
3890
3813
3888
3888
3900
3658
3888
3813
3888
3920
3658
4160
3890
3888
3813
3981
3888
3864
480
3888
3813
480
3981
3888
3888
3658
480
3894
527
3920
3900
3888
4160
3813
3888
3864
3813
480
480
3813
0
527
3920
3920
480
480
3888
3888
3888
3813
3888
4160
3658
3658
4160
527
3900
3894
3894
3981
3920
480
3864
3890
0
3894
0
3890
3890
3890
0
480
527
3888
3920
4160
0
3888
3981
3920
3813
480
3813
480
3888
3981
527
3888
3894
3658
3813
3864
4160
259
4008
4002
0
4002
3585
3813
3888
4008
4002
3981
3996
256
3813
4008
256
3920
3585
3571
3920
3981
3996
3996
3996
4002
3813
3571
3585
4002
256
4002
4257
123
4008
3585
3996
3996
4002
256
4002
4002
4385
3996
4008
4002
3996
4002
256
4257
3585
3981
3585
3981
3996
4002
3981
3920
3996
4385
256
4002
3996
3996
3571
0
3585
3920
256
256
4002
3571
3920
317
3996
3920
4008
3888
3981
3585
0
3813
3585
3920
256
4385
0
4257
3585
3981
3996
3996
0
4002
3981
4002
3981
3996
4002
4008
3571
4257
4002
259
3920
3585
3585
3813
3571
4002
4385
256
3813
4008
3920
4008
3585
4385
3920
256
4257
4002
3996
3996
4160
4964
4058
4070
4174
4180
4180
4058
4060
4115
4174
4180
4115
4120
3900
4058
3920
4709
0
4160
0
4174
4186
4069
4069
4069
4738
4200
4160
0
0
4174
4973
4069
4180
4069
4120
4070
4160
4115
4120
4186
3774
4200
4109
3658
3864
4160
4958
4070
0
3766
3766
4180
4180
4160
4180
4058
4060
4090
4180
4115
4120
4257
4070
4964
4379
4709
4180
0
4186
4180
4109
4238
4120
0
3981
4058
4120
4174
0
4174
3864
4180
4069
4160
4174
4180
3658
4611
4238
4174
4069
4174
4070
4090
4200
4070
3688
4186
4120
4180
4160
4070
4160
4180
4180
4160
4070
4058
3658
4070
4115
4060
4160
4070
3774
3658
4180
4090
0
4738
4069
3920
4160
4109
3658
4058
4120
4174
4115
4989
4109
3766
0
4120
4109
3981
4058
4958
0
4160
3981
4958
4160
4160
0
3981
4090
4180
3658
4598
4611
4058
4958
4174
4120
4070
4958
3864
0
4973
4180
4070
4069
4090
4973
4375
4860
0
4350
4333
4375
4253
4364
4374
4333
4379
4253
4375
4272
4209
4892
3593
4350
4385
4537
4385
4537
4272
4537
3981
3571
4385
4374
4860
4379
4253
0
4374
4272
4903
4374
3593
4537
4345
4333
4449
3571
4379
4272
4272
4345
0
3511
4272
3620
0
4385
4343
4257
4537
4374
4350
4253
3981
4257
3981
4333
4385
4209
3620
0
4333
4882
4090
3593
4375
4892
4257
4375
4090
4284
3981
0
4272
4364
4333
4385
4345
4272
3593
4375
3920
4877
4364
4272
4903
3620
4253
4257
4364
4449
4253
4343
4333
4209
3981
4374
4374
4209
4272
4375
4449
4537
4903
4375
4209
4892
4284
4253
4903
4272
4537
4350
4253
4257
4350
4882
3511
4374
4364
3920
0
4343
4892
4090
4345
4333
4385
4374
4350
4375
0
3981
0
3593
4343
4385
4209
0
3593
4385
4350
4333
4253
4272
4253
4209
4343
4272
4374
4333
4272
0
4449
4385
4537
4272
4253
4333
4385
4374
4860
0
0
3593
4253
4333
0
4253
4257
4333
4333
3981
0
4374
4601
4488
4557
4421
4449
4572
4491
4421
4427
4676
4601
4421
3324
4421
4557
4676
4350
4572
4459
4437
4434
4491
4434
4572
4572
4421
4427
4488
4601
4841
4572
4491
3006
4437
0
4491
4434
0
4503
4459
0
4434
4491
4877
4503
4676
4437
0
4437
4491
0
4434
4427
4421
0
4427
4503
4441
4903
4844
4459
3324
0
4427
4557
4572
4449
3006
4841
4434
4421
4421
0
4449
4681
4437
4421
4557
4601
4427
3324
4437
4860
4459
4424
4449
4503
4488
4459
4557
4437
4676
4488
4601
3006
4459
4434
4572
4434
4676
4601
0
4503
4427
0
4537
4434
4557
4424
4449
4427
4488
4421
4503
4421
4557
0
4459
4537
4841
4449
4364
4449
4572
4572
4572
4491
4421
4488
4557
4449
4537
4841
4491
4434
4488
4434
4421
4427
4434
4424
4449
4557
3006
4437
4537
4601
4681
4557
4437
0
4537
4572
4572
4421
4434
4572
4459
4503
4421
4491
4421
4572
3360
4421
4491
3006
3360
4841
4421
0
4441
4488
4449
4676
4421
4437
4427
4572
4441
4421
4557
4601
4503
4434
0
4449
4434
4839
4903
4601
4641
4680
4598
4680
4644
4597
3222
4598
4676
4200
4676
4681
4680
4776
4611
3006
4676
4611
4611
0
0
4644
4601
0
3203
4641
4676
4503
4776
4598
4641
4676
4777
0
4676
4644
4738
4680
4689
4069
4503
4503
4689
4641
4738
4069
4676
4644
4069
4200
4844
4680
4503
3006
4844
4598
4597
4676
4641
4601
4644
4689
4503
0
4641
4689
0
4689
4832
4644
4689
4503
4689
4641
4597
4676
4689
4689
4681
4681
3006
4200
3222
4676
4681
4680
4680
4844
4676
4597
4681
3098
4738
4644
4644
4738
3203
4597
0
4780
4676
4601
0
0
3222
4709
4644
4644
4676
4598
4680
0
4680
4738
4676
4644
4597
4597
4597
4503
4503
4689
4689
4598
4676
4601
4503
4689
4680
4597
4503
0
4676
4641
4709
4689
4738
4611
4676
4680
4844
4680
4680
4832
4738
3222
4681
4709
4689
4777
4641
4709
4503
4641
4644
4644
4680
4738
4709
4676
0
4676
4680
4503
4503
4738
4680
4601
4598
4709
4644
4641
4503
4844
4681
4738
4641
4680
4777
4644
4503
4709
3006
4069
4689
4680
4200
4676
4680
4611
3006
4680
4611
0
4709
4680
4789
4863
0
0
4069
4681
0
4785
4867
0
4680
0
4790
4868
4868
0
0
4831
4813
4681
0
4868
0
4789
4785
4844
0
4867
4822
4993
0
4777
4789
4998
4777
4777
4947
4680
4789
0
4771
4611
0
4681
4999
4840
0
0
0
4611
4871
4830
4681
4449
0
4860
0
0
0
4572
0
4839
0
0
4920
0
0
0
4877
4877
0
0
4839
4841
4459
4839
0
4437
4822
4837
4437
4921
0
4437
4844
4845
0
0
4874
0
4860
0
4830
0
0
4877
4839
0
0
4889
0
4837
4903
0
0
4861
4940
4375
0
4845
0
4946
4940
4920
4284
0
4964
4920
0
4972
4989
4937
4946
0
4897
4860
4916
4892
4946
0
4375
4892
4920
4917
4892
4972
4874
4860
4917
4892
0
4882
0
0
0
0
0
0
4872
4973
4903
4379
4917
4917
4972
0
0
4379
4209
0
4892
0
4989
0
4973
4877
0
4882
0
4920
4903
4916
0
0
4789
4958
4930
4918
4964
4964
0
4946
4186
4954
0
4973
4973
4120
4918
0
0
4789
4186
4973
4946
4989
4060
4120
0
0
4777
4379
4186
4954
4120
4958
4947
4946
4937
4060
4379
4186
4964
4964
4972
0
4964
4186
4777
0
4958
4816
4120
4120
0
0
