-0.33180000  -0.32060000  -1.25000000  0.50627345  0  0  0 37  0.10490000  0.36758142  0.01219657  0.72155697  2  41  23.288433
-0.39340000  -0.27170000  -1.25000000  0.58537953  0  0  0 29  0.09580000  0.49975714  0.01682811  0.62996464  3  26  22.355471
-0.30450000  -0.29790000  -1.06490000  2.50000000  0  0  0 45  0.11740000  0.05141727  0.00213692  0.70134775  2  17  112.017878
-0.32900000  -0.34440000  -1.19080000  0.94910322  0  0  0 36  0.13220000  0.16991298  0.00623867  0.47666288  2  54  100.106920
-0.28490000  -0.39760000  -1.22290000  0.53646925  0  0  0 30  0.12950000  0.49745096  0.01875082  0.25688106  3  61  73.677189
-0.09650000  -0.30800000  -1.25000000  2.50000000  0  0  0 45  0.09730000  0.00051204  0.00051204  0.72516592  2  39  0.000000
-0.23980000  -0.39140000  -1.25000000  0.82923460  0  0  0 51  0.11000000  0.31648415  0.01612418  0.49824912  3  50  15.042880
-0.20720000  -0.43810000  -1.21160000  0.70288424  0  0  0 31  0.10450000  0.43036119  0.01063582  0.32581735  3  23  97.112014
-0.03900000  -0.47310000  -1.25000000  0.67572378  0  0  0 22  0.10500000  0.39550300  0.01299629  0.14171416  3  68  21.164255
-0.14740000  -0.42490000  -1.25000000  0.80645622  0  0  0 36  0.11900000  0.27050330  0.01202195  0.92579574  3  76  15.089519
-0.08650000  -0.48200000  -1.22440000  0.88709932  0  0  0 41  0.13220000  0.29568664  0.01107945  0.24071973  3  71  101.094489
-0.00140000  -0.47810000  -1.19520000  0.64074261  0  0  0 35  0.14610000  0.22594505  0.00974598  0.43870883  2  95  97.556572
-0.13610000  -0.46840000  -1.21950000  0.69158077  0  0  0 30  0.14830000  0.38578007  0.01220376  0.20995031  2  108  94.222720
-0.19370000  -0.39080000  -1.09030000  2.50000000  0  0  0 48  0.11190000  0.06820861  0.00248992  0.57748657  2  5  111.908202
-0.05960000  -0.40670000  -1.02760000  2.50000000  0  0  0 65  0.15370000  0.07803665  0.00305585  0.56887885  2  52  112.674632
0.21400000  -0.38670000  -1.25000000  0.84887542  0  0  0 21  0.07620000  0.17614355  0.00538931  0.43636481  2  21  10.726577
0.00540000  -0.30670000  -1.25000000  2.50000000  0  0  0 58  0.10340000  0.00058072  0.00058072  0.83895247  2  14  0.000000
0.22160000  -0.43380000  -1.21770000  0.66272130  0  0  0 40  0.14660000  0.23088259  0.00947423  0.37490376  2  68  94.378196
0.10260000  -0.43820000  -1.25000000  0.60496294  0  0  0 32  0.11490000  0.27458006  0.01504433  0.30754835  2  52  24.571616
0.09050000  -0.46900000  -1.19410000  0.73872083  0  0  0 40  0.14670000  0.28860478  0.00991591  0.39588124  2  69  94.743417
0.19930000  -0.35380000  -1.01530000  2.50000000  0  0  0 50  0.16210000  0.06414153  0.00222394  0.44390666  2  57  111.589470
0.07380000  -0.40750000  -1.03530000  2.50000000  0  0  0 67  0.16800000  0.07774737  0.00277701  0.68799946  2  63  111.482284
0.16940000  -0.26760000  -1.25000000  2.50000000  0  0  0 71  0.11690000  0.00069658  0.00069658  0.93753934  2  25  0.000000
0.01600000  -0.46960000  -1.25000000  0.69986816  0  0  0 32  0.09670000  0.37589048  0.01205847  0.25430813  3  40  22.027037
0.16330000  -0.42900000  -1.25000000  0.59149964  0  0  0 38  0.15870000  0.78152782  0.03785770  0.52735659  3  142  25.070438
0.26910000  -0.38970000  -1.18400000  0.92097743  0  0  0 21  0.13390000  0.17127705  0.00731131  0.42094960  2  63  101.104302
0.38610000  -0.29240000  -1.21080000  0.66217674  0  0  0 47  0.12400000  0.41820430  0.01128862  0.19165471  3  51  80.735366
0.32370000  -0.31940000  -1.25000000  0.69074035  0  0  0 38  0.08710000  0.21103105  0.00707827  0.74230723  2  24  14.385995
0.27130000  -0.39050000  -1.25000000  0.62318590  0  0  0 26  0.07920000  0.40270812  0.01277503  0.71876172  3  13  24.868079
0.32610000  -0.34840000  -1.19310000  0.78876370  0  0  0 33  0.13610000  0.27705487  0.01007385  0.35205174  2  47  79.499959
0.28430000  -0.29770000  -1.02920000  2.50000000  0  0  0 67  0.14220000  0.06525631  0.00207488  0.55861067  2  25  68.012132
-0.46850000  -0.12830000  -1.21450000  0.67284455  0  0  0 32  0.10390000  0.26435077  0.00950013  0.51660644  2  32  95.891005
-0.26350000  -0.19960000  -1.25000000  2.50000000  0  0  0 69  0.11100000  0.00069681  0.00069681  0.49521207  2  22  0.000000
-0.43850000  -0.06340000  -1.10760000  2.50000000  0  0  0 54  0.12280000  0.08444988  0.00342718  0.42936140  2  14  112.069129
-0.29030000  -0.03130000  -1.25000000  2.50000000  0  0  0 64  0.12220000  0.00068805  0.00068805  0.51504421  2  26  0.000000
-0.38960000  -0.10750000  -1.01030000  2.50000000  0  0  0 39  0.13500000  0.07713149  0.00273162  0.45272670  2  33  111.741176
-0.42140000  -0.20140000  -1.25000000  0.64042035  0  0  0 28  0.08450000  0.43389002  0.01250802  0.31572252  2  39  35.564815
-0.46960000  -0.03970000  -1.25000000  0.70700608  0  0  0 40  0.12470000  0.50590830  0.01873733  0.46306172  3  66  23.064030
-0.37070000  -0.24150000  -1.10600000  2.50000000  0  0  0 49  0.14480000  0.07775694  0.00334443  0.66632124  2  45  111.761031
-0.43180000  -0.21260000  -1.20330000  0.79929095  0  0  0 37  0.12310000  0.26073026  0.00855861  0.22115535  2  56  93.587688
-0.43150000  -0.14420000  -1.25000000  0.79287337  0  0  0 53  0.12000000  0.25203412  0.01049929  0.56608702  3  73  13.242967
-0.17030000  -0.07030000  -1.25000000  2.50000000  0  0  0 68  0.11630000  0.00061826  0.00061826  0.66622273  2  32  0.000000
-0.02390000  -0.08610000  -1.25000000  2.50000000  0  0  0 68  0.13420000  0.00069513  0.00069513  0.46764460  2  45  0.000000
-0.15150000  -0.22920000  -1.25000000  2.50000000  0  0  0 89  0.13640000  0.00070290  0.00070290  0.41070376  2  61  0.000000
0.16720000  -0.04500000  -1.25000000  2.50000000  0  0  0 66  0.12450000  0.00073476  0.00073476  0.61462546  2  18  0.000000
0.05800000  -0.16340000  -1.25000000  2.50000000  0  0  0 73  0.13060000  0.00067704  0.00067704  0.62366482  2  38  0.000000
0.39740000  -0.05620000  -1.00340000  2.50000000  0  0  0 54  0.14060000  0.05837810  0.00183788  0.53029765  2  48  68.278147
0.40570000  -0.23000000  -1.25000000  0.63771596  0  0  0 49  0.11010000  0.60089195  0.02016883  0.69121045  3  49  17.522984
0.48230000  -0.10850000  -1.23600000  0.53567957  0  0  0 18  0.07860000  0.29426572  0.02056280  0.47097196  3  12  97.613321
0.46250000  -0.03830000  -1.25000000  0.52821381  0  0  0 13  0.10040000  0.32983375  0.01585251  0.27654923  2  41  27.503709
0.47480000  -0.04530000  -1.19240000  0.64354049  0  0  0 26  0.09620000  0.20455061  0.00702077  0.39805741  2  11  83.685706
0.44170000  -0.12380000  -1.25000000  0.59864156  0  0  0 36  0.10800000  0.44598394  0.01729343  0.64412979  3  54  16.163454
0.44320000  -0.18790000  -1.20340000  1.07333007  0  0  0 44  0.10220000  0.18797803  0.00545410  0.61613295  2  25  78.583113
0.32320000  -0.07570000  -1.25000000  2.50000000  0  0  0 79  0.13490000  0.00071275  0.00071275  0.94306450  2  42  0.000000
0.43000000  -0.08660000  -1.09650000  2.50000000  0  0  0 41  0.10990000  0.06275393  0.00214706  0.43571064  2  21  67.804192
0.38690000  -0.19230000  -1.08020000  2.50000000  0  0  0 60  0.14420000  0.08384085  0.00317290  0.41788295  2  38  68.283530
0.27950000  -0.19850000  -1.25000000  2.50000000  0  0  0 53  0.11870000  0.00063189  0.00063189  0.54395410  2  35  0.000000
-0.41170000  0.18570000  -1.25000000  0.71294175  0  0  0 45  0.13570000  0.24542891  0.00827189  0.65964468  2  111  13.655329
-0.44030000  0.19330000  -1.20210000  0.81729119  0  0  0 29  0.11060000  0.19646669  0.00536945  0.85494205  2  49  102.149536
-0.47800000  0.10850000  -1.22540000  0.57574417  0  0  0 35  0.10300000  0.50671301  0.01293342  0.62842179  3  23  91.780454
-0.40740000  0.06690000  -1.03210000  2.50000000  0  0  0 61  0.12220000  0.07711612  0.00319284  0.63880961  2  25  111.929178
-0.31550000  0.16680000  -1.25000000  2.50000000  0  0  0 48  0.13880000  0.00066456  0.00066456  0.24166422  2  81  0.000000
-0.46460000  0.03140000  -1.25000000  0.87943754  0  0  0 49  0.13680000  0.27143928  0.00934378  0.30337557  2  82  12.331189
-0.40750000  0.15350000  -1.08860000  2.50000000  0  0  0 61  0.13810000  0.07019061  0.00288357  0.61835972  2  40  111.980847
-0.47190000  0.05740000  -1.18850000  0.93116483  0  0  0 30  0.12310000  0.12928303  0.00471184  0.64719919  2  55  104.039820
-0.42360000  0.24910000  -1.22860000  0.80141119  0  0  0 41  0.13600000  0.33925348  0.00841630  0.23881211  3  84  97.729186
-0.19890000  0.17360000  -1.25000000  2.50000000  0  0  0 76  0.15060000  0.00072820  0.00072820  0.43886340  2  69  0.000000
-0.07220000  0.21080000  -1.25000000  2.50000000  0  0  0 74  0.12330000  0.00063681  0.00063681  0.54778028  2  36  0.000000
-0.09930000  0.03480000  -1.25000000  2.50000000  0  0  0 92  0.12630000  0.00070757  0.00070757  0.77122027  2  13  0.000000
0.06130000  0.07350000  -1.25000000  2.50000000  0  0  0 91  0.13090000  0.00073614  0.00073614  0.73885797  2  34  0.000000
0.13220000  0.23370000  -1.25000000  2.50000000  0  0  0 90  0.13080000  0.00072699  0.00072699  0.40583940  2  37  0.000000
0.44120000  0.12420000  -1.25000000  0.66426057  0  0  0 37  0.12490000  0.37898704  0.01342899  0.31052884  2  96  18.733875
0.43190000  0.21640000  -1.20770000  0.86665260  0  0  0 32  0.09980000  0.26496232  0.00888404  0.46688992  2  40  84.953167
0.39410000  0.20780000  -1.25000000  0.95411756  0  0  0 41  0.08670000  0.23411674  0.00657290  0.22957942  2  21  11.482806
0.46770000  0.10940000  -1.20070000  1.02923903  0  0  0 39  0.08810000  0.17584896  0.00470964  0.80484093  2  12  75.360044
0.46580000  0.03060000  -1.25000000  0.54963075  0  0  0 52  0.13340000  0.43991289  0.01440684  0.30769801  3  66  20.943644
0.25820000  0.13360000  -1.25000000  2.50000000  0  0  0 126  0.14520000  0.00085214  0.00085214  0.89994209  2  35  0.000000
0.34040000  0.22230000  -1.01640000  2.50000000  0  0  0 37  0.12410000  0.07329812  0.00298567  0.27901877  2  42  68.429864
0.40770000  0.16190000  -1.09680000  2.50000000  0  0  0 59  0.12570000  0.06539688  0.00251090  0.77890941  2  21  68.076810
0.44980000  0.01780000  -1.12530000  2.50000000  0  0  0 44  0.13090000  0.06101467  0.00250320  0.80987731  2  40  67.821428
-0.28720000  0.33070000  -1.25000000  0.77385954  0  0  0 32  0.11530000  0.22573123  0.00983614  0.36646444  2  63  14.184112
-0.37240000  0.28490000  -1.25000000  0.80292160  0  0  0 55  0.16470000  0.60067601  0.02415532  0.53379692  3  134  11.930976
-0.29840000  0.28770000  -1.03630000  2.50000000  0  0  0 75  0.15890000  0.06963401  0.00253780  0.48689091  2  24  68.046104
-0.35110000  0.33150000  -1.20720000  0.68775349  0  0  0 33  0.15290000  0.30194135  0.00995481  0.20196429  2  100  81.512193
-0.29540000  0.38100000  -1.20520000  0.67599710  0  0  0 43  0.14330000  0.29668522  0.01327396  0.49359218  2  57  87.402161
0.00050000  0.42840000  -1.07110000  2.50000000  0  0  0 80  0.15970000  0.10448293  0.00471871  0.37431000  2  44  67.924214
-0.19380000  0.44300000  -1.20880000  0.65166555  0  0  0 26  0.10080000  0.30070129  0.01051837  0.38896165  2  33  84.336166
-0.23430000  0.40110000  -1.25000000  0.68097429  0  0  0 37  0.11160000  0.47849015  0.01593665  0.81040317  3  53  17.940725
-0.13660000  0.45010000  -1.25000000  0.67854005  0  0  0 32  0.08100000  0.34006445  0.00939440  0.82914728  3  20  17.133428
-0.06280000  0.44400000  -1.25000000  0.91351772  0  0  0 30  0.08080000  0.24405597  0.00540620  0.41123333  2  28  13.971649
-0.17650000  0.36040000  -1.00320000  2.50000000  0  0  0 52  0.15870000  0.09564497  0.00425688  0.36467825  2  54  67.806822
-0.16010000  0.33480000  -1.25000000  2.50000000  0  0  0 62  0.11690000  0.00057513  0.00057513  0.80898625  2  34  0.000000
-0.06710000  0.47740000  -1.20530000  0.81143635  0  0  0 33  0.11920000  0.26500692  0.01000647  0.37070485  2  62  85.657004
-0.16890000  0.40410000  -1.09490000  2.50000000  0  0  0 54  0.13860000  0.09360432  0.00391504  0.40085681  2  34  68.133791
0.00150000  0.46390000  -1.25000000  0.76645690  0  0  0 46  0.12080000  0.52194095  0.02081630  0.76071456  3  61  15.168101
-0.02390000  0.33240000  -1.25000000  2.50000000  0  0  0 48  0.09310000  0.00049988  0.00049988  0.45685269  2  20  0.000000
-0.12170000  0.46240000  -1.19530000  1.00659213  0  0  0 25  0.10760000  0.15982964  0.00445478  0.27592324  2  44  77.824887
0.06870000  0.43160000  -1.25000000  0.85712862  0  0  0 28  0.10440000  0.18691458  0.00590213  0.69450300  2  59  10.827994
0.04180000  0.25720000  -1.25000000  2.50000000  0  0  0 63  0.11530000  0.00059408  0.00059408  0.44312312  2  47  0.000000
0.14910000  0.44350000  -1.25000000  0.58235463  0  0  0 61  0.13290000  0.63984429  0.02528167  0.37267730  3  59  23.542527
0.22020000  0.43150000  -1.25000000  0.50512345  0  0  0 52  0.14330000  0.83839085  0.02950498  0.56330106  3  73  41.002943
0.15840000  0.40630000  -1.09010000  2.50000000  0  0  0 66  0.18810000  0.07216547  0.00299245  0.52735906  2  118  68.123497
0.20760000  0.34220000  -1.00060000  2.50000000  0  0  0 75  0.16120000  0.06875851  0.00240636  0.50724940  2  47  68.163002
0.07210000  0.47770000  -1.20780000  0.67957000  0  0  0 28  0.12530000  0.24084364  0.00991297  0.62234600  2  41  84.984476
0.30020000  0.35110000  -1.25000000  0.50456648  0  0  0 26  0.13960000  0.40343159  0.01605344  0.25948689  2  81  21.804153
0.37540000  0.26470000  -1.25000000  0.78214460  0  0  0 35  0.13000000  0.28817300  0.01210208  0.16771358  2  95  19.747939
0.30910000  0.27180000  -1.02900000  2.50000000  0  0  0 48  0.14340000  0.04864654  0.00173194  0.56415638  2  40  68.008088
0.34170000  0.33490000  -1.19600000  0.90905319  0  0  0 31  0.16070000  0.18036511  0.00755438  0.55216599  2  94  79.884801
0.37410000  0.31700000  -1.25000000  0.56774884  0  0  0 17  0.05340000  0.42301988  0.02067980  0.28741037  3  5  35.448855
0.29520000  0.38640000  -1.21570000  0.68928656  0  0  0 31  0.15020000  0.25045256  0.01218457  0.35484966  2  59  86.653997
0.40320000  0.26720000  -1.20920000  0.79312955  0  0  0 31  0.14730000  0.27702183  0.01242882  0.17029432  2  107  89.702443
-0.08220000  -0.30800000  -0.79710000  2.50000000  0  0  0 83  0.15600000  0.12428354  0.00578183  0.42363397  2  31  111.683839
-0.23410000  -0.27860000  -0.90980000  2.50000000  0  0  0 53  0.13340000  0.06179010  0.00197417  0.45070239  2  33  112.184219
-0.15980000  -0.33380000  -0.92520000  2.50000000  0  0  0 85  0.19000000  0.07126754  0.00268338  0.46152157  2  96  111.820192
-0.00340000  -0.36470000  -0.91180000  2.50000000  0  0  0 84  0.16220000  0.11594058  0.00509425  0.52565743  2  34  111.434722
0.11220000  -0.29520000  -0.78950000  2.50000000  0  0  0 71  0.13930000  0.10567373  0.00375340  0.65243458  2  28  111.628604
0.17190000  -0.31000000  -0.88630000  2.50000000  0  0  0 58  0.13610000  0.08449269  0.00278842  0.76376642  2  19  111.973256
-0.32080000  -0.23120000  -0.98860000  2.50000000  0  0  0 69  0.12390000  0.05504451  0.00199852  0.62189123  2  10  111.637064
-0.37120000  -0.00330000  -0.92800000  2.50000000  0  0  0 51  0.13110000  0.06542603  0.00280807  0.49068948  2  51  112.032916
-0.35000000  -0.09220000  -0.90480000  2.50000000  0  0  0 56  0.14050000  0.06845739  0.00227910  0.45497096  2  31  112.108516
-0.29090000  -0.14740000  -0.81530000  2.50000000  0  0  0 47  0.12400000  0.07606891  0.00317028  0.42635185  2  27  112.025713
-0.23550000  -0.21780000  -0.80190000  2.50000000  0  0  0 70  0.20720000  0.09333238  0.00352197  0.63068609  2  119  111.758030
0.34910000  -0.18030000  -0.98240000  2.50000000  0  0  0 57  0.12720000  0.06687868  0.00243042  0.57548917  2  33  68.061515
0.30250000  -0.14730000  -0.84110000  2.50000000  0  0  0 81  0.16760000  0.10226535  0.00377615  0.65711867  2  59  67.938755
0.31420000  -0.00830000  -0.78580000  2.50000000  0  0  0 48  0.12690000  0.08986299  0.00332038  0.83577903  2  28  67.809228
0.28260000  -0.23920000  -0.92550000  2.50000000  0  0  0 60  0.15400000  0.06944539  0.00239504  0.44581561  2  57  68.262622
-0.35540000  0.16590000  -0.98050000  2.50000000  0  0  0 67  0.14720000  0.07289759  0.00263847  0.66101125  2  57  111.871128
-0.30400000  0.09770000  -0.79830000  2.50000000  0  0  0 60  0.13470000  0.10225860  0.00397534  0.50714004  2  44  111.692465
-0.27820000  0.20120000  -0.85830000  2.50000000  0  0  0 65  0.14590000  0.08123788  0.00282302  0.55704567  2  48  111.768701
-0.34840000  0.08340000  -0.89550000  2.50000000  0  0  0 54  0.11300000  0.07584849  0.00263479  0.58861040  2  27  112.153274
-0.19820000  0.25530000  -0.80800000  2.50000000  0  0  0 46  0.12670000  0.07642523  0.00265467  0.89235242  2  23  67.655276
0.22290000  0.21970000  -0.78230000  2.50000000  0  0  0 59  0.13660000  0.08756765  0.00288090  0.53754248  2  27  68.447033
0.38490000  0.07030000  -0.97830000  2.50000000  0  0  0 64  0.14470000  0.07417536  0.00278093  0.64124511  2  48  68.339152
0.27840000  0.23800000  -0.91560000  2.50000000  0  0  0 57  0.13320000  0.07569814  0.00268553  0.92107047  2  23  67.888589
0.35500000  0.04080000  -0.89340000  2.50000000  0  0  0 60  0.15420000  0.10973864  0.00596374  0.21015740  2  70  68.011553
0.29410000  0.08180000  -0.76310000  2.50000000  0  0  0 55  0.12980000  0.09829067  0.00344005  0.89121482  2  32  68.291663
0.30110000  0.16660000  -0.86020000  2.50000000  0  0  0 62  0.14790000  0.07225728  0.00243483  0.48994080  2  43  68.584262
-0.06740000  0.34130000  -0.86980000  2.50000000  0  0  0 75  0.14200000  0.08309855  0.00358266  0.93678179  2  18  68.106843
-0.08210000  0.28900000  -0.75110000  2.50000000  0  0  0 41  0.13020000  0.07761917  0.00255637  0.70927715  2  37  67.585743
-0.19810000  0.30560000  -0.91050000  2.50000000  0  0  0 58  0.13940000  0.08276676  0.00283017  0.52513372  2  31  68.343621
0.05980000  0.38790000  -0.98120000  2.50000000  0  0  0 72  0.14350000  0.11833089  0.00555375  0.34138185  2  26  68.287982
0.15750000  0.30420000  -0.85640000  2.50000000  0  0  0 68  0.15180000  0.08964527  0.00321614  0.94377244  2  31  67.520779
-0.11780000  -0.24910000  -0.68890000  2.50000000  0  0  0 44  0.13150000  0.09459433  0.00313111  0.33742369  2  24  111.594033
0.02550000  -0.26520000  -0.66610000  2.50000000  0  0  0 67  0.12710000  0.11391220  0.00420444  0.96981742  2  6  111.980737
-0.25540000  -0.05710000  -0.65410000  2.50000000  0  0  0 66  0.14010000  0.11863589  0.00412718  0.51132412  2  37  112.131164
-0.29570000  -0.02060000  -0.74090000  2.50000000  0  0  0 70  0.14220000  0.09565793  0.00366922  0.71695203  2  39  111.922345
-0.04110000  -0.21370000  -0.54390000  2.50000000  0  0  0 83  0.14810000  0.15854668  0.00566241  0.63891206  2  23  112.309877
-0.18590000  -0.16280000  -0.61770000  2.50000000  0  0  0 98  0.19700000  0.12670781  0.00426491  0.58318135  2  77  112.288958
0.19760000  -0.21770000  -0.73520000  2.50000000  0  0  0 61  0.14820000  0.10343819  0.00413120  0.84172754  2  47  111.490334
0.17820000  -0.18520000  -0.64250000  2.50000000  0  0  0 43  0.15130000  0.11612202  0.00379048  0.43800338  2  56  111.520748
0.08970000  -0.20300000  -0.55480000  2.50000000  0  0  0 51  0.15720000  0.12218304  0.00435506  0.64730632  2  61  112.573681
0.25940000  -0.07950000  -0.67820000  2.50000000  0  0  0 79  0.13530000  0.10556197  0.00382124  0.72078976  2  17  67.762969
-0.26020000  0.09310000  -0.69090000  2.50000000  0  0  0 39  0.13890000  0.08029685  0.00263969  0.19186313  2  50  112.588477
-0.11350000  0.24520000  -0.67550000  2.50000000  0  0  0 71  0.14340000  0.08475520  0.00280746  0.34089614  2  41  68.243582
-0.20770000  0.16790000  -0.66760000  2.50000000  0  0  0 74  0.14070000  0.10059586  0.00295413  0.35855898  2  18  112.034890
-0.00160000  0.24570000  -0.61420000  2.50000000  0  0  0 72  0.13500000  0.09484610  0.00318919  0.79731982  2  30  68.187663
-0.20130000  0.04340000  -0.51480000  2.50000000  0  0  0 63  0.14780000  0.12337798  0.00413904  0.53722325  2  42  111.599538
-0.13160000  0.15890000  -0.51570000  2.50000000  0  0  0 79  0.18710000  0.15214963  0.00512587  0.55590810  2  96  111.464889
0.13940000  0.24680000  -0.70860000  2.50000000  0  0  0 45  0.11410000  0.09755267  0.00279760  0.64359609  2  15  68.406920
0.22440000  0.12910000  -0.64720000  2.50000000  0  0  0 59  0.13180000  0.12998360  0.00401701  0.73768658  2  15  68.402523
0.23480000  0.03120000  -0.59220000  2.50000000  0  0  0 73  0.14290000  0.15158361  0.00611806  0.63229945  2  19  67.426614
0.05750000  0.20420000  -0.53040000  2.50000000  0  0  0 48  0.12030000  0.12877029  0.00363687  0.58655556  2  37  68.308226
0.12820000  0.20800000  -0.61100000  2.50000000  0  0  0 48  0.12970000  0.08864100  0.00220514  0.55927829  2  24  68.030955
0.03570000  0.29210000  -0.73560000  2.50000000  0  0  0 63  0.14290000  0.08347883  0.00291410  0.58475756  2  35  68.016418
-0.11640000  -0.10590000  -0.39350000  2.17589273  0  0  0 42  0.14750000  0.14552103  0.00384688  0.24626866  2  55  112.692878
-0.03490000  -0.14700000  -0.37760000  2.12883994  0  0  0 51  0.15660000  0.14706652  0.00442042  0.52731913  2  59  112.542767
-0.18310000  -0.07100000  -0.49100000  2.50000000  0  0  0 58  0.18090000  0.19937476  0.00902030  0.61076881  3  95  113.177597
-0.06950000  -0.07890000  -0.26290000  1.84130395  0  0  0 53  0.11730000  0.22051728  0.00622076  0.52278991  2  29  111.962686
0.18860000  -0.04160000  -0.48290000  2.50000000  0  0  0 91  0.16080000  0.16387825  0.00603097  0.60643971  2  40  67.384992
0.09400000  -0.16590000  -0.47660000  2.50000000  0  0  0 50  0.12680000  0.20277487  0.00621021  0.22271470  2  35  111.015250
0.08130000  -0.13080000  -0.38500000  2.50000000  0  0  0 40  0.10980000  0.11078806  0.00325962  0.51529886  2  23  112.300451
0.13120000  -0.04950000  -0.35070000  2.50000000  0  0  0 56  0.11900000  0.20024181  0.00487307  0.76544219  2  29  67.044537
0.01880000  -0.11510000  -0.29170000  1.85395142  0  0  0 52  0.10880000  0.26890398  0.00823247  0.62894789  3  16  110.819426
0.09610000  -0.01090000  -0.24180000  1.41347271  0  0  0 38  0.11750000  0.30694796  0.00755535  0.80611366  2  24  69.225076
-0.06870000  0.13300000  -0.37430000  2.20828767  0  0  0 45  0.13370000  0.21134781  0.00628936  0.57665030  2  47  67.813094
-0.14790000  0.00820000  -0.37020000  2.50000000  0  0  0 82  0.13660000  0.20070489  0.00590563  0.80836184  2  19  112.090755
-0.05460000  0.18860000  -0.49080000  2.50000000  0  0  0 54  0.13840000  0.13819433  0.00385663  0.49509562  2  53  68.752295
0.00240000  0.10810000  -0.27040000  1.68853822  0  0  0 35  0.15290000  0.27746092  0.00877724  0.49220117  3  70  64.182822
-0.09430000  0.05530000  -0.27320000  1.96895811  0  0  0 51  0.10960000  0.24585766  0.00683676  0.41761054  3  18  113.134742
0.03370000  0.14180000  -0.36430000  2.50000000  0  0  0 83  0.12620000  0.15577357  0.00397729  0.78506949  2  25  67.825306
0.13390000  0.05780000  -0.36450000  2.50000000  0  0  0 54  0.13280000  0.18520378  0.00496262  0.70117803  2  41  68.587647
0.14890000  0.12460000  -0.48540000  2.50000000  0  0  0 79  0.13800000  0.16241586  0.00453632  0.70108527  2  23  68.204020
-0.05600000  -0.01980000  -0.14840000  1.00001090  0  0  0 33  0.10980000  0.25902855  0.00787159  0.45846312  2  35  117.342471
-0.00550000  -0.05560000  -0.13960000  1.09055206  0  0  0 27  0.07430000  0.23198312  0.00719976  0.50824689  2  8  115.359856
0.00640000  -0.03030000  -0.07750000  0.51357489  0  0  0 12  0.08070000  0.87373227  0.02424214  0.77971239  3  18  125.300314
0.05360000  0.00210000  -0.13410000  0.89005126  0  0  0 34  0.10430000  0.37340945  0.00948650  0.80409915  3  16  65.568471
0.04680000  -0.06450000  -0.19920000  1.42252396  0  0  0 32  0.09670000  0.25181650  0.00792761  0.95227631  3  20  113.146512
-0.02770000  0.04310000  -0.12800000  0.73417298  0  0  0 18  0.09840000  0.44225061  0.01190762  0.32548628  3  28  66.576432
0.00010000  0.01670000  -0.04170000  0.51908219  0  0  0 30  0.07280000  0.66537641  0.01639944  0.32785876  3  3  69.596647
-0.04820000  0.05740000  -0.18750000  0.96881246  0  0  0 27  0.10690000  0.32813804  0.00902687  0.92032149  3  23  112.779733
0.06670000  0.05960000  -0.22350000  1.39351924  0  0  0 42  0.17920000  0.15037577  0.00534105  0.09647349  2  117  67.689690
