-0.30300000  -0.27960000  -1.25000000  0.02500000  0  0  0
-0.38140000  -0.26330000  -1.15880000  0.02500000  0  0  0
-0.31420000  -0.30110000  -1.25000000  0.02500000  0  0  0
-0.36130000  -0.26510000  -1.12040000  0.02500000  0  0  0
-0.32880000  -0.32260000  -1.25000000  0.02500000  0  0  0
-0.29860000  -0.34400000  -1.13890000  0.02500000  0  0  0
-0.40800000  -0.26620000  -1.21780000  0.02500000  0  0  0
-0.30620000  -0.35350000  -1.16920000  0.02500000  0  0  0
-0.26360000  -0.36180000  -1.25000000  0.02500000  0  0  0
-0.25030000  -0.39360000  -1.16600000  0.02500000  0  0  0
-0.30100000  -0.38780000  -1.25000000  0.02500000  0  0  0
-0.24670000  -0.39450000  -1.16320000  0.02500000  0  0  0
-0.27530000  -0.38210000  -1.25000000  0.02500000  0  0  0
-0.28580000  -0.39770000  -1.22440000  0.02500000  0  0  0
-0.36380000  -0.34050000  -1.24580000  0.02500000  0  0  0
-0.36990000  -0.29340000  -1.18040000  0.02500000  0  0  0
-0.27210000  -0.28980000  -1.25000000  0.02500000  0  0  0
-0.28670000  -0.30840000  -1.05270000  0.02500000  0  0  0
-0.31320000  -0.26090000  -1.01920000  0.02500000  0  0  0
-0.26060000  -0.42470000  -1.24560000  0.02500000  0  0  0
-0.29590000  -0.39700000  -1.23800000  0.02500000  0  0  0
-0.26320000  -0.35670000  -1.25000000  0.02500000  0  0  0
-0.32340000  -0.35340000  -1.19750000  0.02500000  0  0  0
-0.32900000  -0.34440000  -1.19080000  0.02500000  0  0  0
-0.34930000  -0.32350000  -1.19030000  0.02500000  0  0  0
-0.39610000  -0.29810000  -1.25000000  0.02500000  0  0  0
-0.34200000  -0.33960000  -1.20480000  0.02500000  0  0  0
-0.27320000  -0.36030000  -1.13030000  0.02500000  0  0  0
-0.32000000  -0.29980000  -1.09610000  0.02500000  0  0  0
-0.40500000  -0.28990000  -1.24520000  0.02500000  0  0  0
-0.34500000  -0.33370000  -1.19980000  0.02500000  0  0  0
-0.31610000  -0.28270000  -1.06020000  0.02500000  0  0  0
-0.38140000  -0.25160000  -1.14230000  0.02500000  0  0  0
-0.32550000  -0.31400000  -1.25000000  0.02500000  0  0  0
-0.26800000  -0.39490000  -1.19320000  0.02500000  0  0  0
-0.35900000  -0.29660000  -1.16410000  0.02500000  0  0  0
-0.38230000  -0.32220000  -1.24990000  0.02500000  0  0  0
-0.29650000  -0.39820000  -1.24110000  0.02500000  0  0  0
-0.26040000  -0.41770000  -1.25000000  0.02500000  0  0  0
-0.24880000  -0.36510000  -1.10470000  0.02500000  0  0  0
-0.33180000  -0.32060000  -1.25000000  0.02500000  0  0  0
-0.24700000  -0.30790000  -0.98680000  0.02500000  0  0  0
-0.40550000  -0.27300000  -1.22220000  0.02500000  0  0  0
-0.37980000  -0.32120000  -1.24360000  0.02500000  0  0  0
-0.30100000  -0.34190000  -1.25000000  0.02500000  0  0  0
-0.38940000  -0.27040000  -1.18520000  0.02500000  0  0  0
-0.29460000  -0.28850000  -1.03080000  0.02500000  0  0  0
-0.32410000  -0.33790000  -1.17040000  0.02500000  0  0  0
-0.25090000  -0.41880000  -1.22040000  0.02500000  0  0  0
-0.35390000  -0.25760000  -1.25000000  0.02500000  0  0  0
-0.31200000  -0.37430000  -1.21810000  0.02500000  0  0  0
-0.27970000  -0.39100000  -1.20180000  0.02500000  0  0  0
-0.34930000  -0.29160000  -1.25000000  0.02500000  0  0  0
-0.35920000  -0.31270000  -1.25000000  0.02500000  0  0  0
-0.26150000  -0.38290000  -1.25000000  0.02500000  0  0  0
-0.30110000  -0.32840000  -1.25000000  0.02500000  0  0  0
-0.29510000  -0.39010000  -1.22280000  0.02500000  0  0  0
-0.37310000  -0.25170000  -1.25000000  0.02500000  0  0  0
-0.31810000  -0.28610000  -1.25000000  0.02500000  0  0  0
-0.31470000  -0.37820000  -1.25000000  0.02500000  0  0  0
-0.34450000  -0.35830000  -1.24270000  0.02500000  0  0  0
-0.30540000  -0.35820000  -1.25000000  0.02500000  0  0  0
-0.28020000  -0.40670000  -1.23470000  0.02500000  0  0  0
-0.28630000  -0.33530000  -1.25000000  0.02500000  0  0  0
-0.40440000  -0.24880000  -1.25000000  0.02500000  0  0  0
-0.37280000  -0.28180000  -1.16820000  0.02500000  0  0  0
-0.34040000  -0.25260000  -1.25000000  0.02500000  0  0  0
-0.32450000  -0.34620000  -1.18630000  0.02500000  0  0  0
-0.36290000  -0.30040000  -1.25000000  0.02500000  0  0  0
-0.33400000  -0.31510000  -1.14780000  0.02500000  0  0  0
-0.28060000  -0.37360000  -1.16820000  0.02500000  0  0  0
-0.12150000  -0.40430000  -1.05540000  0.02500000  0  0  0
-0.23890000  -0.40380000  -1.17300000  0.02500000  0  0  0
-0.22230000  -0.38840000  -1.11880000  0.02500000  0  0  0
0.00000000  -0.45510000  -1.13770000  0.02500000  0  0  0
-0.08290000  -0.45000000  -1.14400000  0.02500000  0  0  0
-0.20710000  -0.44120000  -1.21850000  0.02500000  0  0  0
-0.05590000  -0.40600000  -1.25000000  0.02500000  0  0  0
-0.17690000  -0.46350000  -1.25000000  0.02500000  0  0  0
-0.11750000  -0.44220000  -1.14390000  0.02500000  0  0  0
-0.09420000  -0.47420000  -1.20870000  0.02500000  0  0  0
-0.22210000  -0.39670000  -1.25000000  0.02500000  0  0  0
-0.02510000  -0.43020000  -1.25000000  0.02500000  0  0  0
-0.04630000  -0.43960000  -1.10520000  0.02500000  0  0  0
-0.22890000  -0.35470000  -1.25000000  0.02500000  0  0  0
-0.12900000  -0.45930000  -1.19260000  0.02500000  0  0  0
-0.01590000  -0.42670000  -1.25000000  0.02500000  0  0  0
-0.12560000  -0.40100000  -1.25000000  0.02500000  0  0  0
-0.19050000  -0.45740000  -1.23880000  0.02500000  0  0  0
-0.18280000  -0.35170000  -0.99090000  0.02500000  0  0  0
-0.19010000  -0.41000000  -1.12980000  0.02500000  0  0  0
-0.02300000  -0.38450000  -0.96290000  0.02500000  0  0  0
-0.16750000  -0.44880000  -1.25000000  0.02500000  0  0  0
-0.10670000  -0.43650000  -1.25000000  0.02500000  0  0  0
-0.06430000  -0.48790000  -1.25000000  0.02500000  0  0  0
-0.24170000  -0.39460000  -1.15690000  0.02500000  0  0  0
-0.16480000  -0.43190000  -1.15570000  0.02500000  0  0  0
-0.21550000  -0.40270000  -1.25000000  0.02500000  0  0  0
-0.06010000  -0.43470000  -1.09720000  0.02500000  0  0  0
-0.15090000  -0.45720000  -1.20380000  0.02500000  0  0  0
-0.02070000  -0.31180000  -1.25000000  0.02500000  0  0  0
-0.06070000  -0.47810000  -1.25000000  0.02500000  0  0  0
-0.06780000  -0.47720000  -1.20490000  0.02500000  0  0  0
0.00070000  -0.39650000  -1.25000000  0.02500000  0  0  0
-0.13610000  -0.46840000  -1.21950000  0.02500000  0  0  0
-0.11080000  -0.47140000  -1.21060000  0.02500000  0  0  0
-0.03780000  -0.46280000  -1.16090000  0.02500000  0  0  0
-0.11440000  -0.44170000  -1.25000000  0.02500000  0  0  0
-0.10460000  -0.45950000  -1.17810000  0.02500000  0  0  0
-0.14430000  -0.41660000  -1.25000000  0.02500000  0  0  0
-0.14110000  -0.47940000  -1.24940000  0.02500000  0  0  0
-0.05270000  -0.48180000  -1.21170000  0.02500000  0  0  0
-0.04440000  -0.48650000  -1.25000000  0.02500000  0  0  0
-0.04190000  -0.46720000  -1.17280000  0.02500000  0  0  0
-0.15350000  -0.40190000  -1.07560000  0.02500000  0  0  0
-0.20900000  -0.33360000  -0.98410000  0.02500000  0  0  0
-0.02930000  -0.49860000  -1.24880000  0.02500000  0  0  0
-0.01590000  -0.49100000  -1.22820000  0.02500000  0  0  0
-0.20130000  -0.43340000  -1.25000000  0.02500000  0  0  0
-0.24010000  -0.39560000  -1.25000000  0.02500000  0  0  0
-0.06760000  -0.47680000  -1.25000000  0.02500000  0  0  0
-0.01860000  -0.46280000  -1.15780000  0.02500000  0  0  0
-0.17940000  -0.45440000  -1.22150000  0.02500000  0  0  0
-0.08650000  -0.48200000  -1.22440000  0.02500000  0  0  0
-0.11710000  -0.47980000  -1.23470000  0.02500000  0  0  0
-0.02740000  -0.42670000  -1.06900000  0.02500000  0  0  0
-0.15290000  -0.41400000  -1.25000000  0.02500000  0  0  0
-0.22570000  -0.42760000  -1.20860000  0.02500000  0  0  0
-0.08160000  -0.48870000  -1.23860000  0.02500000  0  0  0
-0.14740000  -0.42490000  -1.25000000  0.02500000  0  0  0
-0.21400000  -0.44430000  -1.23290000  0.02500000  0  0  0
-0.13180000  -0.46580000  -1.21030000  0.02500000  0  0  0
-0.12620000  -0.46750000  -1.25000000  0.02500000  0  0  0
-0.22610000  -0.43030000  -1.25000000  0.02500000  0  0  0
-0.08960000  -0.38180000  -0.98030000  0.02500000  0  0  0
-0.14610000  -0.35840000  -0.96770000  0.02500000  0  0  0
-0.10690000  -0.45460000  -1.25000000  0.02500000  0  0  0
-0.21000000  -0.39930000  -1.25000000  0.02500000  0  0  0
-0.12720000  -0.36670000  -0.97040000  0.02500000  0  0  0
-0.18940000  -0.44700000  -1.21370000  0.02500000  0  0  0
-0.12960000  -0.48220000  -1.24820000  0.02500000  0  0  0
-0.04720000  -0.48380000  -1.25000000  0.02500000  0  0  0
-0.19590000  -0.42000000  -1.15850000  0.02500000  0  0  0
-0.11760000  -0.48400000  -1.25000000  0.02500000  0  0  0
-0.00870000  -0.39980000  -1.25000000  0.02500000  0  0  0
-0.16100000  -0.43970000  -1.17060000  0.02500000  0  0  0
-0.07270000  -0.49210000  -1.24370000  0.02500000  0  0  0
-0.16110000  -0.43130000  -1.25000000  0.02500000  0  0  0
-0.08710000  -0.40090000  -1.25000000  0.02500000  0  0  0
-0.20280000  -0.45680000  -1.24950000  0.02500000  0  0  0
-0.20980000  -0.44600000  -1.25000000  0.02500000  0  0  0
-0.18050000  -0.45860000  -1.23220000  0.02500000  0  0  0
-0.10700000  -0.46570000  -1.25000000  0.02500000  0  0  0
-0.23700000  -0.40400000  -1.25000000  0.02500000  0  0  0
-0.14560000  -0.44500000  -1.25000000  0.02500000  0  0  0
-0.00140000  -0.47810000  -1.19520000  0.02500000  0  0  0
-0.07930000  -0.49050000  -1.25000000  0.02500000  0  0  0
-0.17380000  -0.44140000  -1.18600000  0.02500000  0  0  0
-0.22970000  -0.41090000  -1.17690000  0.02500000  0  0  0
-0.00340000  -0.42450000  -1.25000000  0.02500000  0  0  0
-0.03830000  -0.46260000  -1.25000000  0.02500000  0  0  0
0.17560000  -0.36180000  -1.25000000  0.02500000  0  0  0
0.17830000  -0.38100000  -1.05160000  0.02500000  0  0  0
0.05860000  -0.36940000  -0.93500000  0.02500000  0  0  0
0.06050000  -0.46350000  -1.16850000  0.02500000  0  0  0
0.18810000  -0.44710000  -1.21260000  0.02500000  0  0  0
0.09050000  -0.46900000  -1.19410000  0.02500000  0  0  0
0.25110000  -0.41340000  -1.20920000  0.02500000  0  0  0
0.06670000  -0.46080000  -1.25000000  0.02500000  0  0  0
0.18300000  -0.44000000  -1.19130000  0.02500000  0  0  0
0.21610000  -0.43840000  -1.22190000  0.02500000  0  0  0
0.13270000  -0.43390000  -1.13440000  0.02500000  0  0  0
0.15890000  -0.39950000  -1.25000000  0.02500000  0  0  0
0.02610000  -0.49660000  -1.24320000  0.02500000  0  0  0
0.25530000  -0.42460000  -1.23870000  0.02500000  0  0  0
0.10570000  -0.37800000  -0.98120000  0.02500000  0  0  0
0.23200000  -0.29600000  -0.94010000  0.02500000  0  0  0
0.21070000  -0.32650000  -0.97140000  0.02500000  0  0  0
0.05080000  -0.48630000  -1.22230000  0.02500000  0  0  0
0.08240000  -0.38790000  -0.99140000  0.02500000  0  0  0
0.18540000  -0.35220000  -0.99510000  0.02500000  0  0  0
0.05870000  -0.45050000  -1.25000000  0.02500000  0  0  0
0.17660000  -0.42370000  -1.25000000  0.02500000  0  0  0
0.07120000  -0.48020000  -1.21370000  0.02500000  0  0  0
0.12450000  -0.47440000  -1.22610000  0.02500000  0  0  0
0.25190000  -0.36220000  -1.25000000  0.02500000  0  0  0
0.01190000  -0.48270000  -1.20700000  0.02500000  0  0  0
0.16880000  -0.40920000  -1.10660000  0.02500000  0  0  0
0.10360000  -0.43770000  -1.12450000  0.02500000  0  0  0
0.20830000  -0.42740000  -1.18870000  0.02500000  0  0  0
0.18890000  -0.42870000  -1.25000000  0.02500000  0  0  0
0.11350000  -0.45340000  -1.16850000  0.02500000  0  0  0
0.21000000  -0.39160000  -1.25000000  0.02500000  0  0  0
0.17590000  -0.46450000  -1.24170000  0.02500000  0  0  0
0.20650000  -0.45030000  -1.23850000  0.02500000  0  0  0
0.14710000  -0.44910000  -1.25000000  0.02500000  0  0  0
0.23640000  -0.38940000  -1.13890000  0.02500000  0  0  0
0.15400000  -0.40690000  -1.08770000  0.02500000  0  0  0
0.09350000  -0.46730000  -1.25000000  0.02500000  0  0  0
0.00720000  -0.41290000  -1.03240000  0.02500000  0  0  0
0.08010000  -0.44860000  -1.25000000  0.02500000  0  0  0
0.10690000  -0.44450000  -1.25000000  0.02500000  0  0  0
0.17240000  -0.38780000  -1.06110000  0.02500000  0  0  0
0.23020000  -0.34520000  -1.25000000  0.02500000  0  0  0
0.06280000  -0.48030000  -1.21110000  0.02500000  0  0  0
0.08970000  -0.44820000  -1.25000000  0.02500000  0  0  0
0.17090000  -0.44720000  -1.19680000  0.02500000  0  0  0
0.25150000  -0.37520000  -1.25000000  0.02500000  0  0  0
0.01660000  -0.48250000  -1.20690000  0.02500000  0  0  0
0.12910000  -0.45800000  -1.25000000  0.02500000  0  0  0
0.03090000  -0.38480000  -0.96510000  0.02500000  0  0  0
0.23570000  -0.27030000  -1.25000000  0.02500000  0  0  0
0.01300000  -0.46680000  -1.25000000  0.02500000  0  0  0
0.24200000  -0.30090000  -0.96540000  0.02500000  0  0  0
0.22430000  -0.44130000  -1.23770000  0.02500000  0  0  0
0.03000000  -0.46460000  -1.16400000  0.02500000  0  0  0
0.17600000  -0.44160000  -1.18850000  0.02500000  0  0  0
0.24690000  -0.42610000  -1.25000000  0.02500000  0  0  0
0.14550000  -0.44310000  -1.25000000  0.02500000  0  0  0
0.20970000  -0.41420000  -1.16070000  0.02500000  0  0  0
0.07610000  -0.41890000  -1.25000000  0.02500000  0  0  0
0.19520000  -0.46010000  -1.24930000  0.02500000  0  0  0
0.13140000  -0.47050000  -1.22130000  0.02500000  0  0  0
0.18420000  -0.42930000  -1.16780000  0.02500000  0  0  0
0.23770000  -0.42180000  -1.21050000  0.02500000  0  0  0
0.12710000  -0.44990000  -1.16880000  0.02500000  0  0  0
0.05530000  -0.40050000  -1.01060000  0.02500000  0  0  0
0.07520000  -0.40510000  -1.03000000  0.02500000  0  0  0
0.16160000  -0.43920000  -1.17010000  0.02500000  0  0  0
0.15010000  -0.43930000  -1.16070000  0.02500000  0  0  0
0.20830000  -0.34500000  -1.25000000  0.02500000  0  0  0
0.14230000  -0.38760000  -1.25000000  0.02500000  0  0  0
0.00850000  -0.47780000  -1.19470000  0.02500000  0  0  0
0.06350000  -0.45870000  -1.15760000  0.02500000  0  0  0
0.07110000  -0.48590000  -1.25000000  0.02500000  0  0  0
0.07780000  -0.46410000  -1.25000000  0.02500000  0  0  0
0.00860000  -0.43150000  -1.25000000  0.02500000  0  0  0
0.21440000  -0.41380000  -1.16510000  0.02500000  0  0  0
0.13350000  -0.44590000  -1.16380000  0.02500000  0  0  0
0.06620000  -0.49020000  -1.23660000  0.02500000  0  0  0
0.25210000  -0.41480000  -1.21360000  0.02500000  0  0  0
0.07230000  -0.48330000  -1.22180000  0.02500000  0  0  0
0.21090000  -0.34220000  -1.00490000  0.02500000  0  0  0
0.21380000  -0.44580000  -1.25000000  0.02500000  0  0  0
0.06180000  -0.40580000  -1.25000000  0.02500000  0  0  0
0.24030000  -0.43220000  -1.23640000  0.02500000  0  0  0
0.31820000  -0.31540000  -1.12000000  0.02500000  0  0  0
0.39120000  -0.30710000  -1.24340000  0.02500000  0  0  0
0.32380000  -0.26970000  -1.05350000  0.02500000  0  0  0
0.34530000  -0.35380000  -1.23590000  0.02500000  0  0  0
0.28040000  -0.31450000  -1.05350000  0.02500000  0  0  0
0.32300000  -0.37970000  -1.24620000  0.02500000  0  0  0
0.30200000  -0.39540000  -1.25000000  0.02500000  0  0  0
0.36410000  -0.28450000  -1.15520000  0.02500000  0  0  0
0.28040000  -0.38340000  -1.25000000  0.02500000  0  0  0
0.41300000  -0.26100000  -1.22140000  0.02500000  0  0  0
0.29980000  -0.38990000  -1.22950000  0.02500000  0  0  0
0.30670000  -0.35680000  -1.17620000  0.02500000  0  0  0
0.30770000  -0.34450000  -1.25000000  0.02500000  0  0  0
0.29400000  -0.29780000  -1.25000000  0.02500000  0  0  0
0.38540000  -0.25140000  -1.15030000  0.02500000  0  0  0
0.26070000  -0.38530000  -1.25000000  0.02500000  0  0  0
0.38080000  -0.30280000  -1.21620000  0.02500000  0  0  0
0.36010000  -0.31820000  -1.20130000  0.02500000  0  0  0
0.29050000  -0.34910000  -1.13550000  0.02500000  0  0  0
0.35260000  -0.31070000  -1.17490000  0.02500000  0  0  0
0.30730000  -0.37190000  -1.20610000  0.02500000  0  0  0
0.32370000  -0.31940000  -1.25000000  0.02500000  0  0  0
0.32570000  -0.36580000  -1.25000000  0.02500000  0  0  0
0.38740000  -0.31290000  -1.24500000  0.02500000  0  0  0
0.36840000  -0.25390000  -1.11850000  0.02500000  0  0  0
0.33380000  -0.34430000  -1.19890000  0.02500000  0  0  0
0.33130000  -0.28920000  -1.25000000  0.02500000  0  0  0
0.32860000  -0.25190000  -1.25000000  0.02500000  0  0  0
0.31140000  -0.33780000  -1.25000000  0.02500000  0  0  0
0.32050000  -0.25750000  -1.25000000  0.02500000  0  0  0
0.26890000  -0.41990000  -1.25000000  0.02500000  0  0  0
0.39840000  -0.29800000  -1.24370000  0.02500000  0  0  0
0.39260000  -0.26290000  -1.18110000  0.02500000  0  0  0
0.35910000  -0.29420000  -1.16050000  0.02500000  0  0  0
0.35420000  -0.25650000  -1.09310000  0.02500000  0  0  0
0.34620000  -0.25100000  -1.25000000  0.02500000  0  0  0
0.35920000  -0.33730000  -1.23200000  0.02500000  0  0  0
0.42380000  -0.25600000  -1.23780000  0.02500000  0  0  0
0.30410000  -0.31190000  -1.25000000  0.02500000  0  0  0
0.26910000  -0.38970000  -1.18400000  0.02500000  0  0  0
0.36090000  -0.30350000  -1.25000000  0.02500000  0  0  0
0.32610000  -0.34840000  -1.19310000  0.02500000  0  0  0
0.37920000  -0.26930000  -1.16290000  0.02500000  0  0  0
0.34170000  -0.31160000  -1.25000000  0.02500000  0  0  0
0.27460000  -0.35260000  -1.25000000  0.02500000  0  0  0
0.34600000  -0.31660000  -1.17240000  0.02500000  0  0  0
0.35170000  -0.28120000  -1.25000000  0.02500000  0  0  0
0.36750000  -0.28360000  -1.25000000  0.02500000  0  0  0
0.27540000  -0.26130000  -0.94910000  0.02500000  0  0  0
0.41730000  -0.27070000  -1.24350000  0.02500000  0  0  0
0.35630000  -0.34520000  -1.25000000  0.02500000  0  0  0
0.27130000  -0.39050000  -1.25000000  0.02500000  0  0  0
0.39460000  -0.25110000  -1.16930000  0.02500000  0  0  0
0.37720000  -0.31040000  -1.22130000  0.02500000  0  0  0
0.37150000  -0.28190000  -1.16580000  0.02500000  0  0  0
0.33760000  -0.32340000  -1.16890000  0.02500000  0  0  0
0.29060000  -0.39830000  -1.23260000  0.02500000  0  0  0
0.34580000  -0.30210000  -1.25000000  0.02500000  0  0  0
0.37590000  -0.30170000  -1.25000000  0.02500000  0  0  0
0.36860000  -0.33530000  -1.25000000  0.02500000  0  0  0
0.38610000  -0.29240000  -1.21080000  0.02500000  0  0  0
0.32670000  -0.28710000  -1.08740000  0.02500000  0  0  0
0.38560000  -0.26050000  -1.16340000  0.02500000  0  0  0
0.25850000  -0.41310000  -1.21830000  0.02500000  0  0  0
0.36570000  -0.26310000  -1.25000000  0.02500000  0  0  0
0.44720000  -0.08020000  -1.13580000  0.02500000  0  0  0
0.41780000  -0.05380000  -1.05320000  0.02500000  0  0  0
0.37760000  -0.17340000  -1.03870000  0.02500000  0  0  0
0.41380000  -0.15110000  -1.10140000  0.02500000  0  0  0
0.43260000  -0.17170000  -1.16360000  0.02500000  0  0  0
0.38290000  -0.15000000  -1.02810000  0.02500000  0  0  0
0.34910000  -0.18030000  -0.98240000  0.02500000  0  0  0
0.37030000  -0.15940000  -1.00790000  0.02500000  0  0  0
0.45030000  -0.04890000  -1.25000000  0.02500000  0  0  0
0.41030000  -0.09620000  -1.05360000  0.02500000  0  0  0
0.48160000  -0.08480000  -1.25000000  0.02500000  0  0  0
0.36410000  -0.03320000  -1.25000000  0.02500000  0  0  0
0.40750000  -0.07740000  -1.25000000  0.02500000  0  0  0
0.39330000  -0.14650000  -1.25000000  0.02500000  0  0  0
0.38930000  -0.06570000  -1.25000000  0.02500000  0  0  0
0.42300000  -0.24140000  -1.25000000  0.02500000  0  0  0
0.48230000  -0.10850000  -1.23600000  0.02500000  0  0  0
0.40540000  -0.04600000  -1.01990000  0.02500000  0  0  0
0.45350000  -0.17160000  -1.21220000  0.02500000  0  0  0
0.46240000  -0.11600000  -1.25000000  0.02500000  0  0  0
0.38150000  -0.02110000  -0.95530000  0.02500000  0  0  0
0.47240000  -0.11870000  -1.21780000  0.02500000  0  0  0
0.46290000  -0.12000000  -1.19550000  0.02500000  0  0  0
0.46770000  -0.00230000  -1.16920000  0.02500000  0  0  0
0.45670000  -0.00750000  -1.14180000  0.02500000  0  0  0
0.37770000  -0.19740000  -1.25000000  0.02500000  0  0  0
0.46070000  -0.13840000  -1.20260000  0.02500000  0  0  0
0.47640000  -0.14020000  -1.24140000  0.02500000  0  0  0
0.42520000  -0.21470000  -1.19090000  0.02500000  0  0  0
0.45760000  -0.06420000  -1.15530000  0.02500000  0  0  0
0.44890000  -0.17180000  -1.25000000  0.02500000  0  0  0
0.42260000  -0.15060000  -1.25000000  0.02500000  0  0  0
0.44680000  -0.12590000  -1.16050000  0.02500000  0  0  0
0.44150000  -0.22460000  -1.23830000  0.02500000  0  0  0
0.43060000  -0.19990000  -1.18690000  0.02500000  0  0  0
0.42000000  -0.23490000  -1.20300000  0.02500000  0  0  0
0.43100000  -0.00440000  -1.25000000  0.02500000  0  0  0
0.40310000  -0.08520000  -1.25000000  0.02500000  0  0  0
0.44410000  -0.17230000  -1.19090000  0.02500000  0  0  0
0.40700000  -0.07530000  -1.25000000  0.02500000  0  0  0
0.43030000  -0.16700000  -1.25000000  0.02500000  0  0  0
0.43910000  -0.19320000  -1.19920000  0.02500000  0  0  0
0.45480000  -0.12910000  -1.18200000  0.02500000  0  0  0
0.48790000  -0.06320000  -1.22990000  0.02500000  0  0  0
0.44820000  -0.18350000  -1.21070000  0.02500000  0  0  0
0.47950000  -0.00160000  -1.19870000  0.02500000  0  0  0
0.45090000  -0.20680000  -1.25000000  0.02500000  0  0  0
0.38890000  -0.21960000  -1.25000000  0.02500000  0  0  0
0.44040000  -0.13490000  -1.25000000  0.02500000  0  0  0
0.39520000  -0.22600000  -1.25000000  0.02500000  0  0  0
0.39470000  -0.10140000  -1.01870000  0.02500000  0  0  0
0.41650000  -0.00440000  -1.04140000  0.02500000  0  0  0
0.46560000  -0.11110000  -1.19660000  0.02500000  0  0  0
0.48090000  -0.03290000  -1.20510000  0.02500000  0  0  0
0.46130000  -0.18610000  -1.24360000  0.02500000  0  0  0
0.45560000  -0.20320000  -1.24710000  0.02500000  0  0  0
0.38350000  -0.16370000  -1.25000000  0.02500000  0  0  0
0.44340000  -0.20760000  -1.22400000  0.02500000  0  0  0
0.47800000  -0.01290000  -1.19540000  0.02500000  0  0  0
0.46550000  -0.06980000  -1.17680000  0.02500000  0  0  0
0.43910000  -0.16360000  -1.17140000  0.02500000  0  0  0
0.47600000  -0.07580000  -1.20500000  0.02500000  0  0  0
0.46770000  -0.09300000  -1.19230000  0.02500000  0  0  0
0.46280000  -0.00770000  -1.15730000  0.02500000  0  0  0
0.45340000  -0.14090000  -1.25000000  0.02500000  0  0  0
0.35140000  -0.20130000  -1.01230000  0.02500000  0  0  0
0.41970000  -0.22650000  -1.19230000  0.02500000  0  0  0
0.49930000  -0.01340000  -1.24860000  0.02500000  0  0  0
0.42460000  -0.23970000  -1.21900000  0.02500000  0  0  0
0.40760000  -0.12310000  -1.25000000  0.02500000  0  0  0
0.42470000  -0.19420000  -1.16750000  0.02500000  0  0  0
0.42120000  -0.21640000  -1.18380000  0.02500000  0  0  0
0.40100000  -0.16930000  -1.25000000  0.02500000  0  0  0
0.38810000  -0.22130000  -1.25000000  0.02500000  0  0  0
0.41170000  -0.22400000  -1.17180000  0.02500000  0  0  0
0.47760000  -0.04050000  -1.19820000  0.02500000  0  0  0
0.36590000  -0.19540000  -1.25000000  0.02500000  0  0  0
0.49340000  -0.00270000  -1.23360000  0.02500000  0  0  0
0.47280000  -0.09080000  -1.20370000  0.02500000  0  0  0
0.42860000  -0.13480000  -1.25000000  0.02500000  0  0  0
0.43390000  -0.21720000  -1.21300000  0.02500000  0  0  0
0.43140000  -0.08500000  -1.25000000  0.02500000  0  0  0
0.48720000  -0.04840000  -1.22410000  0.02500000  0  0  0
0.10920000  -0.00580000  -1.25000000  0.02500000  0  0  0
-0.20450000  -0.04490000  -1.25000000  0.02500000  0  0  0
-0.35730000  -0.12190000  -0.94390000  0.02500000  0  0  0
-0.44510000  -0.00200000  -1.11290000  0.02500000  0  0  0
-0.45060000  -0.18550000  -1.25000000  0.02500000  0  0  0
-0.36380000  -0.21640000  -1.05840000  0.02500000  0  0  0
-0.39770000  -0.09280000  -1.02100000  0.02500000  0  0  0
-0.45760000  -0.03340000  -1.25000000  0.02500000  0  0  0
-0.37550000  -0.19270000  -1.05520000  0.02500000  0  0  0
-0.42970000  -0.05980000  -1.08460000  0.02500000  0  0  0
-0.45290000  -0.15490000  -1.25000000  0.02500000  0  0  0
-0.45670000  -0.13420000  -1.25000000  0.02500000  0  0  0
-0.45480000  -0.17730000  -1.25000000  0.02500000  0  0  0
-0.44740000  -0.03950000  -1.12290000  0.02500000  0  0  0
-0.42500000  -0.14870000  -1.25000000  0.02500000  0  0  0
-0.40550000  -0.07510000  -1.25000000  0.02500000  0  0  0
-0.41410000  -0.19260000  -1.14170000  0.02500000  0  0  0
-0.36630000  -0.19580000  -1.25000000  0.02500000  0  0  0
-0.43910000  -0.21230000  -1.25000000  0.02500000  0  0  0
-0.46460000  -0.03970000  -1.16580000  0.02500000  0  0  0
-0.39030000  -0.07240000  -1.25000000  0.02500000  0  0  0
-0.41690000  -0.21990000  -1.25000000  0.02500000  0  0  0
-0.46520000  -0.10670000  -1.19330000  0.02500000  0  0  0
-0.46580000  -0.17740000  -1.25000000  0.02500000  0  0  0
-0.46360000  -0.10300000  -1.18740000  0.02500000  0  0  0
-0.42880000  -0.23660000  -1.22420000  0.02500000  0  0  0
-0.45950000  -0.11470000  -1.18400000  0.02500000  0  0  0
-0.41170000  -0.24580000  -1.19860000  0.02500000  0  0  0
-0.46220000  -0.07550000  -1.17080000  0.02500000  0  0  0
-0.44430000  -0.08130000  -1.12920000  0.02500000  0  0  0
-0.46560000  -0.06120000  -1.17400000  0.02500000  0  0  0
-0.48070000  -0.08060000  -1.25000000  0.02500000  0  0  0
-0.45020000  -0.11630000  -1.16230000  0.02500000  0  0  0
-0.42540000  -0.03240000  -1.06660000  0.02500000  0  0  0
-0.49630000  -0.04240000  -1.24520000  0.02500000  0  0  0
-0.45630000  -0.09920000  -1.16730000  0.02500000  0  0  0
-0.37420000  -0.19110000  -1.25000000  0.02500000  0  0  0
-0.41770000  -0.00580000  -1.04430000  0.02500000  0  0  0
-0.42160000  -0.17050000  -1.13700000  0.02500000  0  0  0
-0.48360000  -0.11690000  -1.25000000  0.02500000  0  0  0
-0.46260000  -0.03000000  -1.15900000  0.02500000  0  0  0
-0.44230000  -0.04100000  -1.25000000  0.02500000  0  0  0
-0.44660000  -0.00650000  -1.25000000  0.02500000  0  0  0
-0.37050000  -0.06220000  -0.93920000  0.02500000  0  0  0
-0.45000000  -0.20520000  -1.23650000  0.02500000  0  0  0
-0.48310000  -0.01140000  -1.20800000  0.02500000  0  0  0
-0.46600000  -0.10680000  -1.19520000  0.02500000  0  0  0
-0.43500000  -0.21800000  -1.21650000  0.02500000  0  0  0
-0.44910000  -0.15400000  -1.18700000  0.02500000  0  0  0
-0.35250000  -0.19650000  -1.00900000  0.02500000  0  0  0
-0.41180000  -0.17470000  -1.25000000  0.02500000  0  0  0
-0.48830000  -0.04930000  -1.22700000  0.02500000  0  0  0
-0.41190000  -0.12210000  -1.07410000  0.02500000  0  0  0
-0.48610000  -0.03230000  -1.21790000  0.02500000  0  0  0
-0.45800000  -0.16900000  -1.25000000  0.02500000  0  0  0
-0.42970000  -0.24350000  -1.25000000  0.02500000  0  0  0
-0.47670000  -0.11590000  -1.25000000  0.02500000  0  0  0
-0.43700000  -0.08860000  -1.25000000  0.02500000  0  0  0
-0.47510000  -0.10380000  -1.21570000  0.02500000  0  0  0
-0.39080000  -0.13870000  -1.03670000  0.02500000  0  0  0
-0.42840000  -0.18550000  -1.16720000  0.02500000  0  0  0
-0.43150000  -0.14420000  -1.25000000  0.02500000  0  0  0
-0.42410000  -0.22700000  -1.20250000  0.02500000  0  0  0
-0.43140000  -0.23870000  -1.23260000  0.02500000  0  0  0
-0.40650000  -0.12950000  -1.25000000  0.02500000  0  0  0
-0.49260000  -0.07540000  -1.24580000  0.02500000  0  0  0
-0.41500000  -0.21660000  -1.17040000  0.02500000  0  0  0
-0.47860000  -0.05180000  -1.20360000  0.02500000  0  0  0
-0.49380000  -0.02390000  -1.23590000  0.02500000  0  0  0
-0.37670000  -0.14600000  -1.01010000  0.02500000  0  0  0
-0.46210000  -0.16790000  -1.22920000  0.02500000  0  0  0
-0.46310000  -0.15300000  -1.21920000  0.02500000  0  0  0
-0.44680000  -0.14600000  -1.17510000  0.02500000  0  0  0
-0.47540000  -0.04640000  -1.25000000  0.02500000  0  0  0
-0.47680000  -0.07880000  -1.20810000  0.02500000  0  0  0
-0.39570000  -0.23940000  -1.15620000  0.02500000  0  0  0
-0.44480000  -0.02620000  -1.25000000  0.02500000  0  0  0
-0.43480000  -0.19810000  -1.19450000  0.02500000  0  0  0
-0.42430000  -0.21890000  -1.25000000  0.02500000  0  0  0
-0.49860000  -0.02350000  -1.24800000  0.02500000  0  0  0
-0.42300000  -0.19980000  -1.16950000  0.02500000  0  0  0
-0.44630000  -0.05450000  -1.25000000  0.02500000  0  0  0
-0.38440000  -0.24380000  -1.25000000  0.02500000  0  0  0
-0.48570000  -0.08150000  -1.25000000  0.02500000  0  0  0
-0.46790000  -0.01690000  -1.17060000  0.02500000  0  0  0
-0.43400000  -0.02800000  -1.25000000  0.02500000  0  0  0
-0.44900000  -0.19790000  -1.25000000  0.02500000  0  0  0
-0.44300000  -0.21900000  -1.23550000  0.02500000  0  0  0
-0.36730000  -0.15560000  -1.25000000  0.02500000  0  0  0
-0.48690000  -0.09160000  -1.23870000  0.02500000  0  0  0
-0.46990000  -0.03040000  -1.25000000  0.02500000  0  0  0
-0.44560000  -0.15450000  -1.17900000  0.02500000  0  0  0
-0.48730000  -0.00800000  -1.21850000  0.02500000  0  0  0
-0.34590000  0.24700000  -1.25000000  0.02500000  0  0  0
-0.40650000  0.23220000  -1.17040000  0.02500000  0  0  0
-0.30860000  0.23160000  -0.96460000  0.02500000  0  0  0
-0.38580000  0.15520000  -1.03960000  0.02500000  0  0  0
-0.49570000  0.01300000  -1.25000000  0.02500000  0  0  0
-0.43270000  0.08990000  -1.10490000  0.02500000  0  0  0
-0.44830000  0.11100000  -1.15460000  0.02500000  0  0  0
-0.44880000  0.15630000  -1.18800000  0.02500000  0  0  0
-0.42710000  0.20910000  -1.18880000  0.02500000  0  0  0
-0.43490000  0.22680000  -1.22610000  0.02500000  0  0  0
-0.43870000  0.04710000  -1.10320000  0.02500000  0  0  0
-0.42350000  0.13770000  -1.25000000  0.02500000  0  0  0
-0.41130000  0.21620000  -1.16170000  0.02500000  0  0  0
-0.47560000  0.13770000  -1.23790000  0.02500000  0  0  0
-0.42760000  0.06070000  -1.07970000  0.02500000  0  0  0
-0.42480000  0.13750000  -1.11630000  0.02500000  0  0  0
-0.48730000  0.05590000  -1.22630000  0.02500000  0  0  0
-0.46140000  0.13440000  -1.20140000  0.02500000  0  0  0
-0.33880000  0.21990000  -1.00970000  0.02500000  0  0  0
-0.38810000  0.11720000  -1.01360000  0.02500000  0  0  0
-0.42150000  0.09900000  -1.08230000  0.02500000  0  0  0
-0.43350000  0.24190000  -1.24110000  0.02500000  0  0  0
-0.43530000  0.18790000  -1.18530000  0.02500000  0  0  0
-0.40850000  0.24160000  -1.18650000  0.02500000  0  0  0
-0.44760000  0.17990000  -1.20600000  0.02500000  0  0  0
-0.33830000  0.17250000  -0.94930000  0.02500000  0  0  0
-0.49260000  0.01420000  -1.25000000  0.02500000  0  0  0
-0.46600000  0.06810000  -1.17740000  0.02500000  0  0  0
-0.46190000  0.12560000  -1.19650000  0.02500000  0  0  0
-0.46620000  0.08690000  -1.18560000  0.02500000  0  0  0
-0.41960000  0.01800000  -1.25000000  0.02500000  0  0  0
-0.27260000  0.21670000  -1.25000000  0.02500000  0  0  0
-0.42880000  0.09040000  -1.25000000  0.02500000  0  0  0
-0.29560000  0.23650000  -0.94650000  0.02500000  0  0  0
-0.37640000  0.20130000  -1.06720000  0.02500000  0  0  0
-0.40750000  0.16600000  -1.25000000  0.02500000  0  0  0
-0.41750000  0.00620000  -1.25000000  0.02500000  0  0  0
-0.47140000  0.13670000  -1.22700000  0.02500000  0  0  0
-0.42930000  0.24790000  -1.23930000  0.02500000  0  0  0
-0.46750000  0.03390000  -1.25000000  0.02500000  0  0  0
-0.44180000  0.02690000  -1.10650000  0.02500000  0  0  0
-0.42210000  0.02970000  -1.25000000  0.02500000  0  0  0
-0.37880000  0.17600000  -1.04430000  0.02500000  0  0  0
-0.46170000  0.02400000  -1.15590000  0.02500000  0  0  0
-0.42360000  0.24910000  -1.22860000  0.02500000  0  0  0
-0.40850000  0.02930000  -1.02400000  0.02500000  0  0  0
-0.47110000  0.00920000  -1.17800000  0.02500000  0  0  0
-0.48500000  0.07380000  -1.22640000  0.02500000  0  0  0
-0.34840000  0.23730000  -1.25000000  0.02500000  0  0  0
-0.42080000  0.05180000  -1.25000000  0.02500000  0  0  0
-0.45920000  0.17640000  -1.22980000  0.02500000  0  0  0
-0.35530000  0.19210000  -1.25000000  0.02500000  0  0  0
-0.42960000  0.11450000  -1.25000000  0.02500000  0  0  0
-0.45940000  0.18550000  -1.25000000  0.02500000  0  0  0
-0.38980000  0.15490000  -1.25000000  0.02500000  0  0  0
-0.47270000  0.03840000  -1.18570000  0.02500000  0  0  0
-0.45510000  0.01470000  -1.25000000  0.02500000  0  0  0
-0.42900000  0.13010000  -1.25000000  0.02500000  0  0  0
-0.45160000  0.20890000  -1.24400000  0.02500000  0  0  0
-0.36670000  0.08760000  -0.94240000  0.02500000  0  0  0
-0.47760000  0.12510000  -1.23430000  0.02500000  0  0  0
-0.46050000  0.19060000  -1.24590000  0.02500000  0  0  0
-0.37570000  0.12400000  -1.25000000  0.02500000  0  0  0
-0.41750000  0.23350000  -1.19600000  0.02500000  0  0  0
-0.43790000  0.16260000  -1.16780000  0.02500000  0  0  0
-0.42620000  0.20420000  -1.18160000  0.02500000  0  0  0
-0.47330000  0.04910000  -1.18950000  0.02500000  0  0  0
-0.45660000  0.19880000  -1.24500000  0.02500000  0  0  0
-0.49060000  0.07010000  -1.23900000  0.02500000  0  0  0
-0.32460000  0.22440000  -0.98660000  0.02500000  0  0  0
-0.46520000  0.09150000  -1.25000000  0.02500000  0  0  0
-0.47390000  0.06820000  -1.25000000  0.02500000  0  0  0
-0.48950000  0.06480000  -1.23440000  0.02500000  0  0  0
-0.42130000  0.25360000  -1.22930000  0.02500000  0  0  0
-0.41230000  0.18200000  -1.25000000  0.02500000  0  0  0
-0.48300000  0.08510000  -1.25000000  0.02500000  0  0  0
-0.44050000  0.19150000  -1.20090000  0.02500000  0  0  0
-0.45490000  0.10600000  -1.16770000  0.02500000  0  0  0
-0.27850000  0.25250000  -0.93970000  0.02500000  0  0  0
-0.45610000  0.15940000  -1.20780000  0.02500000  0  0  0
-0.48380000  0.10950000  -1.24010000  0.02500000  0  0  0
-0.46110000  0.07740000  -1.25000000  0.02500000  0  0  0
-0.43740000  0.02160000  -1.25000000  0.02500000  0  0  0
-0.47930000  0.11540000  -1.23240000  0.02500000  0  0  0
-0.48800000  0.03260000  -1.22270000  0.02500000  0  0  0
-0.41650000  0.23690000  -1.25000000  0.02500000  0  0  0
-0.46030000  0.18840000  -1.24340000  0.02500000  0  0  0
-0.40670000  0.24030000  -1.18090000  0.02500000  0  0  0
-0.32530000  0.25510000  -1.25000000  0.02500000  0  0  0
-0.38560000  0.22410000  -1.11490000  0.02500000  0  0  0
-0.42880000  0.17070000  -1.15400000  0.02500000  0  0  0
-0.41880000  0.18430000  -1.25000000  0.02500000  0  0  0
-0.00600000  0.23970000  -1.25000000  0.02500000  0  0  0
0.24790000  0.23400000  -1.25000000  0.02500000  0  0  0
0.40650000  0.19580000  -1.25000000  0.02500000  0  0  0
0.40120000  0.09120000  -1.02870000  0.02500000  0  0  0
0.40110000  0.13240000  -1.05590000  0.02500000  0  0  0
0.38290000  0.25450000  -1.14940000  0.02500000  0  0  0
0.46490000  0.14930000  -1.22080000  0.02500000  0  0  0
0.33390000  0.17190000  -0.93890000  0.02500000  0  0  0
0.46800000  0.11070000  -1.20230000  0.02500000  0  0  0
0.42730000  0.01250000  -1.06880000  0.02500000  0  0  0
0.41060000  0.20020000  -1.25000000  0.02500000  0  0  0
0.45370000  0.11520000  -1.17030000  0.02500000  0  0  0
0.47330000  0.05150000  -1.19020000  0.02500000  0  0  0
0.42760000  0.11770000  -1.10880000  0.02500000  0  0  0
0.39960000  0.16730000  -1.08290000  0.02500000  0  0  0
0.34380000  0.24310000  -1.05260000  0.02500000  0  0  0
0.46430000  0.16870000  -1.23500000  0.02500000  0  0  0
0.41020000  0.05970000  -1.03640000  0.02500000  0  0  0
0.43730000  0.15810000  -1.25000000  0.02500000  0  0  0
0.43030000  0.20490000  -1.19140000  0.02500000  0  0  0
0.31220000  0.24930000  -0.99870000  0.02500000  0  0  0
0.48530000  0.09310000  -1.23540000  0.02500000  0  0  0
0.42870000  0.20050000  -1.25000000  0.02500000  0  0  0
0.45140000  0.02690000  -1.13050000  0.02500000  0  0  0
0.41780000  0.20060000  -1.15870000  0.02500000  0  0  0
0.45550000  0.00780000  -1.25000000  0.02500000  0  0  0
0.44320000  0.08560000  -1.25000000  0.02500000  0  0  0
0.46210000  0.14160000  -1.20820000  0.02500000  0  0  0
0.42660000  0.06420000  -1.25000000  0.02500000  0  0  0
0.36530000  0.25460000  -1.25000000  0.02500000  0  0  0
0.39410000  0.09990000  -1.25000000  0.02500000  0  0  0
0.45810000  0.15940000  -1.21260000  0.02500000  0  0  0
0.45940000  0.04070000  -1.25000000  0.02500000  0  0  0
0.49350000  0.05420000  -1.24110000  0.02500000  0  0  0
0.29320000  0.24500000  -0.95540000  0.02500000  0  0  0
0.44670000  0.01540000  -1.25000000  0.02500000  0  0  0
0.39650000  0.04720000  -0.99830000  0.02500000  0  0  0
0.49160000  0.02500000  -1.25000000  0.02500000  0  0  0
0.39720000  0.07410000  -1.01000000  0.02500000  0  0  0
0.41850000  0.17180000  -1.25000000  0.02500000  0  0  0
0.34840000  0.16200000  -0.96060000  0.02500000  0  0  0
0.48670000  0.10140000  -1.24290000  0.02500000  0  0  0
0.47080000  0.04630000  -1.18280000  0.02500000  0  0  0
0.37430000  0.19140000  -1.25000000  0.02500000  0  0  0
0.43230000  0.18330000  -1.25000000  0.02500000  0  0  0
0.48180000  0.11050000  -1.23580000  0.02500000  0  0  0
0.42500000  0.01500000  -1.25000000  0.02500000  0  0  0
0.47070000  0.07240000  -1.25000000  0.02500000  0  0  0
0.45440000  0.16630000  -1.20960000  0.02500000  0  0  0
0.42220000  0.15930000  -1.12820000  0.02500000  0  0  0
0.42190000  0.15470000  -1.25000000  0.02500000  0  0  0
0.43950000  0.03580000  -1.25000000  0.02500000  0  0  0
0.47850000  0.06020000  -1.25000000  0.02500000  0  0  0
0.38650000  0.14450000  -1.03150000  0.02500000  0  0  0
0.40820000  0.07820000  -1.25000000  0.02500000  0  0  0
0.37420000  0.21130000  -1.07420000  0.02500000  0  0  0
0.41800000  0.03010000  -1.25000000  0.02500000  0  0  0
0.48180000  0.04100000  -1.20890000  0.02500000  0  0  0
0.44890000  0.15480000  -1.25000000  0.02500000  0  0  0
0.35370000  0.25130000  -1.25000000  0.02500000  0  0  0
0.47170000  0.10770000  -1.25000000  0.02500000  0  0  0
0.41270000  0.24890000  -1.20490000  0.02500000  0  0  0
0.46060000  0.05560000  -1.15980000  0.02500000  0  0  0
0.43220000  0.21280000  -1.20440000  0.02500000  0  0  0
0.37520000  0.17990000  -1.25000000  0.02500000  0  0  0
0.39410000  0.20780000  -1.25000000  0.02500000  0  0  0
0.46280000  0.09570000  -1.18140000  0.02500000  0  0  0
0.42610000  0.23220000  -1.21310000  0.02500000  0  0  0
0.40280000  0.02000000  -1.25000000  0.02500000  0  0  0
0.39250000  0.01910000  -1.25000000  0.02500000  0  0  0
0.46160000  0.12550000  -1.19590000  0.02500000  0  0  0
0.37190000  0.17780000  -1.03060000  0.02500000  0  0  0
0.44360000  0.22610000  -1.24480000  0.02500000  0  0  0
0.48700000  0.09330000  -1.23970000  0.02500000  0  0  0
0.39530000  0.25090000  -1.17050000  0.02500000  0  0  0
0.44400000  0.12880000  -1.15570000  0.02500000  0  0  0
0.48350000  0.04460000  -1.21400000  0.02500000  0  0  0
0.44290000  0.20290000  -1.21790000  0.02500000  0  0  0
0.42120000  0.23690000  -1.20810000  0.02500000  0  0  0
0.45940000  0.12840000  -1.19240000  0.02500000  0  0  0
0.45690000  0.06000000  -1.25000000  0.02500000  0  0  0
0.41140000  0.03400000  -1.25000000  0.02500000  0  0  0
0.46250000  0.06440000  -1.16750000  0.02500000  0  0  0
0.45060000  0.14950000  -1.18680000  0.02500000  0  0  0
0.44120000  0.12420000  -1.25000000  0.02500000  0  0  0
0.38130000  0.24610000  -1.25000000  0.02500000  0  0  0
0.42160000  0.20570000  -1.17280000  0.02500000  0  0  0
0.43080000  0.19930000  -1.18680000  0.02500000  0  0  0
0.44600000  0.19960000  -1.22150000  0.02500000  0  0  0
0.41570000  0.01810000  -1.25000000  0.02500000  0  0  0
0.41940000  0.24890000  -1.21920000  0.02500000  0  0  0
0.34490000  0.34120000  -1.25000000  0.02500000  0  0  0
0.28830000  0.40410000  -1.24100000  0.02500000  0  0  0
0.35730000  0.33220000  -1.25000000  0.02500000  0  0  0
0.40690000  0.26810000  -1.25000000  0.02500000  0  0  0
0.32990000  0.33520000  -1.17580000  0.02500000  0  0  0
0.38310000  0.27100000  -1.17320000  0.02500000  0  0  0
0.26160000  0.40970000  -1.21520000  0.02500000  0  0  0
0.38120000  0.30830000  -1.22560000  0.02500000  0  0  0
0.26730000  0.27090000  -0.95150000  0.02500000  0  0  0
0.36250000  0.27990000  -1.25000000  0.02500000  0  0  0
0.26990000  0.35740000  -1.11980000  0.02500000  0  0  0
0.40680000  0.26300000  -1.21100000  0.02500000  0  0  0
0.29540000  0.37460000  -1.19260000  0.02500000  0  0  0
0.32200000  0.26230000  -1.25000000  0.02500000  0  0  0
0.39980000  0.26380000  -1.25000000  0.02500000  0  0  0
0.30500000  0.33380000  -1.13030000  0.02500000  0  0  0
0.33420000  0.26930000  -1.25000000  0.02500000  0  0  0
0.32210000  0.28670000  -1.07790000  0.02500000  0  0  0
0.33430000  0.34930000  -1.25000000  0.02500000  0  0  0
0.25910000  0.39460000  -1.18010000  0.02500000  0  0  0
0.27970000  0.40330000  -1.25000000  0.02500000  0  0  0
0.29170000  0.35850000  -1.15540000  0.02500000  0  0  0
0.26010000  0.35360000  -1.25000000  0.02500000  0  0  0
0.39930000  0.26030000  -1.19170000  0.02500000  0  0  0
0.27790000  0.38500000  -1.18690000  0.02500000  0  0  0
0.34070000  0.31810000  -1.16520000  0.02500000  0  0  0
0.38920000  0.30080000  -1.25000000  0.02500000  0  0  0
0.37120000  0.29530000  -1.25000000  0.02500000  0  0  0
0.32920000  0.31160000  -1.25000000  0.02500000  0  0  0
0.33810000  0.33700000  -1.19350000  0.02500000  0  0  0
0.28140000  0.39140000  -1.20510000  0.02500000  0  0  0
0.35860000  0.31150000  -1.18750000  0.02500000  0  0  0
0.28650000  0.34400000  -1.11930000  0.02500000  0  0  0
0.30790000  0.37650000  -1.25000000  0.02500000  0  0  0
0.32120000  0.36910000  -1.22310000  0.02500000  0  0  0
0.36320000  0.32190000  -1.25000000  0.02500000  0  0  0
0.40550000  0.27240000  -1.22120000  0.02500000  0  0  0
0.31940000  0.28170000  -1.25000000  0.02500000  0  0  0
0.34330000  0.32130000  -1.25000000  0.02500000  0  0  0
0.38340000  0.31640000  -1.24270000  0.02500000  0  0  0
0.35330000  0.30950000  -1.17420000  0.02500000  0  0  0
0.34610000  0.31580000  -1.17130000  0.02500000  0  0  0
0.38150000  0.30030000  -1.25000000  0.02500000  0  0  0
0.34960000  0.33330000  -1.20760000  0.02500000  0  0  0
0.29460000  0.27790000  -1.01250000  0.02500000  0  0  0
0.39570000  0.25690000  -1.17940000  0.02500000  0  0  0
0.28130000  0.36680000  -1.25000000  0.02500000  0  0  0
0.35630000  0.30790000  -1.17740000  0.02500000  0  0  0
0.28550000  0.34130000  -1.25000000  0.02500000  0  0  0
0.35290000  0.29850000  -1.15560000  0.02500000  0  0  0
0.31540000  0.37790000  -1.25000000  0.02500000  0  0  0
0.31400000  0.37570000  -1.22400000  0.02500000  0  0  0
0.29520000  0.38640000  -1.21570000  0.02500000  0  0  0
0.27620000  0.35310000  -1.25000000  0.02500000  0  0  0
0.34620000  0.30930000  -1.25000000  0.02500000  0  0  0
0.27230000  0.39080000  -1.25000000  0.02500000  0  0  0
0.34170000  0.33490000  -1.19600000  0.02500000  0  0  0
0.30660000  0.34460000  -1.15310000  0.02500000  0  0  0
0.31410000  0.35400000  -1.25000000  0.02500000  0  0  0
0.24050000  0.35990000  -1.08200000  0.02500000  0  0  0
0.01050000  0.49300000  -1.23290000  0.02500000  0  0  0
0.23670000  0.43130000  -1.23000000  0.02500000  0  0  0
0.12740000  0.35840000  -0.95090000  0.02500000  0  0  0
0.17270000  0.43440000  -1.16870000  0.02500000  0  0  0
0.19180000  0.33640000  -0.96800000  0.02500000  0  0  0
0.19130000  0.35220000  -1.00200000  0.02500000  0  0  0
0.23720000  0.43480000  -1.23820000  0.02500000  0  0  0
0.20770000  0.45120000  -1.24180000  0.02500000  0  0  0
0.11600000  0.39670000  -1.25000000  0.02500000  0  0  0
0.19880000  0.39800000  -1.11230000  0.02500000  0  0  0
0.20460000  0.45330000  -1.24330000  0.02500000  0  0  0
0.04780000  0.43300000  -1.08920000  0.02500000  0  0  0
0.16750000  0.40120000  -1.08700000  0.02500000  0  0  0
0.10740000  0.48280000  -1.23660000  0.02500000  0  0  0
0.22020000  0.43150000  -1.25000000  0.02500000  0  0  0
0.20870000  0.43210000  -1.19970000  0.02500000  0  0  0
0.08230000  0.38420000  -0.98230000  0.02500000  0  0  0
0.09300000  0.49070000  -1.25000000  0.02500000  0  0  0
0.02250000  0.43300000  -1.08400000  0.02500000  0  0  0
0.24450000  0.29500000  -0.95790000  0.02500000  0  0  0
0.08000000  0.42360000  -1.07770000  0.02500000  0  0  0
0.21390000  0.44080000  -1.25000000  0.02500000  0  0  0
0.17330000  0.44390000  -1.25000000  0.02500000  0  0  0
0.11170000  0.41240000  -1.25000000  0.02500000  0  0  0
0.07030000  0.47490000  -1.20020000  0.02500000  0  0  0
0.09800000  0.48110000  -1.22750000  0.02500000  0  0  0
0.11040000  0.41750000  -1.07960000  0.02500000  0  0  0
0.19620000  0.39840000  -1.25000000  0.02500000  0  0  0
0.04280000  0.49710000  -1.25000000  0.02500000  0  0  0
0.13250000  0.43480000  -1.25000000  0.02500000  0  0  0
0.20320000  0.33000000  -0.96890000  0.02500000  0  0  0
0.15130000  0.42400000  -1.25000000  0.02500000  0  0  0
0.06440000  0.40760000  -1.03170000  0.02500000  0  0  0
0.24780000  0.40230000  -1.18120000  0.02500000  0  0  0
0.24140000  0.39620000  -1.25000000  0.02500000  0  0  0
0.01190000  0.39840000  -0.99660000  0.02500000  0  0  0
0.14650000  0.41110000  -1.09110000  0.02500000  0  0  0
0.12620000  0.42740000  -1.11410000  0.02500000  0  0  0
0.09040000  0.45670000  -1.16380000  0.02500000  0  0  0
0.16700000  0.37490000  -1.25000000  0.02500000  0  0  0
0.13010000  0.45580000  -1.25000000  0.02500000  0  0  0
0.24040000  0.40300000  -1.17310000  0.02500000  0  0  0
0.08640000  0.48130000  -1.22240000  0.02500000  0  0  0
0.14490000  0.44180000  -1.25000000  0.02500000  0  0  0
0.24600000  0.43280000  -1.25000000  0.02500000  0  0  0
0.11940000  0.46500000  -1.25000000  0.02500000  0  0  0
0.15730000  0.47030000  -1.23970000  0.02500000  0  0  0
0.05820000  0.40110000  -1.25000000  0.02500000  0  0  0
0.09940000  0.40660000  -1.25000000  0.02500000  0  0  0
0.00540000  0.47210000  -1.18040000  0.02500000  0  0  0
0.05440000  0.39370000  -0.99370000  0.02500000  0  0  0
0.07600000  0.45870000  -1.16250000  0.02500000  0  0  0
0.04350000  0.48120000  -1.25000000  0.02500000  0  0  0
0.00590000  0.44680000  -1.11700000  0.02500000  0  0  0
0.23780000  0.40560000  -1.25000000  0.02500000  0  0  0
0.05630000  0.49360000  -1.25000000  0.02500000  0  0  0
0.14910000  0.43870000  -1.15840000  0.02500000  0  0  0
0.10530000  0.46800000  -1.19910000  0.02500000  0  0  0
0.12460000  0.46820000  -1.25000000  0.02500000  0  0  0
0.10960000  0.47030000  -1.25000000  0.02500000  0  0  0
0.19900000  0.45240000  -1.23550000  0.02500000  0  0  0
0.16870000  0.35090000  -0.97340000  0.02500000  0  0  0
0.19080000  0.45370000  -1.23060000  0.02500000  0  0  0
0.20350000  0.42760000  -1.18400000  0.02500000  0  0  0
0.03690000  0.45910000  -1.15150000  0.02500000  0  0  0
0.03340000  0.43500000  -1.25000000  0.02500000  0  0  0
0.05450000  0.46630000  -1.25000000  0.02500000  0  0  0
0.12170000  0.46640000  -1.20520000  0.02500000  0  0  0
0.20620000  0.35200000  -1.25000000  0.02500000  0  0  0
0.21320000  0.41890000  -1.17500000  0.02500000  0  0  0
0.13520000  0.46630000  -1.21380000  0.02500000  0  0  0
0.22350000  0.36300000  -1.06570000  0.02500000  0  0  0
0.21320000  0.42270000  -1.18350000  0.02500000  0  0  0
0.02590000  0.41300000  -1.25000000  0.02500000  0  0  0
0.12490000  0.42900000  -1.25000000  0.02500000  0  0  0
0.17000000  0.46890000  -1.24680000  0.02500000  0  0  0
0.16990000  0.39230000  -1.25000000  0.02500000  0  0  0
0.11460000  0.47340000  -1.21760000  0.02500000  0  0  0
0.15380000  0.44260000  -1.17140000  0.02500000  0  0  0
0.08180000  0.47710000  -1.21000000  0.02500000  0  0  0
0.07830000  0.44970000  -1.25000000  0.02500000  0  0  0
0.07210000  0.47770000  -1.20780000  0.02500000  0  0  0
0.22770000  0.44420000  -1.24780000  0.02500000  0  0  0
0.03210000  0.47160000  -1.18180000  0.02500000  0  0  0
0.06340000  0.37630000  -0.95400000  0.02500000  0  0  0
-0.06280000  0.44400000  -1.25000000  0.02500000  0  0  0
-0.17440000  0.37940000  -1.25000000  0.02500000  0  0  0
-0.24460000  0.38000000  -1.12990000  0.02500000  0  0  0
-0.03190000  0.39230000  -0.98390000  0.02500000  0  0  0
-0.10510000  0.40960000  -1.05710000  0.02500000  0  0  0
-0.07000000  0.42480000  -1.25000000  0.02500000  0  0  0
-0.20650000  0.42080000  -1.25000000  0.02500000  0  0  0
-0.20100000  0.43820000  -1.20510000  0.02500000  0  0  0
-0.07060000  0.40940000  -1.25000000  0.02500000  0  0  0
-0.15800000  0.37060000  -1.00730000  0.02500000  0  0  0
-0.23220000  0.40950000  -1.17680000  0.02500000  0  0  0
-0.07260000  0.40840000  -1.03690000  0.02500000  0  0  0
-0.19770000  0.38500000  -1.08200000  0.02500000  0  0  0
-0.18040000  0.43950000  -1.18780000  0.02500000  0  0  0
-0.23750000  0.43090000  -1.23010000  0.02500000  0  0  0
-0.02140000  0.45670000  -1.25000000  0.02500000  0  0  0
-0.00840000  0.38080000  -0.95230000  0.02500000  0  0  0
-0.07920000  0.47330000  -1.19980000  0.02500000  0  0  0
-0.08600000  0.47160000  -1.19850000  0.02500000  0  0  0
-0.17050000  0.38940000  -1.25000000  0.02500000  0  0  0
-0.19640000  0.44550000  -1.21720000  0.02500000  0  0  0
-0.22040000  0.31050000  -0.95180000  0.02500000  0  0  0
-0.21160000  0.32750000  -0.97480000  0.02500000  0  0  0
-0.16390000  0.42380000  -1.25000000  0.02500000  0  0  0
-0.20890000  0.42750000  -1.18960000  0.02500000  0  0  0
-0.18340000  0.41080000  -1.25000000  0.02500000  0  0  0
-0.05540000  0.39700000  -1.00220000  0.02500000  0  0  0
-0.04270000  0.43540000  -1.25000000  0.02500000  0  0  0
-0.07990000  0.41240000  -1.25000000  0.02500000  0  0  0
-0.13690000  0.45670000  -1.19190000  0.02500000  0  0  0
-0.13670000  0.43200000  -1.25000000  0.02500000  0  0  0
-0.18760000  0.42410000  -1.15930000  0.02500000  0  0  0
-0.12820000  0.39750000  -1.04420000  0.02500000  0  0  0
-0.09200000  0.46490000  -1.18490000  0.02500000  0  0  0
-0.03870000  0.48480000  -1.21580000  0.02500000  0  0  0
-0.14410000  0.46870000  -1.22590000  0.02500000  0  0  0
-0.22070000  0.41570000  -1.25000000  0.02500000  0  0  0
-0.05050000  0.48110000  -1.20930000  0.02500000  0  0  0
-0.03650000  0.43190000  -1.25000000  0.02500000  0  0  0
-0.19380000  0.44300000  -1.20880000  0.02500000  0  0  0
-0.24130000  0.29770000  -0.95800000  0.02500000  0  0  0
-0.24390000  0.39190000  -1.15400000  0.02500000  0  0  0
-0.12470000  0.45520000  -1.18000000  0.02500000  0  0  0
-0.23810000  0.40910000  -1.25000000  0.02500000  0  0  0
-0.09260000  0.43110000  -1.25000000  0.02500000  0  0  0
-0.08260000  0.47730000  -1.21110000  0.02500000  0  0  0
-0.19390000  0.33830000  -0.97490000  0.02500000  0  0  0
-0.18920000  0.37500000  -1.25000000  0.02500000  0  0  0
-0.15430000  0.43110000  -1.14480000  0.02500000  0  0  0
-0.02510000  0.47720000  -1.19480000  0.02500000  0  0  0
0.00380000  0.46900000  -1.17260000  0.02500000  0  0  0
-0.15020000  0.46670000  -1.25000000  0.02500000  0  0  0
-0.05570000  0.46740000  -1.25000000  0.02500000  0  0  0
-0.23550000  0.44050000  -1.25000000  0.02500000  0  0  0
-0.20050000  0.35710000  -1.25000000  0.02500000  0  0  0
-0.08120000  0.47940000  -1.25000000  0.02500000  0  0  0
-0.12350000  0.46630000  -1.20610000  0.02500000  0  0  0
-0.22170000  0.38880000  -1.11890000  0.02500000  0  0  0
-0.20480000  0.41080000  -1.14770000  0.02500000  0  0  0
-0.05680000  0.45930000  -1.15690000  0.02500000  0  0  0
-0.17030000  0.42860000  -1.15290000  0.02500000  0  0  0
-0.02650000  0.48740000  -1.22030000  0.02500000  0  0  0
-0.00860000  0.47590000  -1.18990000  0.02500000  0  0  0
-0.15620000  0.41140000  -1.10000000  0.02500000  0  0  0
-0.22340000  0.40230000  -1.15050000  0.02500000  0  0  0
-0.12390000  0.47890000  -1.23670000  0.02500000  0  0  0
-0.24180000  0.42090000  -1.21350000  0.02500000  0  0  0
-0.11690000  0.41780000  -1.25000000  0.02500000  0  0  0
-0.19090000  0.40440000  -1.11800000  0.02500000  0  0  0
-0.05220000  0.45120000  -1.13550000  0.02500000  0  0  0
-0.15380000  0.47570000  -1.24980000  0.02500000  0  0  0
-0.19770000  0.35500000  -1.01590000  0.02500000  0  0  0
-0.16750000  0.45320000  -1.25000000  0.02500000  0  0  0
-0.24200000  0.37030000  -1.25000000  0.02500000  0  0  0
-0.06670000  0.46100000  -1.16440000  0.02500000  0  0  0
-0.08200000  0.38530000  -0.98480000  0.02500000  0  0  0
-0.24030000  0.37670000  -1.25000000  0.02500000  0  0  0
-0.05070000  0.47550000  -1.19550000  0.02500000  0  0  0
-0.17400000  0.40650000  -1.25000000  0.02500000  0  0  0
-0.20680000  0.45490000  -1.25000000  0.02500000  0  0  0
-0.08460000  0.48000000  -1.21860000  0.02500000  0  0  0
-0.05060000  0.47220000  -1.18720000  0.02500000  0  0  0
-0.04180000  0.45640000  -1.25000000  0.02500000  0  0  0
-0.19060000  0.44100000  -1.25000000  0.02500000  0  0  0
-0.12160000  0.47380000  -1.22300000  0.02500000  0  0  0
-0.20100000  0.44880000  -1.22940000  0.02500000  0  0  0
-0.17110000  0.44270000  -1.18650000  0.02500000  0  0  0
-0.21520000  0.43670000  -1.21720000  0.02500000  0  0  0
-0.12360000  0.47290000  -1.22200000  0.02500000  0  0  0
-0.07730000  0.46510000  -1.17870000  0.02500000  0  0  0
-0.18930000  0.45040000  -1.25000000  0.02500000  0  0  0
-0.16410000  0.46830000  -1.24050000  0.02500000  0  0  0
-0.00790000  0.45320000  -1.25000000  0.02500000  0  0  0
-0.15670000  0.39400000  -1.25000000  0.02500000  0  0  0
-0.13980000  0.46700000  -1.21870000  0.02500000  0  0  0
-0.35570000  0.32100000  -1.25000000  0.02500000  0  0  0
-0.35110000  0.33150000  -1.20720000  0.02500000  0  0  0
-0.38610000  0.27950000  -1.19170000  0.02500000  0  0  0
-0.28150000  0.39530000  -1.21330000  0.02500000  0  0  0
-0.29510000  0.29020000  -1.03470000  0.02500000  0  0  0
-0.38120000  0.32140000  -1.24660000  0.02500000  0  0  0
-0.39860000  0.29490000  -1.23960000  0.02500000  0  0  0
-0.31080000  0.33330000  -1.13920000  0.02500000  0  0  0
-0.36320000  0.34310000  -1.24900000  0.02500000  0  0  0
-0.26990000  0.31690000  -1.04070000  0.02500000  0  0  0
-0.39610000  0.28000000  -1.21270000  0.02500000  0  0  0
-0.30570000  0.36260000  -1.18570000  0.02500000  0  0  0
-0.27540000  0.36300000  -1.25000000  0.02500000  0  0  0
-0.25470000  0.40620000  -1.19860000  0.02500000  0  0  0
-0.39110000  0.30710000  -1.24320000  0.02500000  0  0  0
-0.29340000  0.36110000  -1.16320000  0.02500000  0  0  0
-0.25210000  0.39550000  -1.25000000  0.02500000  0  0  0
-0.27400000  0.38190000  -1.17500000  0.02500000  0  0  0
-0.37240000  0.28490000  -1.25000000  0.02500000  0  0  0
-0.41270000  0.28010000  -1.24710000  0.02500000  0  0  0
-0.27670000  0.39850000  -1.21300000  0.02500000  0  0  0
-0.26220000  0.36090000  -1.11520000  0.02500000  0  0  0
-0.27420000  0.28430000  -0.98740000  0.02500000  0  0  0
-0.32720000  0.32440000  -1.15180000  0.02500000  0  0  0
-0.32270000  0.34900000  -1.25000000  0.02500000  0  0  0
-0.40810000  0.25920000  -1.20870000  0.02500000  0  0  0
-0.33860000  0.33990000  -1.19940000  0.02500000  0  0  0
-0.35410000  0.33990000  -1.25000000  0.02500000  0  0  0
-0.39640000  0.29290000  -1.23210000  0.02500000  0  0  0
-0.38270000  0.26640000  -1.25000000  0.02500000  0  0  0
-0.39420000  0.29000000  -1.22340000  0.02500000  0  0  0
-0.37920000  0.29920000  -1.20760000  0.02500000  0  0  0
-0.35870000  0.33560000  -1.25000000  0.02500000  0  0  0
-0.41410000  0.27860000  -1.24760000  0.02500000  0  0  0
-0.30240000  0.34750000  -1.15160000  0.02500000  0  0  0
-0.38610000  0.29220000  -1.21040000  0.02500000  0  0  0
-0.31260000  0.30940000  -1.25000000  0.02500000  0  0  0
-0.32190000  0.33140000  -1.15510000  0.02500000  0  0  0
-0.34310000  0.32950000  -1.18930000  0.02500000  0  0  0
-0.41050000  0.27340000  -1.23290000  0.02500000  0  0  0
-0.35940000  0.27230000  -1.25000000  0.02500000  0  0  0
-0.37680000  0.27780000  -1.25000000  0.02500000  0  0  0
-0.34470000  0.35350000  -1.23440000  0.02500000  0  0  0
-0.37470000  0.29340000  -1.18980000  0.02500000  0  0  0
-0.34530000  0.32110000  -1.17890000  0.02500000  0  0  0
-0.28720000  0.33070000  -1.25000000  0.02500000  0  0  0
-0.31670000  0.26390000  -1.25000000  0.02500000  0  0  0
-0.36150000  0.29660000  -1.16900000  0.02500000  0  0  0
-0.11290000  0.32110000  -0.85080000  0.02500000  0  0  0
-0.22060000  0.25830000  -0.84930000  0.02500000  0  0  0
-0.11180000  0.26830000  -0.72660000  0.02500000  0  0  0
-0.03480000  0.34020000  -0.85500000  0.02500000  0  0  0
-0.02180000  0.28490000  -0.71420000  0.02500000  0  0  0
-0.02190000  0.27370000  -0.68640000  0.02500000  0  0  0
-0.05670000  0.30880000  -0.78500000  0.02500000  0  0  0
-0.08060000  0.30350000  -0.78490000  0.02500000  0  0  0
-0.10850000  0.28340000  -0.75860000  0.02500000  0  0  0
-0.10100000  0.26440000  -0.70750000  0.02500000  0  0  0
-0.08270000  0.28470000  -0.74110000  0.02500000  0  0  0
-0.14230000  0.29900000  -0.82790000  0.02500000  0  0  0
-0.15560000  0.27030000  -0.77980000  0.02500000  0  0  0
-0.16940000  0.30840000  -0.87960000  0.02500000  0  0  0
-0.20130000  0.26150000  -0.82490000  0.02500000  0  0  0
-0.00510000  0.28880000  -0.72210000  0.02500000  0  0  0
-0.05390000  0.26330000  -0.67200000  0.02500000  0  0  0
-0.13810000  0.26170000  -0.73980000  0.02500000  0  0  0
0.03230000  0.26190000  -0.65970000  0.02500000  0  0  0
0.01790000  0.29050000  -0.72750000  0.02500000  0  0  0
0.22980000  0.26900000  -0.88450000  0.02500000  0  0  0
0.19640000  0.27870000  -0.85240000  0.02500000  0  0  0
0.08050000  0.26550000  -0.69370000  0.02500000  0  0  0
0.10020000  0.27850000  -0.74000000  0.02500000  0  0  0
0.05260000  0.29050000  -0.73790000  0.02500000  0  0  0
0.17730000  0.27380000  -0.81540000  0.02500000  0  0  0
0.02050000  0.26130000  -0.65520000  0.02500000  0  0  0
0.11720000  0.27920000  -0.75700000  0.02500000  0  0  0
0.11860000  0.26780000  -0.73220000  0.02500000  0  0  0
0.08770000  0.32290000  -0.83660000  0.02500000  0  0  0
0.29280000  0.08240000  -0.76060000  0.02500000  0  0  0
0.31260000  0.01110000  -0.78200000  0.02500000  0  0  0
0.25830000  0.15100000  -0.74790000  0.02500000  0  0  0
0.29640000  0.03280000  -0.74550000  0.02500000  0  0  0
0.28200000  0.00590000  -0.70530000  0.02500000  0  0  0
0.32810000  0.13340000  -0.88540000  0.02500000  0  0  0
0.26720000  0.17110000  -0.79330000  0.02500000  0  0  0
0.29770000  0.06900000  -0.76390000  0.02500000  0  0  0
0.26760000  0.08090000  -0.69890000  0.02500000  0  0  0
0.28950000  0.05530000  -0.73690000  0.02500000  0  0  0
0.26640000  0.04650000  -0.67610000  0.02500000  0  0  0
0.28180000  0.20760000  -0.87490000  0.02500000  0  0  0
0.28910000  0.04370000  -0.73090000  0.02500000  0  0  0
0.23320000  0.09530000  -0.62980000  0.02500000  0  0  0
0.13940000  0.24680000  -0.70860000  0.02500000  0  0  0
0.23060000  0.17640000  -0.72580000  0.02500000  0  0  0
0.21100000  0.20160000  -0.72960000  0.02500000  0  0  0
0.14850000  0.23210000  -0.68880000  0.02500000  0  0  0
0.18420000  0.19630000  -0.67300000  0.02500000  0  0  0
0.21210000  0.16920000  -0.67830000  0.02500000  0  0  0
0.25150000  0.04900000  -0.64060000  0.02500000  0  0  0
0.22440000  0.12910000  -0.64720000  0.02500000  0  0  0
0.25100000  0.03220000  -0.63260000  0.02500000  0  0  0
0.04800000  0.24970000  -0.63570000  0.02500000  0  0  0
-0.24600000  0.06750000  -0.63780000  0.02500000  0  0  0
-0.23870000  0.10860000  -0.65570000  0.02500000  0  0  0
-0.12370000  0.21990000  -0.63080000  0.02500000  0  0  0
-0.18020000  0.21980000  -0.71060000  0.02500000  0  0  0
-0.16750000  0.24540000  -0.74280000  0.02500000  0  0  0
-0.20720000  0.18470000  -0.69400000  0.02500000  0  0  0
-0.14930000  0.23310000  -0.69210000  0.02500000  0  0  0
-0.19720000  0.21840000  -0.73570000  0.02500000  0  0  0
-0.22870000  0.15490000  -0.69060000  0.02500000  0  0  0
-0.18990000  0.17770000  -0.65020000  0.02500000  0  0  0
-0.20470000  0.16010000  -0.64970000  0.02500000  0  0  0
-0.20240000  0.19790000  -0.70770000  0.02500000  0  0  0
-0.22150000  0.11610000  -0.62530000  0.02500000  0  0  0
-0.21610000  0.12990000  -0.63040000  0.02500000  0  0  0
-0.19990000  0.14690000  -0.62010000  0.02500000  0  0  0
-0.16880000  0.18360000  -0.62350000  0.02500000  0  0  0
-0.29430000  0.13540000  -0.80990000  0.02500000  0  0  0
-0.25300000  0.04780000  -0.64360000  0.02500000  0  0  0
-0.27880000  0.10080000  -0.74110000  0.02500000  0  0  0
-0.26660000  0.11100000  -0.72200000  0.02500000  0  0  0
-0.29180000  0.18050000  -0.85790000  0.02500000  0  0  0
-0.27700000  0.06440000  -0.71100000  0.02500000  0  0  0
-0.31350000  0.00970000  -0.78420000  0.02500000  0  0  0
-0.26160000  0.07470000  -0.68020000  0.02500000  0  0  0
-0.28950000  0.09600000  -0.76240000  0.02500000  0  0  0
-0.29130000  0.02970000  -0.73210000  0.02500000  0  0  0
-0.30590000  0.01710000  -0.76590000  0.02500000  0  0  0
-0.26790000  0.06180000  -0.68720000  0.02500000  0  0  0
-0.25050000  0.03620000  -0.63280000  0.02500000  0  0  0
-0.34250000  -0.04090000  -0.86240000  0.02500000  0  0  0
-0.26470000  -0.07490000  -0.68770000  0.02500000  0  0  0
-0.26140000  -0.04970000  -0.66530000  0.02500000  0  0  0
-0.32570000  -0.01300000  -0.81490000  0.02500000  0  0  0
-0.26460000  -0.11770000  -0.72390000  0.02500000  0  0  0
-0.35150000  -0.09720000  -0.91170000  0.02500000  0  0  0
-0.26650000  -0.03170000  -0.67100000  0.02500000  0  0  0
-0.25810000  -0.19360000  -0.80660000  0.02500000  0  0  0
-0.28220000  -0.04410000  -0.71400000  0.02500000  0  0  0
-0.25790000  -0.08100000  -0.67590000  0.02500000  0  0  0
-0.32350000  -0.13870000  -0.87980000  0.02500000  0  0  0
-0.28270000  -0.18390000  -0.84320000  0.02500000  0  0  0
-0.26310000  -0.13130000  -0.73520000  0.02500000  0  0  0
-0.29660000  -0.06740000  -0.76050000  0.02500000  0  0  0
-0.25420000  -0.24060000  -0.87510000  0.02500000  0  0  0
-0.29320000  -0.13710000  -0.80920000  0.02500000  0  0  0
-0.26210000  -0.21560000  -0.84850000  0.02500000  0  0  0
-0.30020000  -0.01740000  -0.75170000  0.02500000  0  0  0
-0.27790000  -0.16500000  -0.80800000  0.02500000  0  0  0
-0.25190000  0.00240000  -0.62970000  0.02500000  0  0  0
-0.27880000  -0.15490000  -0.79730000  0.02500000  0  0  0
-0.14180000  -0.21800000  -0.65010000  0.02500000  0  0  0
-0.23890000  -0.19240000  -0.76680000  0.02500000  0  0  0
-0.10500000  -0.24360000  -0.66320000  0.02500000  0  0  0
-0.19660000  -0.20070000  -0.70250000  0.02500000  0  0  0
-0.19180000  -0.18490000  -0.66590000  0.02500000  0  0  0
-0.13770000  -0.24390000  -0.70030000  0.02500000  0  0  0
-0.16950000  -0.19110000  -0.63850000  0.02500000  0  0  0
-0.23310000  -0.19460000  -0.75920000  0.02500000  0  0  0
-0.04980000  -0.24620000  -0.62790000  0.02500000  0  0  0
-0.22610000  -0.12110000  -0.64120000  0.02500000  0  0  0
-0.16160000  -0.21030000  -0.66310000  0.02500000  0  0  0
-0.18040000  -0.18220000  -0.64110000  0.02500000  0  0  0
-0.17960000  -0.21160000  -0.69400000  0.02500000  0  0  0
-0.10740000  -0.22750000  -0.62900000  0.02500000  0  0  0
-0.21800000  -0.23270000  -0.79720000  0.02500000  0  0  0
0.13670000  -0.23600000  -0.68180000  0.02500000  0  0  0
0.21020000  -0.24060000  -0.79870000  0.02500000  0  0  0
0.20000000  -0.17130000  -0.65830000  0.02500000  0  0  0
0.24090000  -0.20830000  -0.79610000  0.02500000  0  0  0
0.20360000  -0.22100000  -0.75110000  0.02500000  0  0  0
0.22860000  -0.19600000  -0.75290000  0.02500000  0  0  0
0.08830000  -0.23520000  -0.62800000  0.02500000  0  0  0
0.22270000  -0.14700000  -0.66710000  0.02500000  0  0  0
0.10230000  -0.23210000  -0.63420000  0.02500000  0  0  0
0.25160000  -0.15560000  -0.73950000  0.02500000  0  0  0
0.25710000  -0.08830000  -0.67960000  0.02500000  0  0  0
0.17810000  -0.21420000  -0.69630000  0.02500000  0  0  0
0.23260000  -0.08800000  -0.62180000  0.02500000  0  0  0
0.18230000  -0.16830000  -0.62040000  0.02500000  0  0  0
0.20760000  -0.20540000  -0.73020000  0.02500000  0  0  0
0.24950000  -0.04350000  -0.63320000  0.02500000  0  0  0
0.16140000  -0.23460000  -0.71180000  0.02500000  0  0  0
0.24150000  -0.13040000  -0.68610000  0.02500000  0  0  0
0.23570000  -0.09040000  -0.63120000  0.02500000  0  0  0
0.25570000  -0.19230000  -0.79990000  0.02500000  0  0  0
0.24670000  -0.17790000  -0.76040000  0.02500000  0  0  0
0.23240000  -0.09590000  -0.62860000  0.02500000  0  0  0
0.27910000  -0.02630000  -0.70100000  0.02500000  0  0  0
0.31470000  -0.10810000  -0.83190000  0.02500000  0  0  0
0.30460000  -0.05530000  -0.77400000  0.02500000  0  0  0
0.36090000  -0.05980000  -0.91470000  0.02500000  0  0  0
0.27780000  -0.01410000  -0.69530000  0.02500000  0  0  0
0.28660000  -0.07240000  -0.73900000  0.02500000  0  0  0
0.34790000  -0.09620000  -0.90230000  0.02500000  0  0  0
0.30090000  -0.07060000  -0.77270000  0.02500000  0  0  0
0.28120000  -0.11580000  -0.76020000  0.02500000  0  0  0
0.26410000  -0.05970000  -0.67680000  0.02500000  0  0  0
0.01680000  -0.25690000  -0.64370000  0.02500000  0  0  0
0.06020000  -0.28180000  -0.72040000  0.02500000  0  0  0
0.02550000  -0.26520000  -0.66610000  0.02500000  0  0  0
0.10270000  -0.30130000  -0.79580000  0.02500000  0  0  0
0.13920000  -0.28210000  -0.78650000  0.02500000  0  0  0
0.11280000  -0.33400000  -0.88130000  0.02500000  0  0  0
0.09140000  -0.31310000  -0.81540000  0.02500000  0  0  0
0.14860000  -0.25690000  -0.74200000  0.02500000  0  0  0
0.07360000  -0.29480000  -0.75950000  0.02500000  0  0  0
0.13670000  -0.26710000  -0.75010000  0.02500000  0  0  0
0.14530000  -0.34120000  -0.92710000  0.02500000  0  0  0
0.16000000  -0.25380000  -0.75000000  0.02500000  0  0  0
0.01030000  -0.31310000  -0.78310000  0.02500000  0  0  0
0.08250000  -0.26390000  -0.69120000  0.02500000  0  0  0
-0.05190000  -0.36250000  -0.91560000  0.02500000  0  0  0
-0.01080000  -0.27780000  -0.69510000  0.02500000  0  0  0
-0.17640000  -0.24970000  -0.76430000  0.02500000  0  0  0
-0.00750000  -0.30590000  -0.76500000  0.02500000  0  0  0
-0.05810000  -0.30840000  -0.78460000  0.02500000  0  0  0
-0.16110000  -0.28620000  -0.82110000  0.02500000  0  0  0
-0.01800000  -0.27480000  -0.68840000  0.02500000  0  0  0
-0.20190000  -0.28170000  -0.86650000  0.02500000  0  0  0
-0.11280000  -0.25140000  -0.68880000  0.02500000  0  0  0
-0.17010000  -0.31060000  -0.88530000  0.02500000  0  0  0
-0.01560000  -0.25200000  -0.63130000  0.02500000  0  0  0
0.00040000  -0.29990000  -0.74970000  0.02500000  0  0  0
-0.08760000  -0.31400000  -0.81510000  0.02500000  0  0  0
-0.11300000  -0.29550000  -0.79080000  0.02500000  0  0  0
-0.02490000  -0.25880000  -0.65000000  0.02500000  0  0  0
-0.13120000  -0.25640000  -0.72010000  0.02500000  0  0  0
-0.06340000  -0.33950000  -0.86350000  0.02500000  0  0  0
-0.07190000  -0.28270000  -0.72930000  0.02500000  0  0  0
0.12770000  -0.13560000  -0.46570000  0.02500000  0  0  0
0.12470000  -0.00600000  -0.31200000  0.02500000  0  0  0
0.16860000  -0.13680000  -0.54270000  0.02500000  0  0  0
0.12770000  -0.08640000  -0.38540000  0.02500000  0  0  0
0.03330000  -0.20360000  -0.51590000  0.02500000  0  0  0
0.07280000  -0.18240000  -0.49100000  0.02500000  0  0  0
0.10740000  -0.13950000  -0.44000000  0.02500000  0  0  0
0.17980000  -0.01010000  -0.45030000  0.02500000  0  0  0
0.18240000  -0.09490000  -0.51400000  0.02500000  0  0  0
0.03810000  -0.20050000  -0.51030000  0.02500000  0  0  0
0.09720000  -0.13300000  -0.41190000  0.02500000  0  0  0
0.09200000  -0.19500000  -0.53910000  0.02500000  0  0  0
0.12080000  -0.06060000  -0.33790000  0.02500000  0  0  0
0.17810000  -0.07980000  -0.48790000  0.02500000  0  0  0
0.16280000  -0.02880000  -0.41330000  0.02500000  0  0  0
0.15540000  -0.06170000  -0.41820000  0.02500000  0  0  0
0.08420000  -0.14820000  -0.42620000  0.02500000  0  0  0
0.11830000  -0.05450000  -0.32560000  0.02500000  0  0  0
0.16090000  -0.10460000  -0.47970000  0.02500000  0  0  0
0.04890000  -0.23320000  -0.59570000  0.02500000  0  0  0
0.10510000  -0.16020000  -0.47910000  0.02500000  0  0  0
0.12480000  -0.03360000  -0.32320000  0.02500000  0  0  0
0.09600000  -0.07750000  -0.30850000  0.02500000  0  0  0
0.00610000  -0.19140000  -0.47880000  0.02500000  0  0  0
0.20820000  0.00300000  -0.52060000  0.02500000  0  0  0
0.15130000  -0.10940000  -0.46670000  0.02500000  0  0  0
0.16040000  -0.04280000  -0.41510000  0.02500000  0  0  0
0.01670000  -0.14060000  -0.35410000  0.02500000  0  0  0
0.18760000  -0.11410000  -0.54900000  0.02500000  0  0  0
0.04060000  -0.13380000  -0.34950000  0.02500000  0  0  0
0.02040000  -0.14180000  -0.35810000  0.02500000  0  0  0
0.07390000  -0.16220000  -0.44560000  0.02500000  0  0  0
0.13890000  -0.13120000  -0.47770000  0.02500000  0  0  0
0.17170000  -0.06540000  -0.45930000  0.02500000  0  0  0
0.05660000  -0.12880000  -0.35170000  0.02500000  0  0  0
0.08080000  -0.19240000  -0.52180000  0.02500000  0  0  0
0.01520000  -0.17350000  -0.43540000  0.02500000  0  0  0
0.11470000  -0.06760000  -0.33280000  0.02500000  0  0  0
0.05730000  -0.13980000  -0.37770000  0.02500000  0  0  0
0.12800000  -0.14520000  -0.48390000  0.02500000  0  0  0
0.09400000  -0.14100000  -0.42360000  0.02500000  0  0  0
0.05660000  -0.21710000  -0.56080000  0.02500000  0  0  0
0.12640000  0.00290000  -0.31610000  0.02500000  0  0  0
0.09470000  -0.12020000  -0.38270000  0.02500000  0  0  0
0.11110000  -0.18850000  -0.54710000  0.02500000  0  0  0
0.10200000  -0.12910000  -0.41120000  0.02500000  0  0  0
0.09280000  -0.08340000  -0.31190000  0.02500000  0  0  0
0.05000000  -0.18710000  -0.48410000  0.02500000  0  0  0
0.06590000  -0.19360000  -0.51120000  0.02500000  0  0  0
0.16570000  0.00200000  -0.41420000  0.02500000  0  0  0
0.13520000  -0.06030000  -0.37010000  0.02500000  0  0  0
0.16580000  -0.01990000  -0.41750000  0.02500000  0  0  0
0.06900000  -0.10110000  -0.30590000  0.02500000  0  0  0
-0.18540000  -0.12610000  -0.56050000  0.02500000  0  0  0
-0.14940000  -0.04490000  -0.39000000  0.02500000  0  0  0
-0.07790000  -0.15510000  -0.43390000  0.02500000  0  0  0
-0.14690000  -0.08640000  -0.42600000  0.02500000  0  0  0
-0.19710000  -0.03070000  -0.49860000  0.02500000  0  0  0
-0.10210000  -0.12930000  -0.41180000  0.02500000  0  0  0
-0.05430000  -0.10940000  -0.30520000  0.02500000  0  0  0
-0.16920000  -0.07710000  -0.46480000  0.02500000  0  0  0
-0.04620000  -0.18040000  -0.46550000  0.02500000  0  0  0
-0.07820000  -0.09460000  -0.30680000  0.02500000  0  0  0
-0.20560000  -0.00200000  -0.51400000  0.02500000  0  0  0
-0.20600000  -0.01350000  -0.51610000  0.02500000  0  0  0
-0.15160000  -0.01480000  -0.38080000  0.02500000  0  0  0
-0.00130000  -0.24190000  -0.60490000  0.02500000  0  0  0
-0.02360000  -0.17660000  -0.44550000  0.02500000  0  0  0
-0.12960000  -0.11490000  -0.43320000  0.02500000  0  0  0
-0.13860000  -0.04250000  -0.36240000  0.02500000  0  0  0
-0.03720000  -0.15790000  -0.40550000  0.02500000  0  0  0
-0.09990000  -0.07380000  -0.31060000  0.02500000  0  0  0
-0.10760000  -0.06620000  -0.31580000  0.02500000  0  0  0
-0.15320000  -0.02770000  -0.38920000  0.02500000  0  0  0
-0.04660000  -0.12370000  -0.33040000  0.02500000  0  0  0
-0.13820000  0.00220000  -0.34550000  0.02500000  0  0  0
-0.09130000  -0.14400000  -0.42630000  0.02500000  0  0  0
-0.11580000  -0.12520000  -0.42630000  0.02500000  0  0  0
-0.07620000  -0.10930000  -0.33310000  0.02500000  0  0  0
-0.12960000  -0.02200000  -0.32860000  0.02500000  0  0  0
-0.12780000  -0.00790000  -0.32010000  0.02500000  0  0  0
-0.00420000  -0.16700000  -0.41750000  0.02500000  0  0  0
-0.04450000  -0.18780000  -0.48260000  0.02500000  0  0  0
-0.07300000  -0.11320000  -0.33680000  0.02500000  0  0  0
-0.09600000  -0.07710000  -0.30770000  0.02500000  0  0  0
-0.20180000  -0.07630000  -0.53950000  0.02500000  0  0  0
-0.03800000  -0.12380000  -0.32370000  0.02500000  0  0  0
-0.12890000  -0.06140000  -0.35700000  0.02500000  0  0  0
-0.20200000  -0.09160000  -0.55460000  0.02500000  0  0  0
-0.22650000  0.00030000  -0.56620000  0.02500000  0  0  0
-0.02020000  -0.13840000  -0.34970000  0.02500000  0  0  0
-0.14600000  -0.14100000  -0.50750000  0.02500000  0  0  0
-0.05500000  -0.20750000  -0.53680000  0.02500000  0  0  0
-0.15780000  -0.13910000  -0.52590000  0.02500000  0  0  0
-0.15770000  -0.03080000  -0.40170000  0.02500000  0  0  0
-0.14850000  -0.00870000  -0.37190000  0.02500000  0  0  0
-0.10960000  -0.08250000  -0.34300000  0.02500000  0  0  0
-0.07000000  -0.10910000  -0.32400000  0.02500000  0  0  0
-0.15200000  -0.07120000  -0.41970000  0.02500000  0  0  0
-0.18120000  0.00350000  -0.45310000  0.02500000  0  0  0
-0.13220000  -0.07210000  -0.37640000  0.02500000  0  0  0
-0.11640000  -0.10590000  -0.39350000  0.02500000  0  0  0
-0.19060000  -0.06250000  -0.50160000  0.02500000  0  0  0
-0.22860000  -0.08560000  -0.61020000  0.02500000  0  0  0
-0.15110000  -0.13000000  -0.49820000  0.02500000  0  0  0
-0.11840000  -0.14570000  -0.46950000  0.02500000  0  0  0
-0.03760000  -0.15830000  -0.40670000  0.02500000  0  0  0
-0.16040000  -0.06220000  -0.43000000  0.02500000  0  0  0
-0.01210000  -0.12910000  -0.32420000  0.02500000  0  0  0
-0.12300000  -0.10660000  -0.40680000  0.02500000  0  0  0
0.00280000  0.18150000  -0.45390000  0.02500000  0  0  0
-0.20960000  0.06700000  -0.55010000  0.02500000  0  0  0
-0.09720000  0.18820000  -0.52960000  0.02500000  0  0  0
-0.16160000  0.08960000  -0.46180000  0.02500000  0  0  0
-0.15610000  0.05450000  -0.41340000  0.02500000  0  0  0
-0.01560000  0.13050000  -0.32850000  0.02500000  0  0  0
-0.01500000  0.18780000  -0.47090000  0.02500000  0  0  0
-0.14810000  0.02050000  -0.37380000  0.02500000  0  0  0
0.00340000  0.21050000  -0.52640000  0.02500000  0  0  0
-0.15820000  0.03480000  -0.40500000  0.02500000  0  0  0
-0.00160000  0.24570000  -0.61420000  0.02500000  0  0  0
-0.03410000  0.15000000  -0.38450000  0.02500000  0  0  0
-0.16780000  0.07870000  -0.46330000  0.02500000  0  0  0
-0.13030000  0.12980000  -0.45980000  0.02500000  0  0  0
-0.09900000  0.08020000  -0.31840000  0.02500000  0  0  0
-0.18320000  0.13580000  -0.57020000  0.02500000  0  0  0
-0.11630000  0.04540000  -0.31210000  0.02500000  0  0  0
-0.05930000  0.14970000  -0.40250000  0.02500000  0  0  0
-0.06380000  0.22610000  -0.58730000  0.02500000  0  0  0
-0.13770000  0.05930000  -0.37490000  0.02500000  0  0  0
-0.05780000  0.19060000  -0.49800000  0.02500000  0  0  0
-0.03440000  0.14360000  -0.36920000  0.02500000  0  0  0
-0.10490000  0.09290000  -0.35030000  0.02500000  0  0  0
-0.07340000  0.10860000  -0.32780000  0.02500000  0  0  0
-0.03950000  0.12750000  -0.33370000  0.02500000  0  0  0
-0.16780000  0.01500000  -0.42130000  0.02500000  0  0  0
-0.03560000  0.20990000  -0.53230000  0.02500000  0  0  0
-0.12210000  0.03300000  -0.31630000  0.02500000  0  0  0
-0.14790000  0.00820000  -0.37020000  0.02500000  0  0  0
-0.08120000  0.12280000  -0.36800000  0.02500000  0  0  0
-0.13440000  0.06490000  -0.37310000  0.02500000  0  0  0
-0.08800000  0.10490000  -0.34230000  0.02500000  0  0  0
-0.17990000  0.04830000  -0.46560000  0.02500000  0  0  0
-0.04230000  0.19320000  -0.49450000  0.02500000  0  0  0
-0.06330000  0.16120000  -0.43310000  0.02500000  0  0  0
-0.10860000  0.14690000  -0.45670000  0.02500000  0  0  0
-0.11300000  0.08440000  -0.35260000  0.02500000  0  0  0
-0.01390000  0.12270000  -0.30870000  0.02500000  0  0  0
-0.12190000  0.06890000  -0.34990000  0.02500000  0  0  0
-0.10460000  0.18150000  -0.52370000  0.02500000  0  0  0
-0.17930000  0.07520000  -0.48620000  0.02500000  0  0  0
-0.02920000  0.17700000  -0.44850000  0.02500000  0  0  0
-0.02990000  0.11990000  -0.30900000  0.02500000  0  0  0
-0.05080000  0.16470000  -0.43080000  0.02500000  0  0  0
-0.12740000  0.08490000  -0.38280000  0.02500000  0  0  0
-0.06990000  0.11890000  -0.34470000  0.02500000  0  0  0
-0.11150000  0.10420000  -0.38170000  0.02500000  0  0  0
-0.00220000  0.13640000  -0.34100000  0.02500000  0  0  0
0.07700000  0.13760000  -0.39430000  0.02500000  0  0  0
0.15510000  0.18130000  -0.59650000  0.02500000  0  0  0
0.03820000  0.19350000  -0.49320000  0.02500000  0  0  0
0.14880000  0.10520000  -0.45550000  0.02500000  0  0  0
0.11700000  0.20070000  -0.58070000  0.02500000  0  0  0
0.11810000  0.08830000  -0.36880000  0.02500000  0  0  0
0.05550000  0.14940000  -0.39840000  0.02500000  0  0  0
0.14550000  0.18140000  -0.58150000  0.02500000  0  0  0
0.16530000  0.07400000  -0.45280000  0.02500000  0  0  0
0.05950000  0.20650000  -0.53740000  0.02500000  0  0  0
0.16250000  0.05970000  -0.43280000  0.02500000  0  0  0
0.11780000  0.09170000  -0.37320000  0.02500000  0  0  0
0.10990000  0.20470000  -0.58090000  0.02500000  0  0  0
0.12760000  0.05050000  -0.34300000  0.02500000  0  0  0
0.03370000  0.14180000  -0.36430000  0.02500000  0  0  0
0.06000000  0.12150000  -0.33870000  0.02500000  0  0  0
0.09160000  0.11290000  -0.36350000  0.02500000  0  0  0
0.15300000  0.02540000  -0.38770000  0.02500000  0  0  0
0.13650000  0.12140000  -0.45660000  0.02500000  0  0  0
0.12880000  0.02040000  -0.32600000  0.02500000  0  0  0
0.04950000  0.13730000  -0.36500000  0.02500000  0  0  0
0.02720000  0.21000000  -0.52950000  0.02500000  0  0  0
0.05980000  0.23560000  -0.60760000  0.02500000  0  0  0
0.05480000  0.10930000  -0.30570000  0.02500000  0  0  0
0.19060000  0.05840000  -0.49840000  0.02500000  0  0  0
0.13850000  0.13430000  -0.48230000  0.02500000  0  0  0
0.04170000  0.11460000  -0.30490000  0.02500000  0  0  0
0.04790000  0.14880000  -0.39070000  0.02500000  0  0  0
0.19930000  0.00950000  -0.49890000  0.02500000  0  0  0
0.13710000  0.18740000  -0.58040000  0.02500000  0  0  0
0.05430000  0.13140000  -0.35560000  0.02500000  0  0  0
0.09660000  0.10000000  -0.34770000  0.02500000  0  0  0
0.05120000  0.12450000  -0.33650000  0.02500000  0  0  0
0.20550000  0.05420000  -0.53130000  0.02500000  0  0  0
0.07410000  0.16920000  -0.46170000  0.02500000  0  0  0
0.14150000  0.08850000  -0.41720000  0.02500000  0  0  0
0.06910000  0.18760000  -0.49980000  0.02500000  0  0  0
0.13650000  0.03270000  -0.35080000  0.02500000  0  0  0
0.15980000  0.08090000  -0.44790000  0.02500000  0  0  0
0.05230000  0.12160000  -0.33100000  0.02500000  0  0  0
0.03720000  0.13200000  -0.34280000  0.02500000  0  0  0
0.17830000  0.06790000  -0.47690000  0.02500000  0  0  0
0.15820000  0.08480000  -0.44870000  0.02500000  0  0  0
0.13010000  0.00590000  -0.32550000  0.02500000  0  0  0
0.02090000  0.16210000  -0.40860000  0.02500000  0  0  0
0.16150000  0.09270000  -0.46550000  0.02500000  0  0  0
0.11560000  0.12260000  -0.42130000  0.02500000  0  0  0
0.07490000  0.11440000  -0.34190000  0.02500000  0  0  0
0.19830000  0.12620000  -0.58750000  0.02500000  0  0  0
0.11560000  0.07500000  -0.34440000  0.02500000  0  0  0
0.06460000  0.18550000  -0.49110000  0.02500000  0  0  0
0.09310000  0.06970000  -0.29080000  0.02500000  0  0  0
0.07300000  0.06720000  -0.24810000  0.02500000  0  0  0
0.05060000  0.06730000  -0.21040000  0.02500000  0  0  0
0.01450000  0.04040000  -0.10720000  0.02500000  0  0  0
0.11620000  0.02310000  -0.29620000  0.02500000  0  0  0
0.00820000  0.11280000  -0.28280000  0.02500000  0  0  0
0.00570000  0.08850000  -0.22170000  0.02500000  0  0  0
0.06610000  0.01780000  -0.17120000  0.02500000  0  0  0
0.04850000  0.05670000  -0.18650000  0.02500000  0  0  0
0.04370000  0.02610000  -0.12720000  0.02500000  0  0  0
0.04230000  0.05410000  -0.17170000  0.02500000  0  0  0
0.08310000  0.03560000  -0.22590000  0.02500000  0  0  0
0.04230000  0.05890000  -0.18130000  0.02500000  0  0  0
0.05570000  0.01810000  -0.14630000  0.02500000  0  0  0
0.05390000  0.06940000  -0.21950000  0.02500000  0  0  0
0.01980000  0.04870000  -0.13150000  0.02500000  0  0  0
0.01340000  0.03030000  -0.08280000  0.02500000  0  0  0
0.01540000  0.01600000  -0.05550000  0.02500000  0  0  0
0.06190000  0.01240000  -0.15780000  0.02500000  0  0  0
0.04130000  0.01370000  -0.10870000  0.02500000  0  0  0
0.04650000  0.01870000  -0.12530000  0.02500000  0  0  0
0.03470000  0.00580000  -0.08780000  0.02500000  0  0  0
0.02750000  0.05320000  -0.14980000  0.02500000  0  0  0
0.05380000  0.06490000  -0.21080000  0.02500000  0  0  0
0.04640000  0.04480000  -0.16130000  0.02500000  0  0  0
0.10660000  0.02370000  -0.27290000  0.02500000  0  0  0
0.03630000  0.10990000  -0.28940000  0.02500000  0  0  0
0.04510000  0.01640000  -0.12010000  0.02500000  0  0  0
0.04050000  0.03780000  -0.13850000  0.02500000  0  0  0
0.02520000  0.00430000  -0.06400000  0.02500000  0  0  0
0.04730000  0.02360000  -0.13210000  0.02500000  0  0  0
0.02650000  0.06180000  -0.16820000  0.02500000  0  0  0
-0.00270000  0.03890000  -0.09760000  0.02500000  0  0  0
-0.11050000  0.02770000  -0.28480000  0.02500000  0  0  0
-0.01350000  0.01090000  -0.04330000  0.02500000  0  0  0
-0.05140000  0.03820000  -0.16010000  0.02500000  0  0  0
-0.03900000  0.01990000  -0.10950000  0.02500000  0  0  0
-0.03730000  0.03860000  -0.13420000  0.02500000  0  0  0
-0.00800000  0.11080000  -0.27770000  0.02500000  0  0  0
-0.05750000  0.08140000  -0.24920000  0.02500000  0  0  0
-0.03990000  0.06380000  -0.18820000  0.02500000  0  0  0
-0.09660000  0.06690000  -0.29360000  0.02500000  0  0  0
-0.01960000  0.05880000  -0.15510000  0.02500000  0  0  0
-0.04460000  0.01950000  -0.12160000  0.02500000  0  0  0
-0.09630000  0.02410000  -0.24810000  0.02500000  0  0  0
-0.08320000  0.07260000  -0.27610000  0.02500000  0  0  0
-0.08870000  0.04360000  -0.24710000  0.02500000  0  0  0
-0.09690000  0.05250000  -0.27550000  0.02500000  0  0  0
-0.02770000  0.04310000  -0.12800000  0.02500000  0  0  0
-0.08530000  0.06650000  -0.27050000  0.02500000  0  0  0
-0.08190000  0.08330000  -0.29200000  0.02500000  0  0  0
-0.01450000  0.01830000  -0.05850000  0.02500000  0  0  0
-0.02510000  0.07280000  -0.19240000  0.02500000  0  0  0
0.00240000  0.10810000  -0.27040000  0.02500000  0  0  0
-0.04680000  0.05460000  -0.17980000  0.02500000  0  0  0
-0.05090000  0.09840000  -0.27690000  0.02500000  0  0  0
-0.05170000  0.01100000  -0.13230000  0.02500000  0  0  0
-0.06180000  0.03230000  -0.17430000  0.02500000  0  0  0
-0.02610000  0.00610000  -0.06700000  0.02500000  0  0  0
-0.00490000  0.04550000  -0.11430000  0.02500000  0  0  0
-0.08410000  0.06610000  -0.26740000  0.02500000  0  0  0
-0.03120000  0.05640000  -0.16110000  0.02500000  0  0  0
-0.08770000  0.01010000  -0.22060000  0.02500000  0  0  0
-0.03990000  0.07520000  -0.21280000  0.02500000  0  0  0
-0.07820000  0.02970000  -0.20900000  0.02500000  0  0  0
-0.08060000  0.01970000  -0.20730000  0.02500000  0  0  0
-0.10800000  0.00480000  -0.27020000  0.02500000  0  0  0
-0.06890000  0.00080000  -0.17230000  0.02500000  0  0  0
-0.01410000  -0.01430000  -0.05000000  0.02500000  0  0  0
-0.00350000  -0.11650000  -0.29130000  0.02500000  0  0  0
-0.03920000  0.00140000  -0.09810000  0.02500000  0  0  0
0.00330000  -0.04750000  -0.11910000  0.02500000  0  0  0
0.00040000  -0.10080000  -0.25190000  0.02500000  0  0  0
-0.07870000  -0.06960000  -0.26270000  0.02500000  0  0  0
-0.05900000  -0.10400000  -0.29900000  0.02500000  0  0  0
0.00300000  -0.07320000  -0.18310000  0.02500000  0  0  0
-0.00420000  -0.06000000  -0.15040000  0.02500000  0  0  0
-0.01870000  -0.07100000  -0.18350000  0.02500000  0  0  0
-0.03330000  -0.04840000  -0.14700000  0.02500000  0  0  0
0.00400000  -0.09780000  -0.24470000  0.02500000  0  0  0
-0.00840000  -0.05310000  -0.13450000  0.02500000  0  0  0
-0.04870000  -0.02650000  -0.13870000  0.02500000  0  0  0
-0.07230000  -0.02570000  -0.19190000  0.02500000  0  0  0
-0.07540000  -0.01950000  -0.19470000  0.02500000  0  0  0
-0.06950000  -0.07890000  -0.26290000  0.02500000  0  0  0
-0.00560000  -0.09420000  -0.23590000  0.02500000  0  0  0
-0.02690000  -0.01000000  -0.07180000  0.02500000  0  0  0
-0.08360000  -0.02800000  -0.22040000  0.02500000  0  0  0
-0.04350000  0.00250000  -0.10890000  0.02500000  0  0  0
-0.05900000  -0.05990000  -0.21020000  0.02500000  0  0  0
-0.01280000  -0.06300000  -0.16070000  0.02500000  0  0  0
-0.03730000  -0.03980000  -0.13640000  0.02500000  0  0  0
-0.02990000  -0.01910000  -0.08860000  0.02500000  0  0  0
-0.00990000  -0.08290000  -0.20880000  0.02500000  0  0  0
-0.06840000  -0.05670000  -0.22220000  0.02500000  0  0  0
-0.07490000  -0.04630000  -0.22020000  0.02500000  0  0  0
-0.06860000  -0.03750000  -0.19550000  0.02500000  0  0  0
-0.00880000  -0.03060000  -0.07950000  0.02500000  0  0  0
-0.00380000  -0.03390000  -0.08530000  0.02500000  0  0  0
-0.04140000  -0.06420000  -0.19100000  0.02500000  0  0  0
-0.00550000  -0.05560000  -0.13960000  0.02500000  0  0  0
-0.00390000  -0.04640000  -0.11640000  0.02500000  0  0  0
0.00530000  -0.06070000  -0.15220000  0.02500000  0  0  0
-0.04400000  -0.10730000  -0.28980000  0.02500000  0  0  0
-0.00490000  -0.05310000  -0.13330000  0.02500000  0  0  0
0.04210000  -0.11360000  -0.30280000  0.02500000  0  0  0
0.07060000  -0.03260000  -0.19440000  0.02500000  0  0  0
0.08700000  -0.07330000  -0.28430000  0.02500000  0  0  0
0.03600000  -0.07670000  -0.21180000  0.02500000  0  0  0
0.02010000  -0.11170000  -0.28370000  0.02500000  0  0  0
0.06150000  -0.03830000  -0.18110000  0.02500000  0  0  0
0.06170000  -0.02130000  -0.16310000  0.02500000  0  0  0
0.07450000  -0.08240000  -0.27770000  0.02500000  0  0  0
0.04670000  -0.06720000  -0.20460000  0.02500000  0  0  0
0.05320000  -0.10260000  -0.28890000  0.02500000  0  0  0
0.08710000  -0.05140000  -0.25280000  0.02500000  0  0  0
0.01510000  -0.00220000  -0.03810000  0.02500000  0  0  0
0.05700000  -0.03020000  -0.16120000  0.02500000  0  0  0
0.09660000  -0.01940000  -0.24620000  0.02500000  0  0  0
0.05490000  -0.09750000  -0.27990000  0.02500000  0  0  0
0.04500000  -0.04770000  -0.16380000  0.02500000  0  0  0
0.02290000  -0.09920000  -0.25460000  0.02500000  0  0  0
0.10010000  -0.02490000  -0.25790000  0.02500000  0  0  0
0.01040000  -0.05530000  -0.14060000  0.02500000  0  0  0
0.01670000  -0.09340000  -0.23720000  0.02500000  0  0  0
0.09520000  -0.05900000  -0.28010000  0.02500000  0  0  0
0.03380000  -0.02680000  -0.10780000  0.02500000  0  0  0
0.03850000  -0.09340000  -0.25260000  0.02500000  0  0  0
0.03520000  -0.09970000  -0.26430000  0.02500000  0  0  0
0.06770000  -0.08750000  -0.27660000  0.02500000  0  0  0
0.03650000  -0.06560000  -0.18760000  0.02500000  0  0  0
0.10470000  -0.06030000  -0.30210000  0.02500000  0  0  0
0.05840000  -0.01180000  -0.14900000  0.02500000  0  0  0
0.02350000  -0.03470000  -0.10470000  0.02500000  0  0  0
