0
0
0
0
0
0
0
0
0
5
0
0
0
0
0
0
0
0
0
0
5
0
0
0
17
18
0
0
0
3
5
0
0
17
0
0
3
0
0
0
8
0
18
0
17
0
34
18
0
26
0
35
0
0
17
0
0
0
0
0
0
0
41
35
50
0
0
0
35
17
34
4
39
0
0
26
35
41
39
0
0
17
19
5
0
0
0
0
0
0
18
0
0
0
3
0
19
14
17
39
43
0
0
65
0
0
19
0
65
18
17
19
0
0
35
5
0
5
3
17
11
0
0
0
17
17
17
0
34
0
17
0
0
0
0
0
17
0
0
0
0
0
0
0
0
129
0
0
0
147
121
17
0
146
0
17
0
134
123
0
0
17
0
0
0
0
0
0
0
0
143
0
0
163
147
163
135
0
139
17
165
0
55
17
146
0
0
0
165
165
0
165
0
127
165
0
165
0
139
23
138
127
129
0
165
0
141
139
0
165
135
148
168
165
0
0
0
146
0
123
0
127
0
165
0
121
127
192
192
0
163
17
160
146
0
0
224
17
0
163
0
0
139
129
163
127
165
0
17
55
121
0
229
192
139
10
0
190
0
34
55
197
165
129
17
164
0
165
0
268
0
0
0
205
165
171
165
165
17
17
165
0
0
165
17
165
139
0
165
256
148
165
163
127
23
134
0
0
197
165
132
129
165
17
165
17
147
270
135
0
163
258
165
0
220
197
134
163
165
17
165
165
165
270
165
270
121
171
168
17
258
140
0
165
195
165
23
121
0
129
195
17
0
338
332
192
0
146
0
146
0
129
129
270
17
147
148
0
229
17
133
0
146
0
140
165
258
165
163
123
0
165
214
165
165
0
23
195
127
0
165
270
0
0
0
0
165
0
0
0
0
165
0
0
0
0
0
0
0
0
0
400
395
385
165
0
0
0
405
385
165
0
165
165
395
332
0
395
407
0
407
165
0
0
0
0
0
0
165
165
165
165
0
407
0
0
384
0
165
165
0
0
405
0
0
165
165
0
0
400
0
296
394
165
0
400
0
444
0
0
0
165
385
405
383
0
427
165
0
407
165
444
384
0
165
384
165
0
405
423
411
165
0
0
165
0
483
0
0
399
400
0
0
393
165
447
165
426
0
0
0
411
411
0
427
458
485
396
424
419
0
411
165
165
0
483
0
458
0
483
165
0
0
435
0
407
138
0
0
399
485
190
524
0
485
485
483
388
0
384
165
528
395
407
165
165
0
527
458
405
435
485
165
485
165
524
485
407
405
405
528
447
485
0
379
524
485
426
485
0
483
405
485
0
395
437
527
524
0
458
487
0
524
405
0
485
485
0
424
399
0
399
450
405
485
533
0
450
399
407
524
185
0
405
165
0
390
458
405
524
450
0
400
383
0
538
485
165
0
485
444
396
0
622
622
0
400
0
546
0
0
0
622
0
0
625
0
0
0
0
630
630
627
0
0
0
0
0
0
0
0
0
630
0
0
0
0
0
0
650
0
627
0
653
485
0
0
627
0
0
0
627
0
0
630
0
0
0
0
0
0
622
0
0
0
675
627
488
485
0
0
485
488
488
0
0
695
669
0
672
643
639
0
622
653
627
485
0
672
622
0
0
485
622
0
622
0
0
630
695
0
0
672
650
0
0
0
695
0
485
639
630
648
405
630
0
0
672
672
0
0
0
0
0
0
744
645
0
0
744
672
0
0
0
0
0
645
748
485
0
0
485
754
485
742
752
0
0
0
0
0
0
0
0
754
754
754
768
739
752
485
742
485
0
485
0
0
741
771
0
768
743
752
754
752
754
771
485
754
748
754
0
747
0
754
485
0
740
0
741
747
0
744
0
0
814
747
0
785
754
744
0
645
0
0
0
645
656
754
754
0
656
740
771
754
744
752
752
754
0
747
740
0
747
0
485
744
672
0
742
754
736
824
754
742
768
485
754
0
0
786
747
0
0
485
759
645
742
485
0
754
0
747
485
0
656
874
0
754
0
739
754
0
0
673
785
741
754
739
0
741
672
744
0
785
0
771
744
0
754
485
0
744
768
0
785
0
0
645
874
739
485
754
754
754
739
0
0
485
744
0
0
0
882
768
768
920
0
920
747
672
824
0
741
920
0
739
785
771
768
0
739
920
747
742
742
0
0
752
768
771
742
839
0
754
742
645
0
768
742
0
748
645
754
752
0
739
0
744
752
874
0
754
0
747
754
752
0
740
754
754
747
0
165
485
165
754
754
754
485
754
485
754
754
754
0
485
485
995
995
485
485
485
165
995
485
995
995
485
995
485
165
995
165
995
485
995
754
165
165
165
995
995
165
995
165
995
995
754
995
485
995
165
995
995
995
485
485
995
995
485
995
165
995
485
995
165
995
995
165
995
485
995
165
165
165
995
995
995
165
485
995
165
485
995
485
485
995
995
165
485
995
995
165
485
995
995
17
0
165
1078
1078
17
1078
165
1078
1078
1078
995
995
1078
1078
995
995
1078
165
995
1078
165
165
995
1078
1078
1078
165
1078
1078
165
1078
1078
1078
1078
1078
165
1078
1078
1078
1078
17
1078
165
17
1078
1078
17
995
1078
165
1078
165
1078
1078
165
1078
1078
1078
1078
1078
1078
1078
17
1078
165
165
1078
17
1078
17
17
165
165
1078
1078
1078
1078
165
165
1078
165
17
165
17
1078
1078
17
1078
1078
995
17
1078
165
1078
165
1078
1078
1078
995
1078
1078
1078
17
1078
1078
1078
1078
165
1078
165
0
0
0
0
0
3
17
0
0
0
0
0
1191
1078
1188
1192
0
0
0
0
0
0
1189
1207
1205
0
0
0
0
0
3
0
1189
1208
1078
0
17
17
0
0
17
73
0
0
17
0
1191
0
0
1196
0
1208
41
0
0
17
17
1196
1078
1197
0
1189
1191
0
0
1196
1208
1078
1078
1078
0
1078
0
105
0
1208
73
1078
0
17
1189
0
41
0
1208
0
1241
1078
17
105
1191
1241
1258
0
1078
1271
0
0
1227
3
1078
0
0
1233
0
1207
1205
17
0
1196
41
1078
0
1189
0
1078
1300
17
1285
1205
1078
1078
41
17
1196
0
0
0
1205
0
3
1189
0
1215
0
1258
1078
0
1078
0
1078
1192
1322
0
1271
1207
1290
0
0
17
0
1078
1078
88
0
17
0
1300
1284
1322
0
1300
1290
1078
1271
1078
1252
0
1197
1215
0
1296
0
0
1290
0
1078
17
0
1078
1205
1358
0
41
41
17
88
1322
17
19
1078
17
1355
0
1271
1208
0
1233
0
0
1078
3
0
1300
1300
1322
1248
41
17
17
0
1208
1213
1205
1196
1078
1285
0
1078
1078
1078
1078
1252
17
0
41
1188
0
0
41
1290
3
1290
41
1358
1355
0
1208
1205
0
1078
1188
1271
1300
1208
1078
0
41
1300
0
1189
1290
0
0
41
0
0
0
0
1078
0
1448
0
0
0
1448
0
1450
1448
1444
0
0
1451
0
0
0
0
1445
0
0
0
0
0
0
0
0
1078
1078
0
1078
0
0
0
1206
1471
0
0
1451
0
1466
1448
0
0
0
1448
0
1451
1462
1491
0
0
1491
0
1491
1467
1491
0
0
1466
0
0
1444
1491
1445
0
0
0
1491
1444
0
1454
1480
1491
0
0
0
1461
0
0
1348
0
1514
1078
0
1448
0
0
1491
1078
1491
1467
1491
1472
1470
1466
1491
1491
1533
1491
1467
1471
1498
0
0
1461
0
1500
0
1471
0
1555
1451
1473
1451
1491
1471
1461
1512
1480
0
0
1472
0
1461
1498
0
0
0
0
1471
1471
0
0
1252
0
1467
1579
1512
1491
0
1448
1444
1568
0
1471
1078
1448
1517
0
1568
1472
0
1491
0
1512
1467
1471
1445
1568
0
0
0
0
1579
1491
0
1580
1514
0
0
0
1513
1470
1497
1467
1514
1446
1470
1078
1591
0
0
1445
1491
1512
1445
0
1522
1451
1512
0
1461
1466
1491
1491
1491
1574
0
1522
1599
1451
1514
1471
0
1522
0
1591
0
1471
1480
1451
0
1634
1512
1491
1078
1491
1491
0
1480
1451
1514
1526
0
1567
1480
1522
1491
1498
1491
1498
995
1078
995
1491
995
1491
1078
1078
1491
1078
1491
1078
1491
1491
1078
1078
1078
1078
1078
1078
1491
1491
1491
1078
1491
1491
1078
1491
1491
1078
0
1709
1491
1709
1491
1491
1709
1709
1709
1078
1491
1491
1078
1709
1709
1491
1709
1078
1709
1491
1709
1078
1078
1709
1709
1491
1078
1078
1078
1078
1709
1709
995
1709
1491
1078
1709
1491
1709
1078
1078
1491
1491
1709
1078
1709
1491
1709
1709
1078
1709
1078
995
1491
1709
1491
1078
1709
995
1491
1491
1491
1709
1491
1709
995
1078
1078
1491
1491
1709
995
1491
995
1491
1709
995
1709
1709
995
1709
995
1709
754
1709
754
995
0
995
1796
995
1796
1796
1796
1796
754
995
1709
1709
995
1709
1796
995
995
1796
1709
1796
1709
1796
1709
1709
995
1796
1796
995
1796
1796
1796
1796
995
995
1796
1709
1796
1796
1709
995
1796
995
995
1709
1709
995
1709
1796
1709
995
1709
1796
995
995
995
995
995
995
995
1796
995
995
1709
1709
1709
1796
1796
995
995
1709
1796
995
995
995
995
1796
1796
1796
1796
1709
995
1796
1796
1709
995
1796
1709
995
1796
754
1796
1796
995
1796
1796
995
995
1709
1796
1796
995
1796
1796
995
1796
995
1709
754
1796
1796
995
995
1709
995
1796
1709
0
0
0
1796
1914
0
0
1913
754
0
1796
0
0
1913
1921
1914
0
1914
0
1921
0
1796
0
1914
1914
0
1796
0
754
0
0
0
0
1796
1942
0
0
0
0
0
1796
0
760
1948
1796
0
1914
1796
0
1950
1942
0
0
0
946
0
1914
0
754
1950
0
0
0
0
0
1934
877
1939
0
754
0
0
754
1796
1934
1975
1796
1796
1917
1796
1965
0
0
0
754
1924
0
0
1983
0
1950
0
1950
1980
1913
0
0
0
0
1796
1917
754
1947
0
1796
1917
1796
0
0
754
0
1796
754
0
0
0
0
754
1796
1980
1796
1796
1982
1924
0
754
1934
1973
754
1942
0
1975
1917
0
0
0
2022
2003
1917
1957
0
1796
1942
1930
0
0
1973
0
1914
1921
754
0
0
1913
0
1924
1942
1975
1923
1796
1924
1983
1950
1796
1950
1796
1943
1950
0
1913
1796
2007
0
1921
0
0
1796
0
1796
1796
1937
755
1951
754
0
2063
2066
1921
1950
0
1980
1913
0
0
2056
0
1921
1796
1980
0
1914
2022
1975
1975
2047
1924
0
754
0
1796
2019
2080
1980
1796
1939
754
0
1983
1914
1939
1914
1950
2066
1796
2019
1950
1796
1942
1796
0
754
0
0
1983
0
1924
1917
1917
754
754
1975
1937
754
754
2096
1947
2008
1942
751
1917
0
2008
1937
0
1973
0
0
1947
0
0
0
0
0
1796
0
0
1973
2176
0
0
2181
1947
0
0
1947
0
2180
0
2173
0
1973
0
0
0
1939
1947
0
1973
0
1796
0
0
2176
0
0
2176
0
0
1796
0
0
0
2185
0
1973
0
0
0
0
0
0
0
2215
0
0
2217
0
2209
2176
0
2176
2221
0
2217
2217
1965
0
2189
0
0
2180
2231
0
1973
0
0
2189
0
2217
0
1917
0
0
2203
0
1973
0
2189
0
2185
1947
0
0
2238
0
1709
0
0
0
2180
1709
1709
0
0
2270
1709
2191
0
1709
0
0
2266
0
0
0
0
0
1709
0
0
0
1796
0
1709
2270
0
0
1709
0
0
0
2279
2275
0
2287
2270
2285
0
2270
2288
0
0
0
1796
2285
0
1796
2298
2300
2288
0
1709
2266
1709
0
0
0
2327
2287
1796
1796
0
2288
2298
1796
0
2279
2180
0
1796
2270
0
2326
0
2345
0
2270
0
0
0
1709
2285
2285
2287
2288
0
1709
1796
2287
0
0
2266
0
0
2347
2279
1796
0
1709
0
0
2285
1709
2314
2279
2288
2185
2275
1709
0
2347
1709
0
2347
2275
2301
1709
2275
0
1709
0
0
2357
2292
0
2298
1796
0
1796
0
2288
2279
2270
0
0
1709
2300
1796
0
2393
0
1709
1709
2301
2351
1796
0
2285
1709
2345
0
2294
0
2270
2345
2333
0
1796
2270
2284
2369
0
2294
2347
2279
1796
2275
2266
2298
0
2371
1796
0
1796
2191
1709
1709
2384
2298
0
1796
2180
2279
1709
2246
0
2300
2266
2288
1796
2285
2327
2418
2266
0
2279
1709
0
2288
2270
0
2266
1709
0
1709
2314
2384
0
2350
0
1709
1709
2469
0
2285
2418
2298
2287
1709
2347
2288
0
2361
2469
0
2345
1709
2180
2314
0
0
2345
1709
0
0
2254
0
2301
2180
2266
0
2292
2270
2279
2384
1796
2285
0
0
2433
1709
0
1709
0
0
0
1709
0
2526
0
0
2527
0
0
1709
0
1709
2525
0
0
0
0
1709
1709
0
2537
0
0
2393
1709
0
2525
0
2537
0
0
0
0
1491
1491
1491
2534
1709
2537
1491
2525
2527
0
0
0
2534
0
0
0
1491
1709
2393
2557
2571
2526
2505
0
1709
1709
1709
2540
1491
2552
2574
0
2525
0
0
2526
1491
1491
1709
0
0
0
0
0
2542
0
0
2583
0
2534
0
0
2557
2534
0
1709
2575
1709
0
1491
1491
2591
0
0
0
1709
0
0
2526
0
0
2529
1709
1709
1709
2537
1709
1709
0
1709
2534
2392
2546
2610
2526
0
1491
2537
0
2525
2583
2525
1709
2526
0
1709
0
1491
0
0
2629
2526
2540
2526
2534
2525
1709
0
2556
2623
2638
1709
0
0
0
2673
2523
0
0
0
0
2557
0
2614
2570
1709
0
2526
1709
2623
2525
0
2393
0
0
2682
0
1709
1709
2630
2525
0
2525
2605
0
1491
0
0
2691
0
2543
2556
0
2686
2691
0
1709
2673
0
2534
2570
2525
2526
2645
0
2525
1709
1491
0
2552
2525
1709
1709
0
2523
1709
0
2691
2570
1709
2672
2546
2608
2682
1709
2537
0
1709
1709
1491
2392
2682
2537
0
0
0
2569
2371
0
2570
2691
2526
2623
2574
1491
2540
2525
2654
1709
1709
1491
0
1709
1491
2573
1709
0
1709
0
0
0
0
0
2605
0
0
0
0
2787
0
0
0
1497
2784
1497
0
2787
1446
2784
0
1446
0
2694
1616
2784
0
2787
0
1574
0
0
0
2610
0
0
2605
2790
1446
0
2605
0
2790
0
0
1497
2694
0
1446
0
1616
1497
1497
2805
1616
2787
1491
0
0
0
0
0
2784
0
2789
0
2787
0
0
0
1616
1574
0
0
1491
0
1446
2790
0
2784
2790
0
0
0
0
2809
2704
0
2694
2809
2801
1491
0
2799
2784
2785
2556
1491
0
1528
2776
1491
2680
0
2540
2790
0
2526
2570
0
0
0
2691
2570
2540
2537
0
2525
2889
2882
0
2899
0
0
2901
0
2534
2901
2901
2556
2556
0
2523
2904
2556
2605
2899
2882
2890
2556
2901
0
2901
2556
2920
2882
2525
2701
0
2605
2540
2895
2899
2889
2920
0
2882
2818
2537
2904
0
2556
2526
2899
2556
2920
2888
2901
2889
2546
2889
2537
0
2939
2790
2882
2927
2895
0
2546
2556
2525
2885
2701
2890
2673
0
2951
2957
2701
2951
2899
2901
2537
2701
2939
2525
2910
2525
2673
2618
2901
2889
2888
2512
2418
2279
0
2384
0
0
0
2384
2270
2189
0
0
2270
2217
0
2995
2343
2418
0
2343
2994
2469
0
2990
2988
2990
2217
2990
2279
2384
2995
2994
2285
2275
2327
2998
0
2384
2384
2294
2990
2998
2418
2990
2343
2990
2270
0
2176
3020
2384
2986
2285
2512
2994
2998
2279
3002
2343
2994
2279
2384
2995
2314
2469
2988
3020
3006
2294
0
3002
3002
2238
2238
1913
1924
877
0
1942
1939
1947
877
1913
1975
2238
0
877
1947
1980
1950
0
1924
3061
0
3074
3077
3069
2019
2022
3077
1980
1913
1983
0
0
1939
3074
1980
2022
0
3061
1917
0
3088
0
1921
1975
1980
1921
3061
1939
1950
0
1975
3077
1983
2019
3077
1973
1921
1921
3069
2019
3088
1950
3069
3074
3069
3106
1980
1975
0
1934
3096
1939
1947
3125
0
3088
0
1947
3133
3074
1980
1921
3133
1973
1939
3069
3131
3087
3061
1973
1934
3106
1914
1983
1983
3093
3061
1983
1973
1939
3106
3061
1975
3074
3106
1980
0
0
0
2176
3165
2990
3020
0
0
0
0
3164
3171
3165
2990
3173
3170
3088
3006
3163
3074
0
3170
3170
3165
3077
2176
2990
3172
3170
3172
3031
3172
3170
3069
2990
0
3098
3006
2300
3098
3165
3088
2989
3172
0
3093
3199
3184
2990
2238
3164
3093
3164
3173
2238
3020
3170
0
2989
3173
2990
2990
1973
3171
1973
3002
3173
2990
3165
3172
3172
3199
3002
0
2965
0
2820
2927
0
0
0
0
2784
0
2951
2910
3245
0
2902
2902
3251
2820
0
0
0
0
2927
2939
3243
3247
3256
2784
3244
2927
2939
2951
2939
0
2790
3257
3243
3258
1616
2885
3239
3247
3257
0
3247
0
3258
2820
2939
0
3243
2927
2965
3247
2820
2895
3256
2888
3283
3251
2939
2939
3251
3259
3244
2939
2920
2920
3244
2927
3244
2957
2784
3259
3257
3256
2957
3287
3256
2920
2895
1480
1252
0
0
0
3321
1514
1451
1451
1472
0
1448
1480
1498
1451
3321
1498
1591
1659
0
1480
3323
3329
0
3329
1497
3322
3329
0
3237
3245
1512
3323
3237
3347
1568
3342
1480
3347
3329
3329
0
1497
0
1471
3323
1522
3322
3321
3239
1512
0
3362
3271
3338
1568
3256
3360
3347
3370
3271
1497
3370
3329
3362
2784
3281
3362
1480
3360
3342
0
3362
3329
3256
3321
3347
3342
3390
3362
1480
3283
3362
1568
3362
1591
1497
3338
3342
2784
3370
1471
3390
3283
3271
1568
3342
1616
0
3323
3338
3271
3362
3338
3370
1498
3370
1498
3329
3338
3323
1480
1252
3390
1446
1446
3256
0
3362
1591
1480
3322
1252
3362
1470
0
0
1196
3444
1241
1300
3445
1252
1241
0
0
0
0
19
3455
0
1322
3454
1271
1300
3455
1271
0
3454
1271
1271
3455
3444
1271
3466
3444
0
0
3475
1271
0
3475
1271
3445
3475
3444
3445
1196
3455
0
0
1191
0
3459
3456
3476
1205
3455
0
3476
3455
3454
3456
3475
3444
0
3445
3445
3476
3453
3453
3488
3479
1191
3479
1196
3475
3491
3445
3466
35
3454
3454
3488
3455
35
3459
1322
1271
3475
1192
3479
39
3453
3453
1241
3454
3504
1271
3445
1191
1252
1271
0
3
3453
3491
0
1300
3455
3488
3488
1188
3459
3444
3456
3444
3479
0
0
3466
3466
3444
3444
3504
3479
0
0
0
3466
3466
3476
0
0
3497
0
3572
0
3466
0
3567
3572
3572
3542
0
3489
3572
3574
3566
3574
0
0
0
0
3504
3574
3574
3592
3542
18
3566
3466
0
3583
3590
3572
3574
3601
3590
3601
3572
0
3566
3488
3578
3576
3590
3565
3592
3610
3566
3466
3574
3583
0
3497
3601
3567
3578
3592
3623
3572
0
0
0
0
0
695
3634
0
0
3632
0
3638
0
3087
0
3633
3631
3645
0
3643
0
400
0
3651
0
3651
3643
3651
3632
3651
695
3645
3653
3632
627
3631
0
3633
3635
3635
3635
0
0
400
3633
0
3632
3653
0
3638
3635
400
3638
0
3667
3641
3672
3667
3649
0
0
3684
3672
0
0
768
3645
3684
3694
771
0
0
627
3653
3695
747
3684
3676
3649
3694
740
3676
771
3694
771
3087
3653
747
0
3087
3695
3695
874
3645
3701
747
748
3087
739
3702
3633
741
3690
768
748
3684
3684
741
874
3672
3695
3691
0
3645
3701
3676
3649
3653
645
3645
0
3684
3691
744
3751
3676
0
3691
3087
748
3757
3691
3751
0
3641
0
3751
3649
3641
3719
920
3766
3087
3695
3719
3695
3645
3649
3751
3653
3649
3638
771
3751
3694
3645
744
3695
3676
3649
3641
3701
747
3701
3691
3751
739
3743
3751
744
726
695
695
483
524
3632
3667
630
3643
3632
450
450
483
426
0
0
3632
450
0
3643
3639
0
450
0
3816
0
450
3639
3824
0
407
450
3819
0
3830
384
3822
3816
3815
399
3643
3631
0
407
405
3815
483
3826
0
0
488
524
385
3822
3830
0
407
524
3643
3830
605
3631
407
3856
450
3819
3819
3850
3850
0
3870
3639
407
3870
3834
3849
3849
3834
450
488
3631
3849
3815
3819
3826
3632
3849
407
411
3673
384
384
458
405
405
3830
3830
3819
0
3834
3816
3815
3819
407
426
3830
3631
3822
3870
395
483
3849
3849
407
3643
3830
123
0
5
0
3610
0
148
3870
146
146
270
3576
258
0
3918
195
0
3922
270
3589
3870
3576
3922
3572
3578
3930
3576
3566
3623
139
0
0
57
3610
0
197
34
3623
3948
0
3571
3589
55
3918
3951
0
146
270
0
3922
0
3951
0
3601
3610
3870
3969
3962
3918
0
3610
197
197
3566
0
3951
3589
3948
3976
0
3589
0
3967
3947
3988
3956
3870
3969
3951
34
3967
34
3988
3981
3933
3951
3965
3951
3870
3576
197
121
3947
3930
3976
270
3601
3986
3918
3566
3981
258
3986
256
3951
3922
3920
0
3610
3918
195
3920
146
3988
258
3951
3988
3933
3981
3948
3571
18
18
3651
0
3743
0
4041
0
3701
3743
0
0
0
3743
0
3653
3651
3649
4049
0
0
0
0
0
4060
0
0
3676
3672
3087
4049
0
0
3667
0
4064
4045
4064
0
0
0
3651
0
0
3694
3649
3655
3631
3639
4059
0
4069
0
0
3691
0
3743
4052
0
3649
4093
3830
4069
4060
4070
0
0
4041
0
4057
4096
4077
4060
4093
4052
0
4070
0
3819
0
0
0
4045
0
3639
4069
4064
3830
4115
3633
3849
3672
0
4119
0
3655
3641
0
3649
4058
3645
0
0
3743
4080
4093
0
4093
3766
4052
4045
3649
3849
0
4140
4117
3673
4043
3672
4119
4045
4135
3643
3672
4132
4130
4144
0
0
4045
4060
4115
4049
4166
4165
3676
4080
4060
0
3815
4117
0
3691
4140
3815
4165
0
3856
4077
3815
0
4096
3824
0
3672
4096
4041
4135
0
0
4041
3632
3672
0
4093
3672
4064
4188
4072
0
0
0
0
3455
0
3591
3590
3571
0
0
0
4212
3956
0
0
3567
4210
3981
0
3576
0
3571
0
0
3566
0
0
0
4217
4218
0
3572
3610
0
3574
4207
4230
0
3578
0
3576
4209
3610
3956
0
3574
3491
3610
3590
4238
3576
4210
4231
4230
4238
0
0
4231
3948
4221
0
3981
3578
3578
3922
3572
0
3589
4207
0
0
0
4212
0
0
3976
0
3571
0
4216
4233
0
3583
3445
4212
4281
0
0
3574
4210
4295
3591
4231
0
4277
3591
4230
4216
0
4221
3574
0
0
0
4212
0
0
4245
0
4310
4314
0
0
4245
3610
4230
0
3590
4209
0
4282
4294
0
4294
4281
4207
4245
4278
4310
4245
3455
4306
4252
3558
4230
0
4231
4222
0
4301
3981
4233
4208
4208
3576
4263
3455
3922
0
3566
3592
4316
3610
4238
0
4309
4313
4313
3948
4230
3610
3591
3578
4306
0
4208
4264
4346
3476
4362
0
0
4282
4319
3601
4216
4231
3976
0
0
0
0
0
0
0
0
3322
0
0
4387
0
3256
3322
3247
0
4324
0
3243
0
2888
4393
0
4404
2895
3281
0
0
4402
0
3244
4389
4392
3239
4388
4393
2904
0
0
3287
0
2904
4393
4427
0
4402
3271
3247
3243
4393
4413
3251
4413
4390
0
0
2910
0
4398
0
3257
3237
4324
0
4389
0
0
2890
4416
2920
3322
4398
4389
3360
4393
3243
4450
4389
4402
0
3417
0
0
3257
0
0
4425
4388
4471
2965
3239
4387
4388
4387
2890
4409
4409
3244
4442
4387
4396
3271
2957
4442
0
3323
0
4413
0
4453
4413
4414
3436
4491
4390
0
4393
4471
4450
4389
3237
4263
3360
4452
0
4452
4493
3281
4414
3245
4453
4388
0
4393
2888
4414
2965
3322
4413
3251
4471
4453
0
2895
4469
3323
4387
4392
4424
4519
3322
0
4468
0
3417
2920
0
4471
0
4398
4387
3281
3242
3271
0
4389
4540
3321
4427
4551
4471
0
4388
3417
2988
3342
3242
0
4558
4444
3256
3244
0
4446
4424
4424
4416
4424
4551
4398
0
0
0
4191
4579
0
3020
0
0
4387
4191
2988
0
0
4577
0
0
4396
4592
4582
3171
0
0
0
4593
3163
0
0
2986
0
3184
4603
2988
0
0
2995
3184
4603
4578
0
4611
2986
3006
4599
4584
4603
0
4387
4611
4191
4191
0
4578
0
0
0
4582
2995
4628
4584
4579
4611
0
4630
4599
4584
4616
3163
0
0
4582
3098
4579
3173
4584
3020
4604
4639
4645
4589
0
4593
0
0
2994
0
0
4660
0
4396
3020
4646
3125
4603
0
4582
4603
4592
4645
3221
4577
4604
4630
0
4579
3173
0
3165
4671
0
4191
4590
3199
4579
4603
4387
4582
3020
4662
4657
4630
4630
3098
4645
4683
4628
3031
4579
4599
4578
4578
4630
0
3221
3199
4585
3098
4603
0
4628
4660
0
4578
4590
0
0
4616
4662
0
4599
0
4578
4683
4630
4592
4582
4709
4578
4603
3199
4628
4611
4657
4590
0
4630
4722
4578
4680
0
4725
4585
0
4630
4604
4680
4722
0
4610
4727
0
4630
0
4593
4611
4749
4590
4659
0
4604
4592
3221
4660
3163
4599
0
0
0
0
4599
4715
0
0
0
0
0
0
4663
0
0
0
4657
0
0
0
4780
4779
0
4787
0
4773
0
4632
0
4782
4773
0
0
4623
0
4603
4754
4790
4592
4663
0
0
0
4715
4796
0
0
0
0
0
4817
4746
0
0
4441
0
0
0
0
0
0
0
0
0
0
4468
0
0
4511
0
0
0
4825
0
0
4827
0
4564
0
4558
0
0
4469
4416
0
4558
0
0
4450
4828
0
0
4829
4850
0
4511
4441
4406
0
0
4828
0
0
0
0
0
0
0
0
4356
4386
0
0
0
0
4873
0
4294
0
0
4218
4372
0
0
0
0
0
0
0
0
4891
4313
4284
4901
4306
0
4263
4252
0
0
4379
4362
0
4313
0
4209
0
4828
0
0
4828
0
0
4319
0
0
4238
0
0
0
4880
0
4314
0
4894
0
4923
4898
0
4247
4883
0
4920
4281
0
4151
0
0
4088
0
0
0
0
0
4955
0
0
4957
4955
0
4951
0
4958
0
0
0
4890
0
4135
4063
4130
0
4820
4106
0
0
4118
0
0
4955
0
0
0
0
4952
4130
4967
4890
4113
4955
4151
4985
4179
0
0
4132
0
0
