224
0
235
193
0
317
0
2646
0
0
496
0
110
0
496
193
0
0
0
110
110
179
2646
193
702
0
0
38
717
702
78
0
0
183
57
139
0
624
0
2534
606
717
56
702
31
0
110
496
0
2646
174
0
193
0
2652
0
0
0
2534
225
702
0
0
11
224
139
193
51
4
0
110
0
125
193
0
31
0
717
0
702
0
225
31
193
2470
110
115
496
103
496
2534
0
606
193
183
0
193
62
31
31
193
31
224
0
0
57
156
2646
2646
110
0
225
144
32
31
0
496
78
0
179
193
134
219
1
31
0
134
0
193
0
179
496
2534
193
0
0
0
31
0
0
496
31
6
164
0
0
2646
0
496
7997
193
185
193
110
179
103
0
2844
2646
211
717
16
219
57
0
62
702
7997
0
224
193
0
62
110
0
103
2646
193
193
0
0
0
748
0
0
0
0
0
31
202
7159
139
193
0
179
134
193
110
0
0
2844
104
0
624
496
110
496
193
2646
164
224
0
2646
31
57
0
0
496
193
0
25
180
193
0
0
0
224
110
0
31
606
139
7997
540
193
0
32
395
702
0
628
2299
0
536
311
506
2299
317
395
360
8107
453
579
607
1045
702
742
722
432
722
242
742
932
2299
0
395
453
1045
2470
702
8
695
0
607
8073
453
736
453
722
453
639
742
628
453
0
453
628
695
453
606
628
536
561
487
453
242
307
655
317
1045
717
0
536
453
496
742
564
0
536
628
0
0
536
0
1080
628
742
0
432
549
453
536
360
0
742
453
572
695
536
606
432
7997
484
742
0
453
607
7997
453
0
702
2299
453
496
1045
8044
453
0
536
0
0
224
317
496
742
2299
395
496
695
2299
0
488
0
347
742
695
702
717
317
702
1045
2299
496
695
347
0
742
0
0
0
717
453
441
453
606
628
396
496
0
317
375
395
688
0
742
0
0
0
425
0
453
7997
742
536
224
496
2299
695
695
317
0
242
453
695
453
224
579
8073
8044
0
695
742
742
695
695
0
0
317
623
702
311
579
0
932
2299
1045
0
2299
624
496
453
0
607
1033
536
606
0
702
453
695
496
932
667
0
453
360
453
536
932
0
8073
0
2299
695
0
0
624
311
607
624
395
695
432
628
311
0
496
453
8107
904
446
626
311
536
0
2470
0
0
0
549
1045
607
606
0
0
506
0
2299
311
453
0
453
379
717
0
0
0
717
628
506
360
453
425
702
628
0
496
432
702
2299
317
0
606
506
0
742
453
695
702
0
702
496
8073
579
878
695
0
441
317
0
0
446
453
549
624
742
0
453
395
0
453
792
624
0
0
453
453
224
1033
0
395
0
432
395
0
1045
515
311
1045
317
453
378
0
717
2299
0
579
2299
0
0
600
878
453
0
628
742
932
702
624
496
396
453
0
920
932
1163
2299
628
579
0
0
1045
722
395
453
695
0
0
1045
496
506
317
453
606
0
536
0
8107
453
8107
0
695
620
0
0
536
0
2299
0
2299
628
224
2299
920
536
722
742
624
742
0
606
559
1163
379
0
0
702
1163
536
453
0
0
317
506
0
0
0
536
496
453
695
0
736
607
702
317
932
0
0
395
717
0
506
2299
695
620
702
695
1163
0
453
441
736
695
736
496
2470
932
0
453
2299
2299
506
379
702
0
432
579
453
628
453
606
0
0
722
453
317
506
453
702
2299
311
147
2299
0
453
395
0
742
2470
264
920
0
2299
464
742
878
0
742
695
496
486
0
453
0
432
0
0
307
607
2299
624
0
395
453
0
878
536
0
2299
2299
1095
0
0
1205
932
1160
1033
0
0
1160
792
1033
917
1385
822
347
1033
1002
1095
792
0
822
1057
1141
822
1160
7740
1152
917
1057
1160
1213
1141
1057
1057
920
822
1213
1160
1160
835
0
1160
1033
1194
1213
932
1208
0
0
1141
1122
822
1208
1163
1194
0
0
1194
1033
1141
1033
1122
917
1141
917
0
1141
1160
1163
0
0
1024
835
1194
1194
0
1213
822
1141
1213
1209
1141
937
0
1160
990
878
1208
1002
1057
1057
1213
1160
1141
920
1385
1160
0
792
1163
792
1194
1160
1271
932
505
932
7740
799
1160
1160
932
822
1160
1160
993
0
1213
1033
999
1194
1045
1213
932
1136
1213
0
1271
1057
904
1152
1141
1160
1160
1152
0
0
0
759
1116
1160
0
1095
932
1213
1163
878
1160
1141
821
1160
917
0
1440
920
799
7832
1271
1033
932
1057
932
932
1160
1440
0
1057
1160
0
0
1095
822
973
1033
799
1057
1213
2096
920
1163
0
822
1160
932
1095
0
822
799
0
799
1213
792
1271
799
1194
1002
1163
0
1094
1057
1057
1163
792
1014
0
1033
1208
1116
7740
920
1122
1208
1160
1271
822
932
1141
932
1160
1160
1213
0
800
1213
0
1163
7740
1160
1194
822
1208
932
1033
0
917
932
917
1024
0
0
976
0
1160
1385
0
799
1033
0
1160
920
0
996
1152
1057
1188
999
1163
932
1141
822
921
2096
0
1094
932
1160
1133
917
1160
921
999
1194
0
1033
1033
932
799
1213
753
878
1440
0
1160
1095
932
932
1160
1033
792
792
1033
932
920
0
1209
1141
1163
0
0
1213
1133
1095
822
1064
1045
0
0
0
1160
1122
1385
1160
0
799
799
0
1057
1160
1045
1033
1057
792
758
1033
792
932
822
1213
0
0
1440
1002
7832
1271
1163
1033
7730
1194
1208
1160
932
1158
0
0
1163
1163
1141
0
0
2096
1163
1033
0
0
1194
1122
822
0
1163
656
1208
1194
932
1163
0
0
0
0
1050
921
0
1057
932
1033
799
1213
1160
1160
1141
932
0
0
0
1033
0
614
1160
1385
1341
0
1045
1095
0
1208
822
792
1440
1141
0
7740
0
800
1213
932
1208
976
0
1213
0
0
1163
0
0
1057
1213
949
1133
1213
792
799
822
1163
1213
0
0
817
917
0
956
1213
1141
1163
1160
1163
1213
1057
0
1208
1118
792
1160
1095
0
1213
932
1208
1033
792
0
1141
932
1194
0
0
1057
1163
0
0
920
0
799
0
1152
1158
1271
822
822
932
1194
0
1421
1325
1385
1341
1271
1834
1440
1409
1366
1385
0
0
1271
1272
1440
0
1385
0
0
1239
1440
1360
1341
0
1325
0
1325
0
0
1385
1341
1440
1160
1273
1290
1300
0
1385
1341
0
1440
1409
1360
0
1300
1385
1341
1271
1325
0
0
0
1409
0
1834
1465
0
1290
1440
1440
817
1341
1325
1440
1465
1440
1743
0
0
1341
1385
1828
1290
1440
1440
0
1341
1465
0
0
1385
1351
0
0
0
1702
1385
817
0
1341
1366
1360
1290
1233
1272
0
1360
1233
0
1440
1409
0
1440
0
1188
993
1325
1834
1395
0
1290
1247
1409
1247
1440
1440
1325
1325
0
0
1271
1440
1440
0
1834
1396
1834
1440
1440
0
1440
0
0
1160
1341
1341
0
1341
0
0
1428
1272
1249
1247
0
1360
1341
1325
1271
1271
1440
0
1341
1440
1428
1440
1325
1440
1386
0
0
1834
1440
0
0
0
7730
1300
1310
1188
1908
1094
1247
0
0
1603
0
1341
0
1834
1409
0
1325
1239
1465
1395
1409
0
1341
0
1360
1385
7740
1351
1834
1440
0
1421
1290
0
0
1440
1290
1325
1440
0
0
1360
0
0
1465
1233
0
1385
1743
1325
1442
1095
0
1247
0
0
1300
1360
1341
1440
1278
1360
1713
7594
4257
1689
1879
1743
4395
0
7626
1713
1603
1603
1834
1603
1935
0
1773
4237
1341
1713
1644
1713
1868
1713
1927
1742
1935
0
1487
1713
1935
2096
0
1686
1833
0
1935
0
1492
1603
1773
1341
0
1773
1803
1927
1341
1487
1912
1773
1935
0
1935
1409
1487
2096
2096
1603
1912
0
0
0
1603
1834
1833
1773
1927
1912
1487
1603
1743
0
1409
0
1935
1487
1465
1713
1409
1912
1603
1465
1713
1927
1773
1935
1953
1935
1927
1935
1773
1803
1833
1773
0
1611
1603
1689
1603
1713
1935
1487
1927
7637
1713
1833
1341
0
1935
1803
1773
1713
4084
0
1487
1492
1707
1690
1833
1465
1603
1819
1927
1603
4291
1487
1935
1713
1935
1713
0
1927
2096
7637
0
1713
1773
1803
1935
1819
1834
1935
1409
1743
1935
0
0
1927
1603
1521
1935
1487
1935
0
1834
1819
1819
1487
1935
1341
1879
0
1803
1773
3887
0
1603
7637
1879
1819
1492
1465
1879
1833
0
1713
1492
1713
0
1935
1935
4314
1935
1487
7637
1803
1603
1927
1927
1955
2096
1743
1912
1912
0
7637
7626
3887
0
1927
1331
1912
1603
1713
1584
1833
1912
1487
1487
1487
1927
1409
1935
1773
1773
1492
1828
1628
7637
7637
1713
1879
1833
1743
1603
0
1521
1833
1781
1803
4257
7626
1689
1935
1819
1487
0
1695
0
0
0
1810
1603
1603
1773
0
1803
1819
1713
1603
1341
1928
0
1773
1912
0
1603
0
1879
1912
1927
1603
1935
0
1879
1713
1341
1713
1935
1707
1819
1742
1819
1773
7626
1879
1409
0
1879
2096
0
0
1409
0
0
1743
1465
1743
1803
1341
1935
1827
0
0
1833
1819
1487
1773
1409
1833
1487
2096
7637
1935
1773
1603
0
1833
1773
1487
1487
7637
0
0
1803
1487
4257
1510
1492
1465
7637
1773
1912
0
1713
0
1935
1834
1409
1955
1935
0
1935
1603
1341
1603
1731
0
1713
1221
1492
1833
1487
1773
1713
1713
0
1409
1833
1580
1773
2096
1935
0
1927
1731
1492
1409
1927
1492
0
1487
1465
1912
1465
1773
0
1487
1935
0
1912
0
1603
1833
0
1833
1819
0
0
1912
1773
4314
7637
0
0
1834
1713
1834
1465
1713
0
1773
1833
1833
0
3887
1819
1603
1834
1492
1819
1603
1833
1935
1879
1603
0
1492
1341
1927
1833
4257
1927
1713
0
4257
1927
1409
0
4257
1773
0
1713
1912
0
1834
1603
1465
1912
0
1644
7637
1557
1521
0
4237
1773
1743
0
1773
0
1834
1833
4235
1912
4257
1341
0
0
1935
1603
1773
1833
1278
1713
1935
1935
1492
0
1810
7637
1927
0
1912
1743
1773
0
1935
1819
1927
0
2096
4257
1935
0
1773
1492
0
0
1690
1773
1916
1819
1927
1927
0
1603
1879
1833
1603
1834
1603
1833
1603
1487
4084
1833
1834
1743
1385
1603
1879
1773
0
7626
0
1935
7626
1341
2096
2096
2096
2096
3794
2096
2096
2096
2096
2096
2096
2096
2096
2096
3794
2096
2096
2096
2096
2096
2096
2096
2096
2096
2096
2096
2096
3592
2096
2096
2096
2096
2096
2096
2096
2096
2096
2096
2096
2096
1713
2096
1341
2096
2096
2096
2096
1713
2096
2096
2096
3794
2096
1713
2096
2096
2096
2096
2096
2096
2096
1713
2096
2096
2096
2096
2096
2096
2096
2096
2096
2096
1713
2096
2096
2096
1713
2096
2096
2096
2096
2096
2096
2096
2096
1713
2096
1160
2096
2096
2096
2096
2096
2096
2096
2096
2096
3592
1160
2096
1160
2096
2096
2096
2096
3592
1160
2096
1341
1713
2096
2096
2096
2096
2096
2096
2096
2096
2096
2096
2096
2096
2096
2096
2096
2096
2096
1160
2096
2096
2096
2096
2096
1160
2096
2096
2096
0
2096
2096
2096
1713
2096
3592
1160
1713
2096
1713
2096
2096
2096
2096
2096
2096
1341
2096
1341
2096
2096
2096
2096
1160
2096
2096
2096
2096
1341
2096
2096
2096
3592
2096
1341
2096
2096
1773
2096
2096
2096
3794
2096
2096
1935
2096
2096
1341
2096
2096
3592
2096
2096
2096
932
2096
2299
2299
3592
2299
3592
2299
2299
3592
2470
2299
2299
2299
2299
3592
2299
2299
3592
2299
2299
2299
2299
2299
2299
2299
2299
2299
2470
2299
2470
2299
2470
2299
2299
2299
3592
2299
2096
2299
2299
2299
2299
2299
3592
2299
2299
3592
2449
2470
2299
2299
2299
3592
2299
2299
2299
2299
2299
2299
2299
2299
2299
3592
2299
2521
3592
2299
2299
2299
2299
3592
2299
2449
2299
2299
2299
2299
3592
2299
3592
2299
2299
2299
2299
496
2299
2299
2299
2299
3592
2299
3592
2299
2299
3592
2470
2470
2299
2299
3592
2096
2299
2299
2299
2299
2299
2299
2096
3094
2449
2299
2299
2299
2299
2299
2096
2299
3592
2299
2299
496
2299
2299
2299
2299
2299
2299
2299
2299
2299
3592
2299
2299
3592
2299
3592
2299
3592
2299
2299
2299
3592
2299
2299
2299
3592
2449
0
2299
2299
2299
536
2299
2299
2299
2299
2299
2299
3592
2299
2299
2299
2096
2096
453
2299
2299
2096
2299
496
2299
2299
2299
2299
3592
2299
2299
2299
3592
2299
2299
2096
536
2299
2299
2449
2299
3592
2299
2299
2299
3592
2299
2299
2299
2299
2299
3592
2299
3094
2299
2299
3592
2299
2521
453
2299
2299
2299
2299
453
2299
2521
496
496
3592
3592
453
2299
453
2299
2299
2299
2299
2299
3592
2449
2844
2521
2684
2474
2534
2413
3094
2861
2413
0
0
2754
2527
2521
2844
2779
2470
2534
2807
2645
2646
2413
2646
2561
2470
2754
2449
2449
2449
0
2521
2833
2645
2521
0
2645
2844
2684
0
7997
3094
2521
2521
2449
2449
2754
179
2521
2534
0
0
2645
4
496
2521
2521
2881
0
2828
2646
2449
2861
3246
2646
2521
2413
2646
2470
7997
2449
0
2646
0
0
0
2844
2521
2417
2754
3094
2534
2449
0
2833
2429
0
2721
3246
2779
0
3094
0
2521
2646
2857
0
2645
2449
0
2521
2844
7110
2449
0
2449
2645
2646
2779
2844
2521
2500
2413
7197
2833
2632
0
2632
0
2413
2705
2645
0
2449
2449
2833
2477
2754
2521
2844
3094
2880
2653
2500
7134
2477
2746
2534
2646
2646
2646
7197
2779
0
2521
0
2632
2666
2521
0
2646
496
2645
2645
0
2470
0
2449
2779
2413
2449
2534
0
2684
2470
2449
2653
2646
2861
2646
2482
2746
2449
0
2641
2413
2449
2653
2699
2861
2779
2534
2521
0
2833
3202
2754
2641
2449
2534
2534
2534
2632
3202
0
2844
2653
2684
2413
2521
3246
2848
2521
2413
7197
2449
2807
3202
2653
2632
2521
2861
2449
2844
2844
2521
2684
3246
2754
7159
2632
0
2754
0
2844
2844
0
0
2754
2449
2521
2521
2834
2453
2449
2521
2413
0
2645
3246
2632
2449
3202
2653
2861
2449
2881
2835
2836
0
2449
2653
2645
2754
0
2521
193
2653
2632
2521
2833
2807
2646
0
2521
2470
0
0
0
2646
0
0
0
3094
0
0
2428
0
3202
7197
2646
2521
2449
2521
2521
2521
2645
2500
0
2833
2470
0
0
7197
2417
2807
2521
3094
2521
2747
2449
7197
3064
2835
2645
2615
0
2754
2449
2844
0
2601
2413
2645
3246
3246
2754
2388
2861
0
0
0
2646
2534
2714
2470
2653
0
0
2521
2835
2534
2534
2436
2844
0
0
0
2645
2449
2449
0
2449
0
110
2653
2449
2521
0
2500
2521
2646
78
2861
3246
2653
2453
2521
0
2449
0
2453
3094
2807
0
2449
0
2449
0
0
2413
2523
2746
7110
3094
3094
0
0
3246
2470
2632
2534
2844
2470
3094
2521
3246
2449
2413
2719
2861
2645
2844
2833
2428
2521
3246
2413
2779
2754
0
0
2521
0
3094
2844
2449
3290
2779
2807
2646
2645
2521
7197
3094
6949
2521
2646
2857
3202
2413
3246
2534
2534
3094
2646
2721
2779
2646
0
6949
2699
0
2534
2453
2754
0
2653
2646
2482
0
0
3064
2477
3094
2534
2449
0
2413
2645
0
2833
2449
2632
2451
0
0
0
0
2844
2854
2646
2684
7197
2645
0
0
2521
0
2715
0
2807
2807
2470
2828
2449
0
2645
2470
0
3005
2880
179
0
2833
0
2449
2884
3094
2449
2449
2449
3052
2684
2449
110
7107
2482
110
2521
0
2646
0
0
2881
2413
0
3083
2754
3083
5693
3246
3153
3246
3083
3145
3153
6901
3083
3064
5826
3153
5767
3153
5774
3153
3344
3344
3354
3216
2928
3094
5826
0
3166
3202
3094
3094
3246
3344
3216
3389
3216
5767
3354
3246
3216
3202
3246
3153
0
3344
0
0
6901
0
3094
5767
3094
3202
5692
0
3224
3389
3094
3175
3094
3022
3153
2948
0
3145
3094
3259
3166
3246
5774
3281
2967
2997
0
3094
3083
3094
3064
3336
3145
0
0
0
3166
5692
3202
3354
6901
3104
0
3202
5693
3354
3153
3145
3166
0
5774
3064
2779
0
0
0
0
0
6829
3344
3336
3389
0
3216
0
0
3166
3246
6829
2948
6901
0
3085
0
3246
2779
3153
3064
2996
3153
6932
3153
3389
6901
3104
3246
0
3344
3202
0
0
2966
3083
3166
5767
6901
3389
3354
3219
0
3268
3094
3083
3386
6901
5767
5692
3202
5774
3386
5693
3202
3386
2931
3389
0
0
3344
5774
3003
0
3216
3386
2779
3389
3094
3246
3094
3321
3389
2939
2996
0
0
3344
5706
3166
3094
0
3166
3153
3202
3153
3344
3246
5693
3389
0
2986
2996
5774
0
3246
0
2779
3386
3344
3166
3386
3246
2948
0
0
3344
5774
3083
5767
3389
3386
6932
2413
3246
0
5706
3153
0
5692
3064
6829
2930
3202
3153
3094
3153
0
3083
3005
5774
5767
5774
3145
3202
3354
3216
3166
3021
5774
3166
0
3344
3216
0
3246
3304
3241
5706
5774
3094
5774
3064
0
3130
3389
0
5770
3386
3083
3005
3344
3246
3389
0
0
3304
3354
3216
0
3094
3005
3064
2967
5693
3389
5767
0
3094
3592
3216
3386
0
3202
2948
5774
0
3083
3344
3064
3202
3386
6932
0
5806
0
3246
3094
3094
3354
2996
3354
2650
3386
3389
3094
6901
3153
3093
3145
5770
2996
3386
0
3047
3386
3202
5655
3153
0
3344
3304
3083
3389
5767
3153
3094
0
2996
0
0
3064
5774
0
3344
0
0
3083
5774
3246
0
3216
5767
6901
0
0
2911
5706
0
3094
5692
3202
0
3216
3216
0
3130
0
3354
3386
3304
3336
2981
3083
2948
6901
5774
3094
3344
5774
0
0
0
3344
2986
5767
3354
3094
3064
0
0
3287
3389
3354
3083
6901
3064
0
5742
5774
3130
3344
0
3094
3094
3153
3202
6901
0
3216
3153
0
5770
3064
3022
3166
3354
3336
3153
3392
5774
3222
3354
3386
3083
0
0
3389
3216
3304
3344
3344
5774
6829
2967
3083
3246
3064
0
3386
3202
3202
0
0
6932
3202
3094
3153
0
0
3336
3094
6901
3094
2996
0
3064
0
3104
3083
3246
3083
0
0
5693
0
3327
3083
2997
3216
2933
0
3216
3386
3094
0
3389
3216
3153
3094
3166
0
2948
3153
3094
6901
3094
3130
2996
3083
5774
3202
3344
3153
0
2996
3386
3344
6901
3153
0
3083
3094
5624
3094
3336
5774
0
0
3246
0
3153
3153
0
3094
0
3083
3344
3094
3246
0
5692
0
5352
3592
5767
3592
3592
3592
5767
3592
5767
3592
5767
3794
3592
5544
5767
5352
3592
3592
3592
3592
3592
5767
3094
3592
3592
5352
5352
3592
3592
5767
3592
3592
3592
5352
3592
3592
3592
3592
3592
3592
3592
5544
3592
3592
5767
3592
3592
5767
3592
5352
5352
5549
5767
3592
3592
3592
5549
3592
5767
5767
3592
3592
3592
3592
3592
3592
3592
5352
3592
3592
3592
5767
3592
3592
5549
3592
3592
3592
5767
3592
5767
3592
5767
3592
3592
5549
3592
3592
3592
3592
3592
3592
3592
3592
3592
5549
3794
3592
3592
3592
3592
3592
5767
3592
3592
3592
3592
3592
3094
5767
3592
3592
3592
5767
3592
5767
3592
5767
5352
3592
3592
3592
3592
3592
5767
3592
5767
3592
3094
3592
5767
3592
3592
3592
3592
3592
3592
3592
3592
3592
5767
3592
3592
3592
3592
3794
3592
5352
3592
5767
3592
5767
5767
5544
3592
5767
5549
3592
5352
3592
3094
3592
5767
3592
3592
5352
3592
3592
3592
3592
3592
3592
3592
3592
3592
3592
3592
3592
5767
3592
3592
3592
3592
5767
3592
3592
3592
5767
3592
3592
0
5352
3592
5352
3592
3592
3592
3592
3592
3592
3592
3592
3592
3592
3592
3592
3592
3592
3592
5767
3592
5767
5767
5767
3592
3592
3592
3592
3592
3592
3592
3592
4310
3592
3794
1713
3794
4943
4323
3794
3794
3794
3794
4984
3592
3794
3794
3794
4943
3794
3794
3794
3794
3794
3794
3794
3794
3794
3592
3794
3794
3592
3794
3794
3592
3592
4832
3794
3794
3794
3794
3794
4251
3794
3794
3794
4943
4627
3794
3794
3794
3794
4251
3794
3794
3794
3794
3794
3794
3794
3592
3794
3794
3794
3794
3794
3794
3794
3794
4310
3794
3794
4943
3794
3794
3794
3794
3794
3794
4832
2096
3794
3794
3794
3794
4323
3794
3794
3794
3794
3794
4251
3794
3794
3794
3794
3794
4984
3794
3794
4984
4251
4832
4943
3794
3794
3794
3794
3794
3794
3794
3794
4627
4323
3794
3794
3794
3794
3794
4832
3794
3794
3794
4627
3794
4943
3592
4251
4943
3794
4251
3794
3794
3794
3794
3794
3794
4943
3794
3794
3794
3794
3794
3794
3794
3794
3794
3794
3794
3794
3592
3794
4943
1713
3794
3794
3794
3794
3794
3794
3592
4943
2096
3794
3794
3794
3794
4984
3794
4943
3794
3794
0
3794
3794
3794
3794
3794
3794
3592
3592
3794
3794
3794
3794
3794
4832
4323
3794
4251
3794
3794
3794
3794
3592
4310
3794
3794
3794
4984
3794
3794
3592
4323
3794
3794
3794
3794
3794
3794
3794
3794
3794
3794
4943
3794
3794
4943
4943
4323
3794
3794
3794
3794
3794
3794
3592
3794
3794
3794
3592
3794
3794
4323
4943
3794
3794
3794
3794
3794
4251
3794
4943
3592
3794
3794
3794
3794
3794
4627
3794
4943
3794
3592
4323
3794
3794
3794
4627
3794
4251
3794
3794
4405
4323
0
4066
4139
4314
4405
4310
4257
4257
1487
4257
4251
0
0
4323
4505
4197
4365
0
4055
0
0
0
0
4139
0
3924
4426
3904
0
4310
0
4099
4323
4197
3948
4557
4365
0
0
3953
3989
6405
4180
4310
4310
4055
4251
4310
4084
4268
0
4139
4323
3887
4257
4364
0
0
3959
3950
4405
0
0
0
4364
1927
0
4557
4310
4395
0
4066
0
4066
4197
4139
4364
4251
4365
4197
4323
4251
4557
4310
0
4139
4557
4107
4323
0
4310
3908
6287
4405
4099
4557
4426
4323
4084
3948
6183
4099
0
0
4066
0
4310
4018
4365
3904
3948
4257
4323
4405
4251
4107
4310
4323
6183
4310
0
4139
4310
4139
4107
4310
4143
4364
0
4314
4081
0
4840
0
0
4323
4405
4257
4310
4107
4310
4365
0
4364
6398
0
4257
0
4310
6405
4435
4332
4323
4197
3904
0
4055
4405
3948
3948
4314
4513
3953
4483
4314
4323
4557
0
0
4365
4426
4405
4365
4066
4139
0
3904
4314
4310
0
4107
4107
4055
4139
4310
6183
4364
4066
4405
4405
4364
4180
4310
4197
0
4084
4323
0
4099
0
3904
4310
4042
4251
4310
4323
4314
4034
4185
4405
4405
7483
0
4310
0
4139
4310
4314
4310
4205
0
6349
4310
4107
4107
4099
4139
0
4251
4356
4197
4310
4251
4310
6287
0
4251
4365
4107
1912
4007
4564
3976
4310
4365
4258
4139
3948
4099
0
3949
3992
0
4310
3904
4235
0
4191
0
4314
4314
6362
3887
4405
4365
4314
4197
4107
0
4257
1713
4310
0
4251
4533
4536
4323
4034
4021
4310
4356
6287
4314
4323
0
4555
3948
4235
4323
4426
0
4055
4365
0
4314
0
4139
4310
0
4251
4310
0
4251
3887
0
0
4310
1487
3990
3948
0
4513
4257
4066
4197
4310
4197
4066
0
4257
0
4066
4405
4310
4310
0
4251
4055
4314
4314
6349
4310
4365
4197
4310
4145
4310
4055
4251
4314
4310
4310
4323
4197
3904
4461
1492
3904
0
6349
0
4340
0
4323
4251
4007
4251
4021
3887
4099
3904
4405
4066
4107
0
3904
4066
4323
0
3887
0
0
4364
4197
4314
4066
3887
4314
6398
4251
0
0
4099
4314
4235
3948
4099
4107
4314
3950
4323
0
4323
0
0
0
4257
4314
0
4310
4323
1487
4323
4357
0
0
4251
4107
4310
4557
4066
4310
3948
4461
4323
4197
4310
4426
4066
4557
4323
4055
4235
0
4405
4405
4314
0
4143
4257
4235
4405
4431
4364
1912
0
0
3948
3887
4066
4323
0
4314
0
4426
0
1487
4310
4257
4257
0
3948
4323
0
4426
1927
4426
6362
4314
4557
4235
4314
4310
4257
4066
4212
4257
4239
3907
0
0
4557
6349
4314
4139
6349
6287
0
0
4557
4310
4310
4139
3948
4251
4066
4323
4257
3948
4066
4557
4365
4251
4310
4257
4323
4323
4310
4235
4549
3924
4257
4557
4139
4310
4323
4251
4513
0
3950
4405
1492
4257
4557
4251
4099
4323
3887
0
4486
4832
0
4461
6183
4513
0
4832
4533
4895
4357
4559
4461
4433
4513
0
6183
4560
4513
0
0
4513
4586
4557
4323
0
4557
0
4538
0
0
4540
4513
4323
0
4323
4323
4557
4522
6538
4557
4533
4541
0
0
4510
0
4840
4486
4538
4538
4840
4412
4575
4560
0
0
0
4557
4513
4533
0
4426
4557
4513
4533
4840
4461
0
4510
4513
0
4513
0
6287
4540
4538
0
0
6183
0
0
4895
4840
4533
4557
4576
4559
4484
4426
4510
0
4408
4840
4586
0
4557
4832
4557
0
4557
4557
4538
4840
0
4510
4510
0
4557
4540
4461
4557
0
4533
4840
0
0
4576
4862
4576
4433
4533
4557
4513
0
0
0
0
4513
4832
0
4461
0
4576
0
0
0
0
4510
4510
0
4557
4895
0
4510
0
0
0
4538
0
4510
0
4323
0
0
4530
4693
4323
0
4497
4479
0
4425
4513
4435
4461
4510
4895
4832
0
0
4433
4435
0
4461
4586
4541
4461
4426
4538
0
4832
0
4426
4513
0
4984
4627
4942
5220
4785
4984
0
4832
4911
4828
4644
4937
5054
5027
0
4785
4950
4627
4576
4785
0
0
4785
5549
4959
4844
4785
4895
4764
4875
4943
5403
4895
4725
4627
0
4984
4763
4984
4627
4817
0
5054
4950
5031
4627
4984
4950
4576
0
4764
5034
0
4895
4984
4937
5034
5054
4576
4832
4627
4828
4943
0
4840
5054
0
4895
5054
4840
0
4627
4984
0
5054
4693
4950
4942
4588
0
4920
0
5034
5054
4785
4984
4627
4627
4984
5063
4785
4828
4942
4985
4832
0
4840
5054
4627
4764
4844
0
4822
4840
5055
5454
4764
4984
4763
4950
4942
4787
4627
4751
4943
4984
4725
5054
4840
5037
4764
4627
4985
4655
5063
5055
4655
4937
4751
5054
5072
4942
4627
0
5054
4950
4844
5034
4655
4763
4785
0
0
4895
4785
0
4943
4852
4950
4984
0
5027
4984
4875
4673
4627
0
4895
4920
0
4764
0
4763
5599
4844
4785
4844
5031
6161
4785
4895
0
0
0
4942
4832
0
4751
4828
4984
5034
4942
5549
4655
4943
5034
5054
4817
4942
5549
4764
4627
4828
0
4840
0
4895
4950
4873
4763
5574
4538
4763
0
4828
4943
4764
5054
4840
4655
4984
4785
4832
4764
4984
0
4627
4942
4943
4895
4942
4763
4920
4764
4764
0
5063
0
4840
4942
0
4785
0
4785
4984
0
0
4751
4627
4763
0
4655
5034
4943
4950
4785
4844
4943
0
0
4984
4840
0
5054
4984
4943
4751
4984
4763
4467
0
4751
4840
0
5054
4655
4795
5061
4895
4627
0
4942
4895
4943
4943
5054
4984
6183
5054
4985
0
0
6161
0
4895
5027
5054
0
5278
4785
4763
4984
4764
0
4950
0
4832
4751
4895
4943
4763
0
4942
0
4942
4943
0
5549
4942
4751
4764
4942
5031
0
5549
5549
5034
4819
4844
0
4673
0
4895
5034
4844
0
5054
4627
0
4942
0
5063
4763
0
5034
4895
4942
5054
4943
5034
4913
4627
4764
5054
4984
0
4510
4828
5235
4943
0
0
5135
0
4959
4943
4751
5054
0
0
4763
4943
4950
4828
4655
4655
4785
0
4951
0
5061
4879
4627
5054
4984
4942
4576
4937
4763
4950
4942
4627
4985
4984
5054
4655
5034
5054
4950
4852
4950
4895
0
0
0
4984
4785
4655
5054
4785
5027
4895
4984
4785
4984
5030
4785
4764
4943
4840
4943
5535
5054
4920
4895
4840
4627
4984
4764
4751
4627
4763
4627
5034
6183
5060
0
5054
4911
6161
4627
5054
4950
0
4942
0
5054
4751
0
0
5549
4943
0
4942
5549
0
5054
5549
4984
4763
4942
4763
6183
0
4984
4943
5034
4895
0
4943
4984
4895
0
0
4942
5063
4950
4887
0
0
5454
0
4627
4917
4785
5063
4942
4840
5054
0
0
4785
4828
4538
5054
5054
4985
4763
0
5421
5352
5352
5991
5135
0
0
5535
5589
5364
5299
5790
5544
5767
5599
0
5454
5235
5352
5120
5135
5205
5205
5352
5535
5739
5535
0
5352
5352
5767
0
5266
5309
5309
0
5802
5309
5096
0
0
5931
5135
5171
5352
5352
5549
5549
5135
5205
0
5589
5421
5549
0
5802
5352
5135
0
5549
5080
5549
0
5352
5352
5352
5767
5454
5348
5120
5205
5139
5939
5767
5352
5599
5468
5352
5535
5135
5120
0
5352
0
5445
5205
5135
0
5589
5120
0
5445
5327
5421
5352
0
5454
5278
5454
5352
5352
5403
5135
5549
5421
0
5421
5352
5544
5454
5235
5532
5352
5352
0
5535
5549
0
5599
5327
5535
5352
5352
5135
0
5327
5445
5551
5063
5509
5599
0
5549
5767
5549
5599
5352
5549
5237
0
5120
5599
5445
5421
0
5692
5589
5352
5509
5235
5352
5549
5574
5264
0
5135
0
5589
5421
5352
5939
0
5544
5205
5352
0
5264
0
5403
5309
0
0
5535
5120
5544
5790
0
0
0
0
5802
5139
5599
0
0
0
5454
5205
5309
5352
5535
0
5597
0
5096
5352
5445
0
5388
5327
0
5327
0
5445
5454
5352
5544
5544
5120
5327
5535
5991
5549
5767
5544
5566
5739
5080
0
5544
5500
5388
5309
5592
5421
5265
5544
5523
0
5388
5549
5388
5309
5352
5535
0
5388
5549
0
0
5535
5544
5589
5574
5388
5309
0
5135
5327
5549
5535
5599
5352
5205
5802
5327
5352
5388
5544
5549
0
5599
5352
5352
5309
5549
5544
0
0
5549
5205
0
5549
5086
5767
5454
5535
5549
0
5327
5445
5802
5939
0
5535
5352
5535
5589
5421
5790
5544
5327
5931
5535
0
5235
5120
5939
5589
5991
5265
5425
5445
5599
5549
4795
5421
0
5544
5352
5352
5599
5403
5235
5120
5388
5540
5544
5264
5767
5266
5767
0
5544
5120
5535
5544
5352
0
5220
5535
5327
5500
5352
5535
5544
0
5535
0
5388
0
5237
0
5283
0
5549
5544
5544
5403
5030
5790
5767
0
5352
5309
5767
5544
5549
5421
0
5692
5309
5535
5790
0
5388
5535
5544
0
5235
5599
5257
5445
0
0
5599
5535
5454
5352
5535
5120
5802
0
0
5388
4606
5535
0
5549
5549
5352
5991
5949
5535
5554
5454
5549
5949
5523
5597
5544
5509
5135
5135
5388
5535
5246
5454
0
5544
5445
0
5535
5055
5802
5352
5549
5544
5692
0
5120
5544
5544
5563
5549
5599
5388
5352
0
5549
0
5599
5535
5549
5535
5730
5544
5120
5352
5549
5135
5176
0
5549
5352
5309
0
5535
5309
5599
5454
0
0
5721
0
5549
5352
5535
5235
0
5599
5549
5205
0
5549
5549
5352
5544
0
5549
0
5352
5235
0
5939
5599
5500
5445
5767
5468
5135
0
0
5327
5352
0
5258
5549
0
5063
5388
5549
5120
0
0
5421
5549
5549
5454
5535
5388
5135
6020
4751
5549
5205
5802
0
0
5352
0
0
5352
5120
5445
0
0
5352
0
5770
0
5664
5783
5664
5634
0
5693
5706
0
5721
0
5767
5767
5693
5790
5706
3216
5774
5636
5664
5739
0
0
0
0
5706
5747
0
0
5664
0
0
5636
0
3354
0
5790
5272
0
3354
5721
0
5744
5706
5767
5739
0
0
0
5682
2985
0
5706
5693
0
5693
5774
5606
5682
5790
5739
5168
5739
0
5770
5636
5790
0
5782
0
3166
5683
0
0
0
0
5642
5609
5664
5664
5636
0
0
5790
5664
5636
5664
5634
5683
5168
5664
0
0
5783
6821
5664
5750
3354
5767
5693
5664
5706
0
0
5664
0
3216
5693
5721
3327
5636
5664
5624
5744
5692
5636
5706
5693
5445
5682
0
5706
5739
3216
5770
5775
0
5120
0
0
5721
0
5664
5790
0
5790
5664
5770
0
5257
5606
0
5706
0
5664
3216
0
3166
5664
0
0
5747
5664
5802
5790
5706
5729
0
5774
5706
5739
5664
5589
5790
5790
5623
0
5632
5790
0
5693
3389
5706
0
0
0
0
5767
5636
0
0
0
0
0
5264
5790
0
5729
5445
0
5706
5790
5636
5790
5664
0
5783
3327
0
5675
5706
0
5706
5693
5682
0
5693
5806
0
5636
5664
5693
5706
0
5809
0
0
5790
0
0
5693
5790
5729
5634
5120
0
5693
5636
5790
5739
5991
5931
5949
6003
5949
6821
5939
6615
6091
6020
6003
5931
6199
5991
6000
6700
6020
6000
5991
5991
6020
5991
5949
6003
6003
6615
6615
6020
5931
5949
5996
6020
6615
6079
5120
6615
6577
6020
5991
6003
6020
6003
6000
5996
6615
6615
5949
6003
5931
6003
6020
5998
6577
5388
6020
5996
5939
6079
6821
6003
6003
5939
5949
5996
5931
6615
5991
4751
6020
6710
6180
6020
5949
6000
6003
5991
6577
5388
6141
5931
6700
6615
6180
5599
6070
5939
6003
6020
6020
5996
5939
5931
5931
6710
6180
5996
6199
6000
5939
5998
0
5939
6020
5996
6020
5931
5996
5931
0
6003
6003
5120
5949
6091
6615
5599
5931
6091
0
5998
5998
6000
5939
5949
6615
5931
5949
5996
6000
5991
6003
5931
6091
6091
5939
5996
5931
6020
5939
6821
6000
6710
5991
6003
6000
5939
5996
6003
6577
6091
5931
6000
5931
6003
6020
5388
6000
6020
6020
6199
0
6020
6577
5949
5996
0
5931
0
6577
0
6020
6199
0
6615
5931
5991
5931
6000
6142
6821
6615
6020
6003
6700
5991
6003
5996
6000
5949
0
6020
6710
6619
6821
5939
6079
6096
6070
6556
6142
6070
6096
6547
6020
6096
4840
6091
6161
6199
6141
6180
6141
6199
6161
6434
6142
6199
6428
6141
6091
6183
9518
6183
6141
6161
6096
6434
6096
6428
6428
6096
6428
6079
6518
6091
6079
6142
6199
6161
0
6161
6183
6384
6096
9190
6096
4840
6096
0
6183
6428
6556
6096
6161
6142
6161
6142
6070
6142
6142
0
6161
6096
6180
6428
0
6533
6079
6096
6199
6180
6428
6141
6003
4840
6141
6079
9255
6161
4895
6070
6141
6161
4751
6161
5996
6142
6180
9518
6547
6142
6183
6183
6180
5996
6538
4751
6003
6091
6183
6199
6161
5998
6199
6079
6161
6518
6428
6538
6079
0
0
6161
6434
6183
6183
4751
6096
6142
6161
6141
6161
6091
6518
6180
6180
6199
6003
6079
6434
0
6500
6141
6428
6533
6096
6070
9190
6096
6070
6161
6161
6428
4751
9255
6096
6141
6199
6161
0
6161
6538
0
6161
6287
6141
4840
6180
6287
4785
6180
6070
9397
6141
8924
6003
6183
6096
0
6161
6141
6180
6428
6428
4785
6183
6287
6349
6538
6349
4139
6398
4066
6362
6349
6500
6362
6538
3887
6405
6264
6383
6538
6405
6384
6362
4066
6500
6351
6528
9217
6405
6405
7545
6405
6287
6362
6383
6405
6417
6264
6256
4314
6383
6398
6417
7483
6287
7483
6256
3887
7606
6287
4365
6351
0
6264
6398
6513
6264
6383
6383
6398
0
6287
3887
6398
6264
6405
6362
6349
7483
3887
6563
6383
6563
6383
6398
6362
4139
6362
6362
6287
6362
6256
6362
0
6351
6500
6383
6384
6362
6428
4139
6349
6538
6383
6405
6384
7631
6264
7606
6383
6405
6287
6351
7594
6362
6256
6417
6362
6384
6349
4066
6264
6398
6398
6349
6405
6351
6362
6398
7606
6398
6417
6398
6362
6287
4405
6563
7545
6384
6349
6362
6384
6362
6287
6538
6398
6405
6384
6351
6351
6563
6349
6351
6349
7545
0
6563
0
6398
6563
6256
3887
6384
7545
6287
6405
7545
6398
0
7540
6538
6362
6398
6405
6405
6384
6398
6513
6384
6349
6383
7606
7540
6563
6405
6563
4066
6513
6405
0
0
6398
6405
6500
6256
6405
6264
6351
4139
6398
6398
6351
6384
6405
0
6383
6349
6256
6405
6529
6513
0
6417
6351
6529
3887
6500
6500
6405
6384
6362
6383
6351
0
6529
8283
6500
6528
9217
9255
9255
6556
6518
6556
0
6563
6434
6556
6513
6538
0
6079
6513
9543
6500
6563
6513
6383
6547
6556
6428
6547
6434
6528
6500
6513
6518
6183
9543
6529
9543
6434
6533
6556
6513
6533
6533
6383
6500
9255
6513
6556
6518
6529
6428
6434
6529
6547
9376
6533
6518
6264
9190
6563
6500
6383
6563
6513
6518
9543
6091
9543
6528
6533
6500
9255
6556
6533
6529
9217
6500
9217
6434
6518
6513
6563
0
6528
9217
6528
6563
6529
6518
6563
6533
6434
6556
6538
6533
0
9217
6518
6563
6500
0
6500
6513
6518
9190
6428
6434
6513
6384
9255
0
0
6538
6533
6556
0
6500
9543
6528
6518
0
6091
6518
6513
9397
6383
6547
6528
6513
0
6556
6533
6533
6513
6563
6533
6513
6434
0
6518
6518
6528
6434
6533
6518
0
6518
6383
6538
6538
9543
6563
6500
6428
6563
6533
8983
6878
6718
0
6577
6577
6619
6700
6615
6843
6589
6619
9190
8894
6577
0
6878
8983
8894
6718
6589
6615
6589
6636
6718
6878
8983
6718
6619
8894
6897
6878
6589
6615
6619
6718
6615
9145
6710
5998
9158
0
6636
6878
6619
0
6752
6577
8983
6718
6878
6636
8894
6710
6718
6619
9158
6577
6636
6700
6843
6821
0
6589
6843
9145
6615
6615
6577
8924
6615
6619
6821
6619
6619
5991
6700
6710
6577
6857
8983
6577
6589
6615
6752
6577
6636
6821
8983
6710
6619
6700
6878
6619
6636
8983
6821
6752
6636
6589
6897
6577
6577
6636
6700
8894
6718
8894
6718
6589
6821
5998
5991
9158
9145
9518
8983
5996
6878
6619
6843
6589
9061
6718
6615
6615
0
6577
6878
5998
6821
5998
6615
5998
6589
6700
0
6718
6615
6577
8924
6718
6897
8894
0
6577
6700
6718
6897
6700
6615
6878
8924
6700
6897
6718
6878
6829
6874
6932
6857
6857
6843
6897
6897
6833
6949
6901
6829
7188
6843
6857
6897
6752
6901
6857
6843
6901
0
6833
6897
6829
7123
6932
6829
6833
6874
6901
6821
6899
6833
6878
6833
9047
6833
8894
7096
6901
5120
3386
6874
3202
9158
6843
6949
6878
6932
7188
6874
6897
6833
7096
6932
6899
6829
6949
6821
6878
6843
6833
6990
6878
6833
6949
6829
6833
6932
6833
6833
6829
6878
6932
6843
6829
6833
6829
6897
6829
6857
6829
3386
6843
6857
6829
6874
6821
3386
0
3386
6878
6901
6833
6829
6901
6833
0
6752
7014
3386
0
6897
9158
6829
6829
8679
6897
6752
6897
6843
0
7188
7096
6874
6829
6833
6932
6821
7096
6874
6857
6833
6897
6901
0
6949
6932
6829
6857
7188
6857
6833
6874
6949
6829
6949
6833
6829
6949
6949
5120
0
3386
6990
6932
0
3386
6897
6949
6874
6857
6829
3386
6829
7188
6901
6932
8679
6949
7188
7168
6829
6833
6897
0
6821
0
6843
0
6833
7123
6874
6829
3202
3386
6829
6897
6857
6949
7188
6821
6589
6829
6833
6833
6949
6833
6829
6843
6932
6833
6829
9158
6901
6897
3386
6932
6821
6857
0
6932
6833
7096
6833
6829
5991
6857
3386
6932
7096
6829
6874
6833
6897
6857
7096
0
6932
6843
7123
7188
6897
6829
6874
6897
6833
6833
6857
6949
6949
6829
6843
6949
6833
6829
7123
6901
6932
6990
7203
7206
7168
2754
7107
7107
2754
8474
6874
6874
7134
9158
7185
7248
7248
7107
7185
7197
0
7203
7134
7123
7110
7159
7185
7134
7203
6990
7134
7014
6949
7168
7014
7107
7110
7014
7231
7123
7203
7997
7159
7096
0
2645
7123
6990
7110
7168
6949
7110
7123
9158
8563
7107
7188
7203
7168
7014
7107
6990
8563
7206
7231
7206
7248
7185
7188
7110
7159
7110
8003
7014
7110
7168
2646
7159
7168
7110
7997
7206
7110
6829
7110
7203
6829
7159
8003
7014
6990
7107
6990
7197
7185
7123
7123
6990
6949
7185
7107
7123
7168
6990
7110
3246
6949
7168
7185
7110
8474
7110
6829
7123
7206
7110
6990
7096
7110
7110
7159
2754
8679
7197
7203
8003
0
7168
7203
7248
7203
7168
7203
7188
6990
7168
7123
0
7014
6949
0
2754
7203
6990
7203
7248
7107
7168
7107
7110
7107
2754
7014
0
7123
6949
7123
6990
7110
7110
7203
7014
6990
6990
0
7110
7185
8003
7110
7168
7123
7168
7185
7159
7123
7197
6990
7168
6949
7134
7014
2500
7206
7185
7159
6874
6990
7206
7997
0
7014
7168
7203
7014
6874
2754
7110
7110
0
7096
2754
7110
7203
7107
7134
7134
7188
7159
7185
7123
7206
7203
7110
7997
7159
0
7123
6990
0
7110
7014
7206
7206
7107
7107
7134
7096
0
7168
7185
6949
7107
7014
0
7110
8003
0
8111
8111
7248
7231
7261
7261
8023
7231
8474
8111
7261
7248
7248
8474
7231
7014
7231
7261
7261
7274
8023
7248
7231
7248
0
7261
8474
8091
8055
7261
7231
8003
7206
8673
8111
7231
7014
8474
7261
8563
8091
0
8003
7159
8055
8055
7261
8474
7274
7206
7274
7231
6990
7261
0
8003
8111
7231
7014
8003
8673
7261
7248
8003
8055
7274
8111
0
7206
7274
8574
7206
7248
7261
8003
7261
8474
8003
8563
7014
7261
8111
7261
8474
7185
8111
8574
7231
7231
7274
7185
7231
7231
7997
7248
8003
8003
7274
7274
8673
8111
8003
8111
7274
7248
7248
7261
8111
7197
7261
8701
7107
8474
7014
8111
8111
7511
7414
7676
7413
7427
7427
7414
7511
7413
7427
7384
6529
7650
7414
7650
7414
7414
8189
7448
8189
7414
7367
7399
7384
7367
7399
7384
7367
7427
7427
7650
7448
7367
7427
7427
7367
7427
7427
7367
7367
7384
7453
7448
7427
0
7384
7399
7448
7384
7427
8402
8450
8189
7427
7676
7413
7367
7413
7367
7384
7399
0
7427
7650
7427
7384
7650
7427
7367
7730
7367
7540
7511
7540
7384
7427
0
8440
7413
7427
7414
7399
7414
7384
7367
7367
7453
7427
7413
7740
0
0
6529
7540
8189
8189
7448
7384
7574
7427
7414
7453
8189
7540
0
7399
7453
7413
7427
7427
7399
8323
7413
7399
7650
7399
7399
7427
7835
7427
7367
8440
7427
7631
7427
0
8189
7453
7414
7413
0
7399
7540
7594
6417
7637
7574
7511
7637
7594
6417
7631
6264
7483
7594
6417
7650
7483
7483
7574
6398
7637
7540
7574
7448
6398
7626
7626
7448
7367
0
7574
7448
7626
7511
7448
7650
7631
1912
7574
7740
7545
7367
7637
7594
7606
7631
7574
7730
7413
6398
7594
6264
7606
7730
7637
7637
7483
0
7631
7574
7740
7483
7540
7631
7511
7574
7511
7574
7594
1603
7631
7540
7540
1603
7545
7631
6264
7413
7626
7574
7594
7637
7631
7545
7574
7594
0
7626
7574
7574
7545
0
7483
7606
7637
7626
7540
7574
7483
1912
7511
7483
7511
7650
7637
7650
7574
7545
7511
7637
7511
7483
7637
1487
7631
7631
6264
7637
7637
7448
0
7540
7483
7545
7626
7637
7448
7448
7606
7483
7626
7483
7626
7606
7740
7606
7540
7637
7594
7574
0
7650
7637
7606
7606
7540
7511
7631
7631
7448
7574
7740
0
7637
7594
7448
7650
7574
7631
7483
1912
7626
6417
7511
7606
7574
7511
7574
7637
7631
7631
6417
0
7511
7483
6264
7413
0
7637
7626
7650
7631
7540
0
7511
7606
7483
7594
7574
7740
7626
7606
7631
6398
7574
7574
0
7594
7740
7730
7730
1194
7767
7832
8090
7694
7805
7769
7872
7740
7876
7740
7835
7767
8023
7740
7694
7805
7767
7740
7876
7832
0
7740
7876
7740
7835
7684
7805
7835
0
878
878
7872
7767
7767
8061
7684
7769
7805
0
7684
7767
7676
7676
878
8090
8094
7805
7832
7767
7767
7832
7676
7694
7676
7767
7767
7872
7805
7767
7832
8107
8061
7872
7767
8094
7876
7740
7835
7684
7835
878
7676
7694
7740
0
7650
7835
7694
7805
7684
7835
8440
7835
7876
0
7767
7872
7769
7805
7767
878
822
7676
7740
7872
7684
7805
7876
8061
7650
7694
7835
7676
7384
7694
7427
8107
7832
7805
8037
1033
0
7676
0
7876
7805
7805
8090
8094
7740
7876
7767
7767
7835
8450
1194
878
8107
7835
7876
7650
8094
8673
7805
7876
7769
8440
8061
7805
878
7805
7876
7767
8440
1057
8094
7676
7805
822
0
7767
8030
7769
8090
7835
7832
7767
8094
7694
7767
8440
7769
7384
7805
7767
7767
7835
7676
8094
7876
822
7835
7835
8107
7730
7676
0
7835
8037
0
7740
7876
7835
7835
7740
7740
8061
7832
7384
7730
7805
7767
7684
7832
7832
7767
7740
7676
7694
7676
7832
7835
7835
8037
7684
7767
7676
7876
7832
7876
878
7694
7876
7767
7832
8090
0
7832
7676
7427
0
7694
7684
8003
8055
8023
8091
878
8026
8111
7876
8073
7876
7997
7997
8037
7997
8003
8061
8090
8037
8044
8091
8037
8111
8094
8094
8044
8026
8111
8037
8061
8094
8044
8061
8026
8003
8073
8073
7997
8073
7997
8107
8094
8061
8094
8061
8091
8094
7876
7997
7261
8044
8107
7997
7997
8073
8026
8073
8061
702
7997
8026
8030
8061
8111
8044
8037
8003
8061
8061
8061
8061
8003
8107
8055
7684
8073
8107
8030
8030
8026
7997
8111
8030
702
7997
8073
8044
8003
8030
8003
7261
7997
8037
8061
8003
8107
878
8030
8023
8044
7684
224
8037
8044
8090
8044
8030
8073
8044
8094
8107
7997
8026
8073
8061
7767
8026
8030
7997
0
7997
7261
7876
8061
695
0
8026
8061
8030
8073
8061
8037
8055
8111
8055
8037
8037
8091
8094
8061
7274
8107
8044
8037
8044
0
8003
8073
0
8023
7997
7997
0
8044
8026
8044
8055
8090
8030
0
7997
8073
8061
8073
8107
8030
0
8090
7997
8030
7876
7876
8037
8030
8030
8090
8094
0
8037
8030
8044
8044
8044
0
8061
8023
8756
8030
878
7159
8055
8055
8044
8094
8090
0
8111
8073
8037
8061
8673
8091
8044
8061
8094
8003
8073
7197
7997
8073
7694
8061
0
0
8044
8026
0
8037
7769
8055
8107
8044
8055
8061
8055
8044
8061
8073
8003
0
8037
8107
224
0
224
7159
8256
8376
8256
8302
8376
8402
8344
9217
8373
8450
8256
8712
9928
8695
8346
9911
8450
8695
8415
8695
8302
8344
8415
8301
9331
8295
8147
8434
8790
8283
8189
8440
8450
0
8323
8360
9333
8301
8256
8434
8302
8301
8373
8280
8256
9515
8346
8376
8301
8450
8299
8450
8283
8450
8301
8415
8301
9331
8404
8261
8360
8450
8376
8147
8608
8415
8695
8373
8302
8346
8189
8319
8450
9928
9500
0
9482
8319
8434
9385
8402
8344
8376
8455
8477
8302
8402
8301
8444
8666
9936
8450
8256
8261
8319
8360
8346
8147
8295
7769
8444
8440
8455
8450
8373
8608
8189
9333
8450
9928
8323
8256
8280
6529
8402
8360
8189
8402
8295
8302
8323
9910
8256
8450
8302
8695
8295
8344
9331
8415
8346
8374
8450
8434
8455
8147
8344
8280
8283
8299
9329
8261
0
8280
8417
8147
8376
0
8434
8346
8417
8295
7413
8434
8440
8283
8295
8374
8415
8295
8295
8434
8444
8302
8346
8295
0
8344
8440
0
8450
8360
8344
8302
8376
9333
8434
8344
7769
8295
8302
0
8374
8261
8344
0
8299
0
0
8302
8402
8404
8450
8256
8261
8374
8376
8450
8402
8319
8376
7427
8695
8302
8319
0
8450
8373
8415
0
8346
8283
8256
8301
8295
8302
9333
8323
9217
8373
8374
8450
8373
8189
8344
8261
9928
9420
8295
8323
0
8574
0
8301
8706
8261
8189
8417
8440
8360
8346
8256
8402
8344
8295
8415
0
8301
8415
8299
8373
9910
8477
8147
9333
7413
9420
8450
8299
0
0
8283
0
8295
8415
8402
7769
8376
8450
6529
9969
7384
8256
8344
8404
8673
8695
8344
8344
6529
8301
8256
8302
8695
9482
8455
8344
8189
0
8256
0
8444
8455
8440
8360
8440
8373
8450
8712
8323
8402
0
8444
0
9333
7769
8261
9969
8283
8402
8323
9910
8373
8323
9515
8695
8666
8256
8402
8299
0
7413
8402
8299
8450
8189
0
8440
8301
8346
0
9249
8695
8299
8415
8376
0
9577
8344
8402
8189
0
8444
8574
8619
8540
8653
8652
8474
8723
8477
8650
9038
8620
8783
7261
8653
8695
8779
8506
0
8477
8671
0
8608
8779
8608
8673
8722
9865
8790
8680
8621
8563
0
8488
8652
9865
8540
8790
7261
8667
8444
8667
8023
8679
8608
9681
8608
9163
8667
9162
0
8701
8667
8574
8574
9061
8488
8706
9038
8723
8619
8790
9865
8723
8790
8779
8650
8319
9158
8701
8319
8754
8695
8701
8779
8506
9111
8667
8673
8506
8540
7248
8574
8620
0
8673
8754
8695
8574
8756
8673
8701
8701
9158
8779
8652
8652
8474
8723
8673
8477
8695
8726
7096
8673
8574
8650
0
8701
8723
8450
8726
8619
9137
8650
8506
8621
7096
0
8722
9061
8701
6899
7096
8650
7248
8671
8652
8563
8779
8779
8563
8621
8680
8619
8723
8474
8506
8790
8756
8701
8540
8652
8673
8756
8671
8671
8673
8680
8621
8574
8679
0
8712
7261
8790
8695
8679
8671
8506
9710
8701
8783
0
0
0
8540
8754
8667
8756
8621
8621
8969
8650
8619
8673
8477
8712
8754
8679
8723
8474
8722
8319
8319
9046
8726
8652
9158
8756
8650
8695
7248
9792
0
8506
0
0
8790
8790
8608
8652
8574
9797
8673
8650
8620
8666
7261
8666
0
0
8488
8653
8783
0
8650
0
9162
9797
9047
8608
8667
0
0
8754
8969
8506
8679
8790
8574
8671
8671
8673
8673
8790
8722
8726
8706
0
8722
8783
8619
8563
8706
0
8540
8969
9147
8319
0
8783
8563
8701
8671
9038
0
8754
9849
8680
8695
8673
8695
9111
8608
8652
0
0
9158
8652
0
8754
8790
8783
8295
8706
8673
8695
8506
8563
8666
8563
8932
8295
8608
8701
8506
8671
8319
8722
8680
8666
8477
9973
8608
8477
8563
8673
0
9111
0
7248
8712
8673
8673
8671
8652
8695
8673
8608
8671
8667
8474
8779
8673
7261
8706
8652
8673
8574
9789
8712
8563
0
8540
8712
8652
0
8619
8653
8783
8488
8619
8680
0
8671
8506
9158
8695
8477
8666
8319
9061
8621
9862
8667
8574
8574
9047
8540
9117
9046
9087
8989
8540
9158
8983
8924
9089
9089
6710
9000
6700
8932
9102
9470
8506
8969
9521
9061
9047
6710
9147
8857
9061
9508
5998
8904
8884
9518
9061
8936
8884
8969
9687
9046
8983
8894
8924
8904
8924
8884
9117
8884
9162
9107
8884
8857
9536
9457
9117
0
8783
8894
8884
9000
9061
9107
9061
9038
9357
6589
9046
8912
8969
9061
8904
8983
8912
9155
8894
9163
8884
9162
9155
8912
8679
8932
0
8679
9047
8983
9038
8932
8983
9145
8932
9087
0
9107
9089
9147
8924
8894
9087
8983
9059
9089
0
8932
9147
9147
8932
8983
9000
9375
0
9144
8783
9058
8894
8653
6589
8884
9117
9061
9155
9163
0
9190
9117
8969
8924
9107
9087
9518
0
8904
8884
8884
0
9061
9061
9102
9190
9190
8667
9137
9144
9111
9144
9155
8894
9518
9518
8783
8983
6899
9061
9087
9145
9089
8884
8884
9107
8912
9089
8894
9058
8857
6619
8894
8904
0
8989
9162
9509
8912
9061
9145
9061
9061
8884
8884
9303
8904
9038
0
8904
8894
9107
9137
9117
0
9158
8506
9162
9457
9457
9000
9147
9058
9137
9357
0
9089
9163
8904
6636
8983
8912
8924
8894
8989
9058
9145
9357
8653
8924
8884
9087
9087
9038
8540
8894
8932
8932
8904
8679
5998
9046
9190
9000
9059
8488
8884
9061
9137
9038
6752
9137
9058
0
9155
9357
8894
9111
9536
9145
9038
0
0
9046
9375
8894
9107
9089
9046
9470
8932
9058
8904
0
0
8884
0
8904
9038
9357
9102
9190
9666
9061
9117
8540
9155
8989
9155
9162
6589
8679
9163
9087
9000
8932
9155
8969
8857
6752
9047
9046
0
9046
0
9457
9727
9046
9470
9107
8983
9158
9111
9038
9155
8904
6636
0
9155
9061
8924
9061
0
5998
9058
9357
0
9144
8884
9147
9162
9117
0
8904
9457
9144
8924
9181
9162
9457
9155
9155
9509
8912
8680
9144
8912
8679
9145
9470
9107
9508
0
9061
6752
9089
8894
6899
9117
0
0
9163
0
8936
9375
9457
9518
8884
6589
9089
0
9102
9087
0
9087
6700
9666
0
0
8667
9111
9163
8924
8989
9046
6752
8983
9046
8912
8404
9509
9249
9505
9419
9508
9457
0
9505
9376
9181
9333
9500
8404
9376
9500
0
9910
9536
9228
9241
9181
9241
9464
9331
9228
9217
9228
9470
9228
9543
9217
9464
6529
9515
9217
9470
9357
9181
9249
9181
9464
9255
0
9255
9470
9508
9089
9241
9515
9397
9464
9249
9249
0
9536
9058
6529
9333
8904
9241
9543
9470
9457
9333
7413
9228
0
9228
9333
9329
8912
9331
8147
9518
0
9303
8455
9419
9376
9357
0
9508
9217
9470
9457
9509
9536
8904
9357
9457
8346
9464
9397
8884
9521
9190
9500
9376
9419
9518
9217
9376
9464
9482
9303
9536
9331
9500
9360
9543
8346
9357
9333
9303
9509
9329
9521
9457
9241
9543
9255
9505
9536
9521
9360
9255
9509
9255
0
8301
6636
9385
9536
9505
9375
9521
9419
9249
9228
9329
9500
9635
9536
6556
9536
8283
9357
8912
9217
8283
9375
9521
9385
9255
0
8147
0
9419
0
9329
9376
9249
9508
9217
9228
9217
9331
9333
8402
9228
8904
8302
6528
9470
9357
9241
8283
9249
9470
9255
9331
9228
0
9500
6529
0
9505
9190
9228
9397
9457
9482
9329
9331
9331
9360
9464
9357
9329
9249
0
0
9255
9419
9419
9329
9089
9536
9241
9470
0
9470
9107
9228
9303
9470
9470
6636
9255
9217
9635
9543
0
9536
9249
9375
9190
9508
9329
9419
6529
6528
9482
9249
9543
9329
9470
9190
6529
9505
9397
9508
9333
9255
0
0
9521
9217
9303
9419
9470
9419
5998
9376
9536
8301
9420
9470
8904
9249
9333
9397
9536
9228
9217
9303
9536
6556
6636
9181
9107
8283
8404
9521
9505
9508
9521
9536
9333
9419
9181
9333
0
9509
9508
6091
9521
5998
9635
0
9457
9419
9482
9228
9470
0
9397
9470
9376
9666
9464
9000
9376
9228
8301
6636
9505
0
9521
9303
9509
6556
9249
9508
9543
9357
9333
8924
8147
9536
8283
6556
9190
9419
9329
0
9536
8455
9419
9376
0
9470
6434
0
0
9470
9457
9181
8147
9333
0
9508
9228
0
9217
9228
0
9190
9357
9505
9376
8924
9255
9385
9509
9536
9515
9505
9303
9255
9376
0
9536
9470
9420
9397
9509
9357
0
8283
9255
9509
9333
9521
9181
9464
6518
9419
0
9622
9943
9618
0
9627
9638
9605
9601
9181
9580
9635
9610
9917
8404
0
9568
9971
9992
0
9568
9622
9622
9641
0
0
9717
0
9636
9686
9974
9622
9515
0
0
0
0
9587
9687
9622
9648
9641
0
9905
9360
9937
9627
9360
0
9939
9674
9938
0
0
9580
0
9888
0
9589
9605
9905
8857
9997
9587
0
0
9608
9641
8404
0
9656
9586
9360
9974
0
9608
9638
9687
9601
9618
9627
9587
0
0
9627
0
9916
9924
0
9577
9751
0
9641
9666
9420
0
8857
9817
9721
9810
0
9111
9580
0
0
9773
9111
9851
9824
9681
0
0
9666
0
9717
9681
9727
9727
9605
9878
0
0
0
0
0
9787
9727
0
0
9675
9771
0
9917
0
0
9888
9058
9681
9111
9878
9851
0
0
9712
9664
9937
9728
9728
9610
9653
0
0
0
9721
9553
9726
9710
0
0
0
9878
0
9731
0
0
9728
9711
9710
0
9810
9773
9871
9687
0
0
0
9059
9728
0
9568
9673
9876
9580
9747
8857
9677
9111
9848
9717
9059
9681
0
9710
8653
0
9653
9580
9860
0
9916
0
9842
9846
8706
9731
9860
9862
9999
0
9848
9710
9793
9992
8620
0
9789
8620
9804
0
9848
0
8706
8620
9793
9753
9916
9912
9912
9789
8722
8299
9969
9744
9817
0
9846
0
9992
9681
0
0
9792
9801
8620
0
9865
9793
9681
0
0
9726
0
9721
9876
9944
9912
9848
0
0
9973
8620
9753
9727
9848
0
9838
9789
9842
9842
8726
9731
0
9792
9860
9802
8620
9792
9860
9938
9878
9789
9849
9704
0
9705
0
9862
8620
9846
0
9860
9589
9753
0
9793
0
0
8620
0
9999
9789
9726
0
9862
9851
9938
9710
0
9681
0
9849
9793
0
0
9969
9817
9971
0
0
9817
9938
0
9848
0
9878
0
9896
9997
9824
9865
9792
9878
9969
9865
9577
0
9945
9911
9911
9938
9992
9905
0
0
9792
9908
9916
9985
9627
9810
9865
9971
0
9916
8299
0
9910
0
0
0
9704
9627
9936
0
0
9601
9801
0
9988
9848
9910
0
9917
9938
9928
0
9928
9916
9793
9971
9568
9865
9888
0
0
0
0
9985
9988
9943
0
0
0
0
9910
9985
9973
9945
9910
9974
9638
9801
9797
9911
9973
9974
8299
9969
9842
9846
9974
9876
9970
9985
9876
9969
0
0
0
9797
0
0
9969
9865
9865
9973
8299
9916
9793
9943
9912
9985
0
9916
9992
0
9866
9849
0
0
9945
9916
9360
9610
0
9973
0
