0
0
0
134
0
0
0
207
0
0
131
0
110
0
131
0
0
0
0
110
110
119
208
0
0
0
0
0
0
190
0
0
0
0
83
163
0
676
0
58
124
0
0
190
213
0
110
131
0
58
0
0
190
0
0
0
0
0
0
137
190
0
0
0
190
0
83
0
0
0
110
0
0
23
0
99
0
0
0
0
0
137
77
0
2757
110
0
131
0
131
0
0
65
79
0
0
190
0
77
0
23
0
404
0
0
0
0
134
208
110
0
101
0
0
0
0
131
0
0
0
2621
207
0
0
0
0
0
0
137
0
207
0
2621
79
0
0
0
0
0
105
131
188
0
0
0
0
208
0
131
0
105
0
149
110
179
0
0
7175
208
0
0
0
0
0
0
207
8112
79
0
8112
99
0
23
131
0
0
208
124
105
0
0
0
0
33
0
0
0
0
0
0
0
0
79
105
207
90
79
131
0
0
2621
0
0
0
131
110
131
0
0
0
8112
0
134
0
0
0
0
131
188
0
0
0
23
0
24
137
0
131
0
0
203
191
79
0
57
2
0
396
429
0
394
2225
0
625
413
435
2225
506
391
0
8019
453
0
0
930
0
402
722
472
722
0
324
2111
2225
0
0
586
610
2225
492
0
742
0
684
255
2225
468
625
722
453
0
638
684
586
0
453
395
427
453
597
560
625
0
0
453
0
0
0
427
619
0
0
625
453
685
324
0
0
625
0
0
0
625
0
0
628
449
394
472
0
2225
625
0
0
0
586
0
695
625
427
586
518
0
7989
0
453
0
7949
586
0
492
2225
453
685
568
418
453
0
625
0
0
530
28
685
728
2225
252
131
407
2225
0
0
0
0
742
742
429
507
336
709
8082
2225
685
324
0
0
7974
0
0
0
0
586
0
453
507
503
563
685
0
613
0
0
0
0
0
0
0
0
0
0
586
0
0
625
0
685
685
0
506
415
0
260
453
0
586
0
728
394
0
0
652
652
394
695
394
0
0
0
0
0
684
684
472
2111
2225
0
0
2225
380
685
625
0
0
610
625
597
0
709
453
0
685
586
0
0
453
0
453
625
586
0
613
0
2225
652
0
0
28
0
0
514
563
7980
0
336
0
0
685
453
619
0
0
0
252
685
0
685
0
0
0
0
568
503
0
0
0
396
685
2225
413
586
0
453
0
0
0
0
0
0
709
324
322
453
0
530
0
0
685
472
0
2225
253
0
597
560
0
709
586
394
415
0
0
685
7989
0
506
7988
625
0
742
0
0
0
453
0
255
449
0
2225
252
0
453
0
0
0
0
586
586
676
610
0
0
0
472
0
0
568
0
563
0
652
625
0
0
552
2225
0
563
2225
0
252
0
7950
453
0
0
638
0
709
514
685
413
453
0
467
586
391
2225
0
391
0
0
396
722
395
453
695
709
253
0
685
0
514
453
0
0
625
0
8019
453
0
0
695
0
0
0
0
0
2111
0
2225
613
7988
2225
653
625
722
638
552
0
0
503
0
8082
0
0
0
709
474
625
586
0
0
0
0
0
0
0
625
685
2225
413
0
503
0
676
628
967
0
0
743
514
0
8104
2225
402
0
0
427
608
0
453
0
442
418
0
0
685
586
0
586
2225
2225
743
0
7988
0
586
533
2225
560
453
8070
507
0
722
2225
402
8019
586
0
2225
311
0
2225
0
453
563
380
695
685
0
467
0
2225
0
252
608
0
0
652
685
0
0
586
0
586
0
0
0
492
2225
300
0
0
453
0
413
685
0
2225
2111
769
0
0
0
858
1129
1198
0
890
1129
0
846
1220
7663
7687
0
838
0
0
907
0
0
1072
1149
912
1129
859
787
1005
7665
1355
2111
1149
1005
927
1056
0
1149
1355
1129
0
0
1149
772
933
2111
967
7715
0
0
1141
1041
912
1005
1005
7824
0
0
7715
925
1141
7782
0
1110
1149
912
0
1149
1129
1198
0
7804
0
0
882
1220
0
1149
933
968
1149
0
1149
0
0
1129
0
0
907
0
7665
951
858
1149
968
0
1072
1129
0
1208
1076
0
1031
1129
1269
586
0
0
0
945
1355
1129
967
1217
1129
1129
0
0
2111
838
0
938
761
858
2111
0
2111
7866
1271
7804
0
0
1141
1355
1129
882
0
0
0
0
0
1129
0
945
586
858
1210
1071
1368
1141
0
1355
912
0
927
0
0
922
1439
1071
858
0
2111
858
1129
1371
1171
7665
1129
0
0
0
1220
0
0
1212
0
1149
2111
0
925
967
0
1355
586
1439
0
0
945
0
0
2111
1005
912
0
1031
0
1110
0
0
0
7810
1110
997
0
0
1199
1122
1116
1349
920
1076
1208
1129
1216
7870
0
0
586
1355
1129
2111
0
0
2111
0
1110
1151
968
1071
1217
1122
2111
998
0
1005
586
933
0
0
0
0
0
1129
859
0
0
0
0
1129
930
0
0
0
0
0
0
1173
2111
1149
933
0
2111
0
0
858
1129
0
792
1129
0
0
7804
0
1071
1173
858
0
2111
0
0
7663
1071
1129
1217
2111
2111
1129
1198
0
0
1135
586
792
1056
0
968
998
0
0
2111
0
1212
927
0
0
933
0
0
1129
1041
1151
1129
0
0
1208
0
933
1368
907
0
0
1170
0
1135
0
2111
772
2111
0
0
1072
0
882
1216
1135
925
7729
7858
1171
1129
967
0
0
0
1110
1110
1149
0
0
1129
1071
1071
0
0
1171
813
927
0
0
0
907
7712
2111
7849
0
0
0
0
0
0
0
1217
2111
1031
907
1149
1355
0
1141
586
0
0
0
0
0
0
1129
1151
1368
0
772
941
0
1171
7804
1065
927
0
0
0
7804
0
2111
2111
997
0
0
2111
1129
0
846
1135
0
938
1149
0
0
1149
0
0
859
0
858
0
0
0
1005
0
0
2111
1141
1005
1129
1198
2111
1151
0
1076
0
0
1129
1439
7667
1149
586
1208
0
0
0
1149
2111
938
0
0
933
1041
0
0
0
0
0
1141
7781
0
0
0
772
967
0
0
0
1378
7654
1896
1264
1242
1360
1412
0
1259
0
0
1429
0
7581
0
1440
0
0
0
0
1436
1355
0
1743
0
0
0
0
1349
1368
1295
1355
0
1360
0
0
0
1896
0
1378
1277
0
0
0
1349
1368
0
1378
0
0
0
1409
0
1294
0
0
1440
859
859
0
1368
1412
1242
0
1295
1259
0
0
1896
1440
0
0
0
1440
0
1368
1248
0
0
7654
0
0
0
0
0
1349
0
0
1896
0
1294
1447
0
0
0
1378
0
0
1436
1412
0
1295
1338
0
0
1378
7653
0
0
0
1360
1338
1247
1365
1371
0
1277
0
1368
1352
1436
1436
0
7654
0
1743
0
1242
0
0
0
0
0
1368
1368
0
1896
0
0
0
0
0
0
0
1435
0
1338
1424
0
1295
0
1368
1264
0
1332
0
1349
0
0
0
1242
1440
1435
0
0
1349
0
0
0
0
0
1332
0
0
1848
0
1896
0
1436
1338
0
1378
0
1743
0
1876
0
1368
0
0
1151
7581
0
1848
1349
0
0
1349
0
0
1424
0
1277
1447
0
0
0
0
0
1412
0
0
0
0
1277
0
0
0
1259
0
0
0
1436
1368
0
0
1338
1713
7497
1895
0
1671
7609
0
0
0
1713
1950
1673
1834
1637
1886
0
1753
0
1896
1713
0
1713
0
1713
1813
0
1935
0
1765
1713
1935
1886
0
0
1942
0
1713
1642
1820
1573
1896
1896
1846
1886
1569
1926
1896
1765
1806
1886
1935
0
1935
0
1568
1886
1886
1755
1672
0
0
0
1465
7496
1942
1886
1813
1709
1565
7488
1593
0
1503
0
1935
1768
1531
1713
1503
1813
1673
0
1713
1642
1886
1935
0
1886
1568
1935
1793
1559
1942
1896
0
0
1755
0
1673
2149
1886
1919
1642
1735
1713
1912
1896
0
1935
0
1793
1713
0
0
1912
0
1707
0
0
0
1755
1809
1725
0
0
1565
1886
1713
1886
2149
0
1813
1886
7558
0
1713
1793
0
1935
1722
1770
1886
1797
0
1935
0
0
1813
1637
1521
1886
1750
1886
1573
1848
1679
1919
1750
1886
1368
1708
0
1618
1886
1862
0
1673
1755
0
1809
1819
1838
1708
1806
0
1713
1725
1713
0
1935
1935
1768
1935
1458
1950
0
1669
0
1642
0
1886
1412
0
1685
0
1770
1912
1919
0
1709
0
7497
1834
2149
0
1755
1942
1709
1861
1672
1709
1503
1753
1886
1896
1808
1828
0
1669
0
1713
0
0
0
1860
0
0
1819
0
0
1895
0
0
1753
1842
0
0
0
0
0
0
0
1681
1681
1886
0
0
1838
1713
1860
1896
0
0
1753
1913
0
1876
0
0
0
1618
1669
1935
0
1708
1713
1896
1713
1753
0
1635
0
0
1886
1743
0
1755
0
1679
1896
0
0
1876
0
0
0
1769
1743
1820
1896
1935
0
0
0
1671
1635
1568
1896
1503
1618
0
1896
7488
0
1886
0
0
1559
1896
7553
1820
7558
0
0
1696
0
1861
0
0
0
0
1896
1820
1793
1713
0
1886
1875
1569
0
1886
0
2149
1942
1896
1755
0
0
1935
0
1808
1879
1919
0
1713
2149
0
0
1819
0
1886
1886
1886
1696
1750
0
0
1503
0
0
0
1568
0
0
1769
1896
0
1912
1935
0
0
0
1950
1685
0
1618
1618
0
0
7546
1886
1926
1950
1618
0
1848
1713
1848
0
1713
1821
1886
0
1820
0
1862
0
1755
0
1565
1637
1465
1568
1935
1942
1876
0
1919
1896
1559
0
0
0
1713
0
0
1862
1593
0
1768
1886
0
1713
7478
0
0
0
1797
1458
0
0
1735
0
0
0
0
0
1465
0
1896
0
1593
7479
1926
7565
0
0
0
0
1886
1568
1793
1820
0
1713
1935
1886
1820
0
0
1735
1813
0
0
7488
1886
0
1886
1635
0
0
1886
1861
1886
0
1886
0
1725
0
0
1793
0
1568
1725
1813
0
1669
1618
1708
1755
1735
1637
0
1755
1808
0
1708
1875
1743
1875
0
1819
1896
0
7615
0
1935
7479
1896
2333
2111
2333
2149
3858
2333
2149
2333
3858
2111
2111
2149
2111
2111
2149
2333
2149
2333
2111
2333
2149
2111
2333
2149
2333
2111
2333
3858
2111
2149
2149
2111
2149
2333
2149
2149
2149
2149
2149
2333
2149
2333
1368
2111
2333
2333
2111
2149
2149
2149
2111
3858
3858
3829
2149
2149
2111
2149
2333
2111
3858
2149
2333
3858
2111
2149
3858
2149
2149
2111
2333
2149
2149
2111
3858
2149
2149
2149
2149
2149
2149
2333
2149
2149
2111
2149
2149
1368
2149
2111
2333
2111
2111
2149
2333
2149
2111
3858
1368
2333
1129
2149
2111
2111
2333
3858
1368
2111
1896
2149
2333
2333
2149
2333
2149
2149
2333
3858
2149
2333
2149
2149
2333
2333
2333
2111
2149
1368
2149
3858
2149
2333
2111
1368
2149
2111
2149
2333
2149
2111
2111
2149
2149
3858
1368
2149
2333
2149
2149
2149
2111
2111
0
2149
1896
2149
1368
2111
2333
2149
2333
1896
2333
2149
2333
2333
1896
2333
2333
2111
3858
2333
1368
2149
3858
2149
2149
2149
2149
2149
2333
2333
2149
2149
2149
1368
2111
3858
3858
2111
0
2333
2111
2111
2225
2225
2286
2286
3616
2225
2877
3616
2225
2333
2286
2333
2286
3616
2877
2333
3616
2333
2877
2333
2225
2286
2225
2225
2225
2225
2225
2225
2225
2333
2225
2333
2286
2286
2286
2333
2333
2333
2286
2225
2225
2286
2286
2333
2333
2286
2877
131
2225
2286
2225
3616
2286
2225
2225
2225
2286
2333
2225
2333
2333
2286
2225
2877
3616
2333
2225
2333
2225
2286
2286
2449
0
2225
2286
2333
2286
2877
3616
2225
2333
2225
2225
131
2225
2333
2286
2286
3616
2286
2286
2225
2333
2877
131
2225
2333
2333
2286
2333
2286
2286
2286
2286
2286
2286
2333
2877
2286
2286
2225
2225
2333
2286
2333
2286
3616
2286
2286
131
2225
2333
2877
2286
2286
2225
2286
2225
2225
2286
2333
2286
3616
0
2286
2286
2333
2333
2225
2333
3616
2286
2333
2225
3858
2449
2286
2225
2286
2286
2225
2286
2286
2225
2286
2225
2333
2286
2333
2333
2333
2333
2333
2225
2286
2286
2333
2286
2225
2286
2333
2286
2286
2286
2286
2225
2333
3616
2286
2877
0
2225
2333
2225
2877
2877
2286
2286
2286
2286
3616
2286
2286
2286
2225
2286
2286
2286
2877
2286
2877
3616
2333
2877
2225
2225
2286
2225
2333
2225
2877
2877
131
2225
2286
2286
2225
2225
2225
2225
2286
2333
2286
2225
3616
2757
2685
2794
2770
0
2807
2537
2877
2500
2777
0
0
2685
0
2613
2709
2571
110
2783
2639
2799
2823
2875
2800
0
110
2685
2449
2449
2449
0
2613
2766
2716
2877
0
0
2635
2840
0
7175
2877
2613
2877
2449
2824
2630
179
2877
2783
0
0
2630
0
131
2613
2613
0
0
0
2806
2449
2777
2799
2806
2613
2606
2806
110
2874
2449
0
2806
0
0
0
90
2877
0
2723
2794
2770
2824
0
0
0
0
0
2499
2821
0
3256
2757
2794
2791
0
0
2630
2449
0
2794
2592
2827
2449
0
2449
2799
2791
0
2731
2613
0
2714
7046
2883
2758
0
2710
0
2537
0
0
0
2449
2877
2477
2821
2827
2794
2800
2877
0
2592
2723
7197
0
0
2635
2879
2806
6995
7197
0
2613
2613
0
2714
0
2877
0
179
110
2842
2630
0
110
0
2824
2571
0
2877
0
0
2684
2757
2757
2787
2791
7176
2806
2808
0
2449
0
0
2766
2877
2770
0
2635
2883
2787
2613
0
2771
2732
2414
0
2877
2584
2770
2714
2710
0
0
2768
2723
2723
2748
2824
2486
0
2613
2840
90
2449
0
2716
2621
0
2613
6984
2824
2592
0
2794
2821
2799
2808
2621
2710
0
2754
0
97
2635
0
0
0
2449
2613
2877
0
0
2877
0
2748
0
2842
2716
2587
2877
2716
0
2777
2449
0
0
0
0
2449
97
0
2731
2587
2877
2709
0
2584
2877
2786
0
7197
0
2877
2757
0
2499
2800
2806
0
0
0
2877
0
2783
0
0
2606
90
2874
3256
2877
2613
2613
2877
2732
2727
0
2414
2757
0
0
208
0
0
2794
2877
2613
0
2824
2806
2716
0
2537
0
0
0
2449
2807
0
0
2537
2571
2489
2716
2777
0
7175
0
0
0
179
2534
2758
110
2783
0
0
2877
0
0
0
0
2685
0
0
0
0
2449
2824
0
2824
0
110
0
2449
2877
0
0
2613
2791
0
0
0
2768
0
2613
0
2449
0
0
2877
2807
0
2449
0
2877
0
0
0
0
0
2630
2794
2794
0
0
2716
0
0
2787
7030
110
2877
2613
2489
2449
0
0
0
2499
0
0
0
2794
2779
0
2779
0
0
0
2877
0
2877
0
2824
0
0
0
2806
2499
2613
0
2794
2808
0
2879
0
2716
2826
0
0
2879
2877
2879
0
2779
0
0
0
0
0
2806
0
2635
0
2787
2806
2537
0
0
2716
0
3256
0
0
0
0
0
0
2462
2757
2777
0
0
0
0
0
2534
0
2791
0
7118
0
0
2584
2794
0
0
0
2710
2639
110
0
2449
0
2520
2449
0
0
0
179
2731
2833
0
2449
0
2877
2449
2449
2449
0
2840
2449
110
0
0
110
0
0
0
0
0
0
0
0
3266
3275
3266
3271
3378
2970
6807
3578
3086
3188
3201
3303
3220
0
2913
3578
2970
5618
3161
3095
3095
3271
2924
0
3266
0
0
6915
0
3266
3266
6918
3344
3029
3288
3012
5618
3029
3378
0
3284
6858
3297
0
3095
0
0
3274
0
3353
5767
3256
6962
6786
0
0
3306
3353
0
3266
0
3284
3081
0
3220
3266
0
3166
3355
5618
0
0
0
0
3353
3266
3266
3007
3267
3063
0
0
0
0
6929
0
2924
6958
0
0
3179
3071
3029
3362
3336
3025
0
3095
3084
3122
0
0
0
0
0
3323
3095
3267
3144
0
6932
0
0
3294
6868
3232
3188
3232
0
0
0
6858
0
3297
3220
2996
6901
0
3161
3389
3232
0
3220
0
3344
3043
3127
0
0
3578
0
5618
3201
3144
0
0
0
0
3353
3266
3106
3232
3578
5748
3267
3095
3204
3356
0
6820
0
0
0
0
3344
3095
0
0
3284
3352
3007
3144
3266
3084
3266
0
3355
2939
0
3267
0
3303
3105
3166
3266
0
0
2970
3355
2948
3095
3378
3354
3188
0
0
0
5618
3303
0
0
0
3232
3344
2968
3232
3275
3366
0
3353
0
3095
3303
5767
3389
6775
6786
3086
3179
0
0
0
0
5671
3275
3204
0
3228
3289
3266
3232
0
3266
0
3095
5767
3095
0
3388
3029
3289
3166
0
3095
6915
0
3344
3356
0
3043
3308
0
3239
5618
3266
5618
3007
0
3366
0
3063
0
3284
3303
0
3095
3275
3193
2970
0
0
0
3025
0
3256
0
0
2967
3105
3144
3578
0
3266
3266
5771
6822
0
3179
3188
5618
2943
3353
3095
3228
0
3204
3323
0
0
0
3179
3266
3266
0
3336
3366
0
6813
0
3266
6867
3297
0
3232
0
3122
0
3179
0
0
3275
0
3029
0
3095
3374
3266
3306
5767
2913
3266
3271
2948
0
0
0
3095
0
3344
0
0
3303
3095
0
0
3193
5767
0
0
0
0
3354
0
3266
0
3201
0
6817
3351
0
2924
6858
3046
3071
3304
3086
0
3266
3232
3274
5618
0
3095
5618
0
0
0
3095
0
5767
3029
0
0
0
0
0
0
3029
3303
0
0
0
0
5618
3308
3344
0
3266
3256
0
6775
3274
0
0
0
0
0
3220
0
0
5640
3267
0
0
3095
3222
3071
6775
0
0
0
0
6822
0
3095
3344
5618
6869
2967
3303
3352
3084
0
3352
6775
3179
0
0
0
2913
2877
6901
0
0
3086
3266
6822
3266
3043
0
3228
0
0
3353
3179
3353
0
0
2948
0
0
3266
0
2924
0
0
0
0
0
0
0
0
3297
3266
3288
0
3304
0
3256
6768
2794
0
2996
3266
5618
3378
3095
3029
0
0
3081
3095
3284
0
0
3353
3256
0
3266
3155
5618
3204
0
0
0
3355
3130
0
3256
0
3266
3344
3266
3275
0
0
0
3617
3616
5355
3617
3617
3616
5767
3617
5767
3616
3578
3617
3858
3617
3578
3617
3616
3616
3616
3616
3578
5767
2877
3617
2877
3617
3578
3578
3616
3578
3578
3858
3616
3617
3616
3578
2286
3616
3578
2286
3616
3617
3578
3616
3578
3616
3617
3578
3578
3578
3617
4883
5767
3617
3616
3617
4883
3578
5767
3578
3617
3578
3617
3617
3617
3578
3616
3617
3616
3616
3617
3578
3578
3617
3617
3616
3616
3617
5767
3617
5767
3578
5767
3616
3578
4883
3617
3617
3616
3616
3578
3616
3616
3617
3578
3617
3617
3617
3617
3617
3616
3616
5767
3578
3616
3617
3578
3617
2877
3578
3578
3616
3616
3578
3617
3578
3616
5767
3617
3617
3617
3616
3578
3578
3578
3616
5767
3616
2877
3578
3578
3858
3617
3578
3616
3578
3616
3616
3578
3617
5355
2877
3578
3617
3616
3617
3617
3578
3578
3578
3616
3578
3578
3617
3616
3578
4883
3578
3617
3616
2877
3617
3578
3616
2877
3617
3617
3616
3858
3616
3617
3578
3616
3617
3617
3617
0
3616
5767
3616
3617
3616
2286
3578
3578
3578
3617
3578
3617
3617
3616
3617
3616
3578
3617
3616
3616
3616
3616
3616
3616
3616
3616
3617
3858
3616
3617
3578
3617
3578
3617
3578
3578
5767
0
0
3617
3616
3578
3578
3617
3858
3829
3858
3858
3829
3858
3815
4323
4883
3815
3815
3815
4883
3858
3829
3829
3858
3815
3829
3858
3815
3858
3815
3815
3829
3815
3815
3858
3829
3829
3858
3829
3815
3858
3858
4323
3815
3858
3829
3858
3815
3829
4883
3858
3829
3815
4883
3858
3829
3858
3858
3829
3829
3815
3858
4883
3858
3829
3815
3858
3858
3829
3829
3858
3815
3858
3815
3858
3829
3829
4883
3815
3829
4883
3858
4883
3815
3858
4832
3858
3815
3815
3829
3829
4323
3829
3815
3815
3858
3829
3829
4883
3815
3858
3815
3858
4883
3815
3815
4883
3829
4832
3815
3829
3829
3815
3815
4883
3829
3829
3815
4883
4323
3815
3815
3858
3829
3815
4832
3829
3815
3829
4883
3815
3815
3858
3829
3815
3815
3829
3829
4883
4883
3858
3815
3815
3815
4883
3858
3815
3858
3815
4883
3829
3815
3829
3858
3829
3829
3858
3858
3815
3829
3829
3829
3858
3815
3829
3858
3858
3815
3858
3815
3858
3815
4883
4883
4883
3815
3815
3815
3815
3858
3829
4883
3815
3858
3815
3858
3858
3829
3858
4883
3829
3858
4832
3829
3815
3829
4883
4883
3815
0
3858
3829
3829
3829
3829
4883
3858
3815
3858
4323
3815
3858
3829
0
3815
3858
4883
3815
3815
3815
3815
3829
3829
3815
3815
4323
3858
3829
3829
4883
3858
3815
3858
3829
3858
3858
3858
3858
3829
4323
3815
3858
0
3858
3815
3815
3829
3815
4943
3858
3829
3829
4883
3815
3815
4883
3858
4943
3815
3858
4323
3815
3829
3617
4883
4883
3829
3858
3815
4312
4323
4249
4181
6324
4364
4181
4391
4147
4093
4333
4093
4251
0
0
4323
0
3904
4270
0
3932
0
0
0
0
3995
0
0
4041
3904
0
4391
0
0
4323
4364
4143
6295
4096
0
0
0
0
4000
0
4310
3829
0
4251
3829
0
0
0
4547
4323
4344
4402
0
0
0
0
0
4311
0
0
0
0
0
0
4377
4002
0
0
6212
0
6327
4153
4113
4220
4251
4311
4080
4382
4251
4443
4310
0
4236
4236
4002
4382
0
4310
0
4108
4181
4231
4394
0
4383
0
4270
6295
3918
0
0
3952
0
4310
0
0
4197
4336
4336
4323
0
4251
0
3829
4382
4236
4310
0
6359
4310
6305
4250
4310
3904
0
0
4317
0
0
4108
0
0
4382
4284
4353
4310
4002
4310
4075
0
4112
6327
0
4336
0
3829
4058
0
0
4558
0
0
0
4055
4378
4055
4336
4249
4311
0
0
4271
4382
4096
0
0
4075
4069
0
4113
4226
4390
0
4364
4147
3829
6353
4002
4002
0
4443
3829
0
4284
4296
0
4311
4364
0
4310
0
0
0
4382
0
4259
0
3932
4310
0
4251
4310
4323
0
0
4185
0
4336
7478
0
4310
0
4390
4310
6281
4391
0
4250
0
4310
4002
4002
0
0
0
4002
4356
4080
4310
3829
4310
4359
0
1713
6353
4002
6282
0
0
0
4391
4580
0
6384
4312
4093
0
0
0
4096
4310
3948
3951
0
0
0
4314
0
6414
4378
4226
4075
4333
0
4310
0
4353
1713
4391
0
4251
3995
0
4382
0
0
4310
0
4443
4314
4383
0
0
4224
4309
4382
4270
0
4055
4270
0
0
0
6211
3829
0
3829
4310
0
4251
4246
0
0
4310
6414
0
4312
0
3995
4284
4378
4080
4310
4055
4143
0
4335
0
4226
4069
4391
3829
0
4251
4197
6414
4314
4359
3829
4336
0
3829
0
4310
0
4251
0
3829
4310
4323
4312
0
4426
4335
4320
0
0
0
0
0
4383
4251
0
4251
0
4360
0
3948
4181
0
0
0
4320
6380
4382
0
4312
4402
0
0
0
6414
4333
4314
4336
6247
1713
0
0
4309
0
0
0
3918
4002
4336
0
4323
0
4382
0
0
0
4093
0
0
4310
4382
6414
4382
0
0
0
4251
4002
3829
0
6211
3829
4364
4394
4383
3948
4310
4113
4113
4443
4382
0
0
0
0
0
4344
0
4041
3918
0
4113
0
0
6414
0
0
4308
6298
6305
4382
0
4181
0
4069
0
0
4310
0
0
0
4041
4558
0
4311
3952
4041
0
4093
4443
3951
4333
4310
4317
4181
0
0
0
0
0
0
4394
0
0
6349
4072
6211
0
4312
4296
4310
4310
4311
3948
1713
4147
4382
4378
4308
6380
0
0
4251
4310
4317
0
0
4310
4309
0
0
4093
4113
0
0
4382
4251
0
0
0
4072
4309
4093
4377
3829
0
4323
4147
4311
0
4832
0
4537
6206
0
0
4832
0
4573
0
0
4461
0
4411
0
6451
0
6206
0
0
4502
0
4471
4558
0
4569
0
0
0
0
0
4502
4558
0
4558
4558
0
0
4489
4443
0
0
0
0
0
0
6451
0
0
4938
4550
0
0
0
0
0
0
4443
6206
4533
0
4547
4547
0
0
4537
4461
0
4512
4471
0
4547
0
4108
0
0
0
0
6438
0
0
4800
0
4471
6206
4525
0
0
4589
4544
0
0
4569
0
0
0
4832
6206
0
4443
4470
5016
4573
4455
4455
0
4569
4443
4481
4461
4471
0
4527
4489
0
0
4525
0
0
0
0
4443
4569
0
0
0
0
4108
4832
0
0
0
4525
0
0
0
0
0
4411
0
0
4550
0
0
0
0
0
4455
0
0
4236
0
0
0
0
0
4558
0
0
0
0
0
0
0
4461
4800
0
4832
0
0
0
0
0
0
0
0
4394
4236
5007
4500
4558
0
0
4533
0
4984
4973
4825
0
4721
4984
0
4832
0
4892
0
0
4721
0
0
4935
6040
4973
0
4785
0
0
4821
4883
0
4829
4938
4876
4712
0
4943
4928
5016
0
5008
4973
4984
4831
4984
4973
0
0
4721
4935
0
4973
4984
6152
0
0
4831
4915
4602
5007
4984
0
4943
6190
4576
4832
4883
4785
4943
0
6197
4929
0
5016
4884
4525
0
4883
4984
0
4721
0
4751
4928
0
0
0
0
4915
4950
4721
4883
4973
4883
4984
5062
4829
4712
4928
4798
4832
0
4489
4762
4883
4934
4723
0
0
4786
0
0
4610
4973
4831
6143
4821
0
4973
5029
4943
4984
0
4723
4778
0
0
4973
4825
0
0
0
0
0
6147
0
5072
0
4973
0
4935
5021
4935
4915
0
4778
4935
0
0
4762
4821
0
4943
0
4836
4883
0
0
4883
4875
0
4883
0
4876
0
0
4758
0
4610
5024
4977
5042
0
0
6122
4857
0
0
4934
0
4812
4832
0
4798
4712
4984
4915
5068
4883
4812
4943
4973
0
4817
6111
5585
4785
4883
4610
0
0
4703
4840
4829
0
4831
0
4938
0
0
4935
4943
0
4884
0
4715
4883
5042
4832
4712
4883
0
4973
6121
4943
5007
0
4640
0
4831
4778
0
4697
0
4786
0
0
4785
0
0
4984
0
4935
0
4973
0
0
4985
4915
4943
0
5068
0
4943
0
0
4984
4884
4758
4762
4984
4943
4715
4984
4831
0
0
4829
4778
0
6190
0
0
0
4840
5008
0
6085
4786
4943
4943
4786
4883
4512
6122
4910
0
0
5021
0
0
4910
6032
0
0
4576
4884
0
0
0
4829
0
4832
4751
4892
4943
0
0
6085
5007
4950
4943
0
5549
4838
6121
4610
4838
0
0
4883
5549
4973
4819
0
0
0
0
6059
0
4758
0
4929
5008
0
4857
0
4821
4778
0
4915
4876
0
0
4943
4915
0
4973
0
0
4984
0
0
5074
5249
4973
5068
0
5062
0
0
4915
5068
5004
0
0
4831
4943
6152
4763
5024
0
4935
0
0
0
0
0
4883
4785
4883
4836
4610
0
4831
6127
4928
0
4778
4883
4723
0
4915
4884
4723
0
4723
5007
0
0
0
4984
5004
4957
4762
5029
4910
6205
4984
4785
4984
5030
5004
4934
4943
6071
4943
6121
0
0
6205
0
0
4883
4934
6147
4883
4934
5008
4915
0
0
0
4786
0
0
4973
4935
0
0
4812
0
4762
0
0
0
4883
4943
4915
5042
4883
0
4829
4883
4984
0
0
4884
6519
0
4984
4943
4915
6197
0
4943
4984
4778
4721
0
5024
4697
6040
0
0
0
0
4716
4883
0
4751
0
0
6197
6152
0
0
4935
0
4938
6190
4721
4812
4884
0
0
5471
3617
5092
5160
0
0
5129
5499
0
0
0
5300
5355
5249
0
5454
5239
5352
5558
5160
0
0
5352
5153
0
5306
0
5471
5352
5355
0
0
0
5442
0
5471
5279
0
5501
0
5910
5182
5171
5352
5352
5549
5549
0
5412
0
5478
5331
5585
5538
5355
5352
5513
0
5549
5447
5549
0
5352
5352
5352
5355
5235
0
5942
0
0
0
5767
5471
5556
0
5352
5182
0
5684
0
5352
0
5092
0
5239
0
5499
5478
0
0
5102
0
5352
0
5531
0
5129
5352
5352
0
5483
4883
5331
0
5412
5352
5300
5447
0
0
5352
3617
0
5305
5549
0
5541
0
5249
5352
5352
5235
5103
5200
5172
0
5393
0
5893
0
5549
5355
5549
5315
3617
5549
0
0
5478
5599
5571
5412
0
6024
0
5352
0
5531
5352
5549
0
0
0
5166
0
5297
0
5352
5331
0
5585
0
5352
0
0
0
0
0
0
0
5483
5501
5300
5571
0
0
0
0
5471
0
5513
0
0
0
5582
5151
5114
5352
5406
0
0
0
0
5352
5501
0
0
5331
0
5200
0
5595
5553
5471
5300
3617
5478
5327
5447
6023
5549
5355
5352
0
0
5306
0
0
5265
5326
0
0
0
0
5300
0
5303
5303
5549
5848
5303
5352
0
0
5478
5549
0
0
5406
3617
5589
0
5581
0
0
5182
5331
4883
0
5541
5471
5543
5471
5327
5352
5250
3617
5549
0
5541
3617
5352
5303
4883
3617
0
0
5549
5442
0
4883
0
0
5174
5500
5549
0
5081
5595
5471
5153
0
5160
5352
5919
0
5421
6015
5549
5200
6024
5129
0
5531
5501
5556
5589
5571
0
0
5106
5315
5549
0
5447
5884
5300
5352
5471
5513
0
5235
5092
5499
0
5300
0
5355
0
5355
5191
5585
5092
0
5352
5471
0
0
5331
0
5582
5352
5315
5549
0
5406
0
5915
0
0
0
0
0
4883
3617
5300
0
0
6015
5355
0
5352
5305
5355
5300
5549
5368
0
5829
0
5306
0
5595
5499
0
3617
0
5513
5599
0
5326
0
0
5599
5406
5454
5352
5556
5684
5471
0
0
5166
0
5921
0
5549
5549
0
5594
5684
5921
0
5174
5549
0
0
0
5300
0
0
5160
5910
5331
0
0
0
5549
5106
0
5406
0
5471
3617
5549
5300
0
0
0
5300
5549
0
5549
5129
5153
3617
0
5549
0
5584
0
5549
5538
0
3617
5794
5471
4883
5160
0
0
4883
5352
5303
0
5538
5227
5925
0
0
0
0
5447
5585
5352
0
5915
0
0
5549
0
5300
5549
5549
5471
5300
0
5549
0
5471
0
0
5581
0
5421
0
5355
0
6020
0
0
5326
5352
0
0
5549
0
5454
0
4883
5594
0
0
5279
5549
4883
0
5182
0
0
5326
0
0
5244
5471
0
0
5352
0
0
5352
0
0
0
0
5352
0
0
0
0
0
5753
0
0
5803
5743
0
0
0
5767
5618
0
5795
5712
5779
0
5716
5753
5822
0
0
0
0
5822
0
0
0
5779
0
0
5716
0
3105
0
5794
0
0
0
0
0
0
5822
5767
0
0
0
0
0
0
0
3105
5771
0
5803
5618
0
0
5765
5723
0
0
5753
0
5779
5829
0
0
0
0
0
0
0
0
0
0
0
5743
5753
5803
0
0
0
0
5779
0
0
0
0
5765
5765
5771
0
5765
5712
0
0
5767
3239
5685
5803
0
0
5753
0
5712
5801
0
0
0
0
0
0
5803
0
3105
5771
5684
0
0
5743
0
5765
0
0
0
5822
0
0
0
0
5706
5832
0
5748
0
5665
5663
0
0
0
0
0
5803
5671
0
0
5737
0
0
0
0
5618
5803
5706
0
0
5618
0
5723
5706
0
5795
0
0
0
0
5829
0
0
5698
5765
5618
0
0
0
5767
0
0
0
0
0
0
0
5822
0
0
5444
5684
5803
5684
5779
0
0
0
0
5710
0
0
0
5355
0
5671
0
0
5687
0
0
5779
5765
5614
5685
0
0
0
0
5765
0
0
5614
0
0
0
5803
0
3105
5779
0
5723
5765
0
5872
5920
5872
5997
5921
5910
5963
5921
5941
5942
5888
5991
5883
0
5915
0
5956
5956
5919
5941
5872
5893
5921
5876
5933
5940
6023
5538
5920
5867
5999
0
5997
5999
0
0
6641
5996
6017
0
6020
5868
5883
0
5872
5921
5997
9143
5478
0
0
0
5867
6017
5941
0
6025
5920
5920
5872
0
0
5910
5933
6015
5541
5920
6707
5888
0
5872
5867
5872
5920
5993
6025
5966
0
0
6015
5963
5541
0
5868
5940
6023
0
0
0
6702
5910
6707
0
5996
5864
8816
5584
5951
5594
5976
0
5888
6020
5794
5996
6024
6004
0
0
0
5872
5963
6581
5541
5997
6689
6004
5882
0
5848
5976
0
8999
0
6004
5999
5977
5991
5996
5594
0
5846
5872
0
5992
5589
5976
5478
5940
6707
6702
6004
6710
0
0
5920
6023
6707
6024
6020
6702
5848
5976
5919
5883
5867
6025
5966
0
0
0
5893
6004
0
0
5951
0
5848
5129
0
5920
0
6702
5991
6015
6581
5483
5997
5876
5919
5846
0
0
5893
0
5919
6004
0
6023
5951
0
0
0
0
6071
6121
0
6089
6111
0
6026
6177
0
6189
0
6122
6202
0
0
4762
6107
6122
0
6178
6037
6151
6112
6118
6122
6522
4800
6071
6071
6106
6076
0
0
6141
6071
0
6108
0
0
0
6178
6129
6071
6121
0
4800
6062
6071
6522
0
4884
6150
0
6145
6062
6079
6151
6040
0
6032
0
6121
0
0
6118
6143
6149
6180
0
6076
0
6193
6089
0
6180
6095
6106
6196
5004
0
0
0
6076
6062
0
0
6152
6040
6150
6188
6087
0
6195
6442
0
0
6095
6125
0
6151
0
6107
0
0
6143
6150
0
0
6527
6141
6471
6151
4550
6471
0
6090
0
9507
0
6205
0
6071
0
0
0
0
6193
6471
6188
5029
6143
6196
6100
6143
6100
6045
6145
6527
6151
6032
6089
0
6112
6089
5004
6196
6151
6040
0
6125
0
0
6141
0
6141
6183
0
6032
6189
6035
4550
0
0
0
6178
6149
0
6106
0
0
0
6125
9490
6071
6106
0
6097
6059
0
0
6206
4390
6543
6305
0
0
6356
6281
6359
6345
0
6328
6380
6255
6301
6297
6433
6255
6299
6345
6255
6289
6377
0
9424
6344
0
0
6212
6349
6305
6391
6233
0
0
6407
6302
6386
6315
6310
0
6328
6247
9406
6336
6382
6295
4311
0
6402
6315
6234
6391
6301
6356
6305
6285
6301
6384
6380
0
6315
6353
6217
6392
6234
6336
0
4075
0
6415
4147
6414
6305
0
0
6299
6217
0
6217
4236
6405
0
6380
6392
6281
6543
6305
0
6364
0
0
0
6386
0
0
6345
0
0
6353
6302
6212
6315
0
6297
6384
6305
6327
0
6366
6414
6206
6351
6353
6366
6324
6234
0
6310
6393
0
0
6233
0
6315
6552
4072
6380
6349
0
6384
6206
6366
6359
6328
6388
6324
0
0
6315
6392
6276
0
6391
0
4344
0
6407
4378
0
6276
6289
0
6315
6345
6255
9439
0
6390
0
6359
6315
6384
6382
6407
6415
6564
6305
6276
6390
0
6330
6241
0
6391
0
6359
0
6247
0
6410
0
6391
0
0
0
0
6282
6298
6384
6393
6255
6454
6328
6402
0
6310
6353
0
6282
0
0
4378
0
6299
6408
6384
0
0
6405
0
6240
6234
6433
0
6528
0
6471
0
6431
6553
6558
6454
6431
0
6449
0
0
6045
6421
0
0
6276
6531
6447
0
6540
6531
0
6570
0
6433
0
9393
0
0
6417
0
6431
6497
6491
6543
0
9399
6543
6543
9540
6531
6434
6553
0
6558
6570
0
0
0
6515
0
6377
6522
6504
6451
6474
6562
6433
9451
0
0
0
9548
9451
4108
6193
6491
0
6529
6377
6543
6377
6531
0
6500
6421
0
6408
0
6506
0
0
0
6415
4800
6431
6491
6451
6445
6565
6274
0
6537
6519
0
0
6543
0
0
6059
6474
6570
6565
0
0
0
6519
0
6521
0
6433
6351
0
0
6206
6045
0
6531
9218
0
6491
0
6485
9540
6518
6491
6145
6449
0
0
6438
6431
6431
6562
0
6408
6531
6506
0
0
0
0
6564
6519
6330
6299
0
4573
9176
6438
0
6722
6725
6618
6676
6724
6622
0
0
6812
0
0
6582
6593
6702
6718
6725
6620
0
0
6673
6644
9098
5883
6627
6722
6704
8894
6673
6671
6659
6712
6690
6641
6620
8894
6641
0
5867
0
9142
5910
6582
5997
0
6620
0
6017
0
6671
6592
6611
6634
0
6729
6638
0
6618
9011
5951
0
6670
9011
6638
0
5894
6723
0
6706
6709
0
6729
6670
0
6620
6704
8986
8812
6724
6722
6585
6702
8952
6712
8985
0
6611
6716
0
9060
0
6627
0
9121
6672
0
0
0
0
0
6670
6622
0
6611
5999
0
8899
9104
6711
6592
6670
6709
6706
6947
9167
0
0
5883
0
6622
6765
6664
0
6967
6718
6702
9108
6647
0
9108
0
6707
0
0
6702
0
0
0
0
6662
6726
6669
0
6725
0
9011
8986
6711
0
0
0
0
0
9040
6711
0
6722
6813
6756
6854
6812
6853
6867
6855
6841
6833
6807
6901
6817
6918
0
6752
6765
6794
6932
6936
6813
6783
0
6936
6958
6768
0
6915
6817
6905
6968
6901
6819
0
6918
0
6905
0
0
6752
0
3232
6873
6820
6862
0
9096
0
6968
9141
6765
6962
6905
0
6901
0
0
0
6777
6868
5748
6878
6756
6783
0
6867
6869
7109
6854
6931
6929
6634
6813
6927
6722
6958
6768
0
6947
6833
6819
6744
0
0
6820
6711
6711
0
6948
0
0
6666
0
6812
3232
3323
6813
6869
6822
6869
6777
6905
3201
0
6958
6843
6958
6768
7023
6929
6696
0
6785
0
6962
6935
6905
6813
6934
6854
6670
6770
6777
0
0
0
3274
6947
0
6854
3274
6696
0
0
6812
6869
6775
0
0
0
3201
6918
6953
0
6968
3352
6756
6932
0
3352
6855
6820
6744
6869
6869
3352
6775
6953
6901
6854
9132
2489
6862
6934
6768
6947
3239
6878
6670
0
9132
0
6867
6948
6862
0
6775
6869
6869
6931
6932
6953
6953
6929
0
0
6967
6918
0
6931
3274
0
3400
6813
6927
0
6783
0
6867
0
3239
0
0
6855
0
0
0
6958
6873
6932
6820
6822
0
6768
0
6958
6855
0
0
6962
6929
6752
2489
0
6722
6905
6942
6725
0
6833
8990
6962
0
6905
6765
6775
6958
0
0
6854
3400
7064
7100
7116
7072
7128
7037
7030
7193
6986
7126
7105
0
7024
0
7160
0
0
7106
7027
0
7136
7175
7059
7204
0
7078
6987
7153
7156
7027
0
7189
7148
7043
7064
7204
7024
7298
0
7172
2791
7184
8549
7043
2732
7144
7001
7189
2606
2808
7176
0
0
0
7198
7009
0
7105
7150
0
8617
7100
7218
6984
7116
8537
0
7204
7128
0
7103
7252
0
7176
2799
0
7118
2842
7091
0
7252
2808
7119
7119
7098
7109
7112
7250
0
8615
7175
7106
7145
0
7146
7204
7156
7148
0
6987
7146
0
7059
7128
7119
7009
7160
0
7105
6986
7176
7022
7126
7191
7176
7156
7126
7091
7059
7298
0
7024
0
7105
7299
7160
7119
0
6986
0
7141
7009
0
7069
0
0
7030
7160
0
2630
7193
0
7126
7112
7069
0
7189
0
0
6982
7105
7286
7022
7141
7148
0
6986
0
2500
7176
7059
7286
7146
7118
2842
0
7230
7176
7119
7023
0
7136
2621
0
0
0
7198
0
7219
0
2768
7100
0
2874
7172
0
7311
7299
2874
0
7072
7043
7001
7059
8757
7204
2842
7072
0
0
2571
0
7198
6987
0
0
7112
7064
7009
7219
7078
7176
7050
0
7078
7126
7189
7204
0
7009
0
7059
0
7118
2874
8578
0
0
2754
7198
7299
7009
7128
0
0
7153
2806
7153
6984
7229
7227
8011
0
7273
7078
8544
7229
0
0
8598
7294
7230
8494
8556
7290
8741
0
7219
0
0
7250
7317
7265
0
7965
0
7273
7273
7284
7267
7263
7299
7265
7265
7280
8487
0
8737
8083
0
0
0
0
7311
7927
7250
7304
7250
7100
0
0
8112
0
7305
0
7229
0
7260
7311
7250
8105
7305
0
8802
7299
7307
0
7284
8487
0
8112
7261
7290
0
8487
0
7317
0
7253
0
7299
7273
7288
0
0
8498
7299
0
0
8083
8768
7250
7229
0
0
0
0
7273
8055
8023
0
8581
8003
7273
7250
8584
0
7184
7298
7298
8105
7251
7339
0
7333
0
7382
7445
7324
7395
7396
7339
0
0
0
7385
7386
7339
0
0
7412
0
7557
7442
7369
7385
7399
7428
7410
7439
7335
7359
0
7412
0
7372
0
0
0
7386
0
7443
7371
7324
7359
7359
7428
0
0
7395
0
0
7438
0
0
7786
7679
8231
7595
7476
0
0
8312
0
0
0
7386
7342
7731
7402
7595
7447
7339
0
0
0
0
7397
0
7374
7482
0
7357
7438
0
7418
7355
7381
0
0
0
0
0
7339
8137
8325
8220
0
7335
7372
7339
8364
7385
0
0
7326
7395
0
7381
7630
7359
7368
7435
0
0
7428
7496
0
0
7397
7828
0
0
8167
0
7358
0
7395
8439
7447
7395
8252
7409
7511
7394
7524
0
7558
7487
7488
7559
7614
0
7524
7561
7648
7648
0
7557
7515
7553
7558
0
1770
7630
0
7488
0
0
7565
7640
0
7553
7648
1875
1681
0
0
7557
7482
7468
7463
7395
7617
8369
0
0
7546
7609
7476
7496
7599
7647
7473
7463
0
1875
7609
7487
1458
0
7615
7640
1436
0
7562
7631
7603
7615
7487
7603
7577
1735
0
0
7435
1735
7598
7615
8432
8252
7586
7524
7641
7609
7564
7468
7609
1813
7482
7614
7648
7648
7463
7629
0
7562
7488
7497
7575
7487
0
0
7577
7515
7511
0
0
0
7476
0
0
7615
0
0
7640
1709
7631
7565
7468
1436
7559
7557
7487
0
7592
0
7565
7586
7488
0
7562
0
1681
7546
0
7592
1848
7641
7617
7488
0
7609
7641
0
7609
7561
0
0
7558
7515
7624
0
7476
7557
7647
7609
7641
0
7511
7627
7525
1912
0
0
8166
0
7558
7599
7634
7617
1950
7631
0
7506
7648
0
7592
0
0
0
7609
7565
0
7525
7630
7609
7487
7629
0
0
7564
1436
7614
7558
7524
0
0
7631
7496
7478
7653
0
0
7736
7689
7823
7809
7846
0
7807
7711
0
0
0
7752
0
7694
859
7807
7814
7790
7679
0
1220
7847
7679
7664
0
7858
7795
7810
933
7735
7795
7866
0
7375
0
7717
7770
7808
7770
0
7710
7689
7739
7858
7866
7809
7782
7828
7814
7790
7710
7814
7709
0
0
0
0
0
7849
7660
0
7824
0
7679
7710
7712
7739
1151
7846
7837
7729
0
7810
0
0
7663
0
7758
7728
7710
0
0
7375
7679
0
7663
7739
7847
7728
7864
838
7726
7804
7710
7687
7679
8035
0
7831
7859
7731
7814
7786
0
7375
7807
7687
7726
938
7847
7726
7824
0
8130
0
0
7709
7790
7871
7712
933
8205
7660
0
7798
0
0
0
1220
7804
7708
0
925
7871
7870
0
7817
7807
7674
7660
0
7858
7324
0
7816
7804
7674
7709
7866
0
7667
7689
0
0
0
0
772
7709
7824
0
7858
0
0
7752
7843
7674
7712
933
0
0
7814
7804
7846
0
7849
1151
0
7660
7828
7849
7758
859
0
7864
7810
1435
7665
7859
0
7664
933
0
0
7868
0
7717
772
7335
7804
7866
7847
7843
7810
0
0
8035
7375
7847
7795
0
0
0
7664
0
7660
0
0
7798
7715
7758
7445
7770
7952
8090
7949
0
7907
7923
0
7919
8091
7871
7988
7943
7965
7970
7943
8042
7969
0
7993
8011
8070
0
8104
7941
8082
8082
427
7923
8100
8019
0
7919
7989
8011
8026
7970
7994
429
7988
8075
8075
7980
0
7952
0
7992
0
7950
7966
7965
0
619
394
518
7294
8075
7938
7965
8026
7969
7294
0
7982
8036
0
8100
0
7277
8062
8026
8100
8042
0
0
7898
0
7994
7883
7995
0
8026
8105
7880
8078
7880
8003
429
7950
0
0
7941
8045
0
0
0
8055
8042
0
8036
0
695
8057
7949
0
695
0
8093
8557
8075
7988
7938
0
0
8062
7943
0
0
0
0
8099
404
8003
0
8035
7999
7950
0
7894
506
8088
8105
8070
407
8070
0
7992
7943
7952
8091
7943
7974
7952
0
7938
407
8070
0
7949
8075
0
0
7949
518
8062
427
8011
8011
8097
0
0
728
7965
8105
7943
8105
0
0
8026
0
8074
8035
8090
7883
8011
8645
8043
8045
7994
0
8042
0
427
7989
7994
7907
0
0
7999
8045
413
7880
7941
0
0
8689
0
8075
0
0
8104
8026
0
0
7989
8095
0
0
394
404
8105
7970
0
7982
0
0
709
0
8082
0
0
0
619
0
0
8100
8100
7988
0
0
404
407
8042
7921
8003
8097
0
8112
0
8270
8250
0
0
8166
8135
8394
0
0
0
0
0
0
0
0
0
0
0
0
0
0
8176
0
0
0
0
0
8280
0
7847
8282
7375
0
0
8238
0
8188
0
8233
8325
8238
0
0
0
0
0
8176
8361
8438
0
0
0
0
8188
0
0
0
0
0
8368
0
0
0
8273
0
0
8336
0
0
8364
0
0
0
0
0
8451
0
8288
0
0
0
0
0
0
0
8259
8327
0
0
0
0
0
8128
0
0
0
0
0
8407
0
8282
0
8191
8426
0
0
8330
8311
0
8385
0
8366
8166
8356
0
8123
0
0
0
0
8251
0
8246
0
8345
0
0
0
0
0
8374
0
8304
0
8288
0
0
0
0
0
0
8426
0
0
0
0
0
8435
0
8259
8273
8288
8182
8385
8182
0
8309
0
0
0
8422
9928
8177
0
0
0
8288
0
0
8411
0
0
8170
0
0
8229
9995
8133
0
8422
0
0
0
8417
0
0
8347
8317
8327
0
0
0
0
0
0
0
0
0
8366
8376
8114
0
0
8274
8208
8191
8407
8118
0
8354
0
8357
0
0
8211
0
8439
0
7817
8309
0
0
8157
0
0
9986
8404
8179
0
0
0
0
0
0
8339
8427
8258
0
0
0
0
0
0
8128
0
8374
0
0
8216
0
0
0
0
0
0
0
8373
0
0
0
8422
0
0
0
8327
0
0
0
8304
0
0
8206
0
0
0
0
0
8328
0
0
8316
8238
0
0
0
0
8148
8259
0
0
8425
0
0
8158
8282
8243
0
0
8323
8325
0
0
0
8428
7769
0
0
0
8445
0
0
0
0
0
0
0
8376
0
0
8422
0
0
0
0
0
0
0
8455
8372
0
0
8382
0
0
0
0
0
0
8231
7374
0
8214
8686
0
0
0
0
8769
0
0
0
8576
0
0
8725
8653
0
0
0
8494
0
0
0
0
8721
0
8612
0
0
0
0
0
0
0
0
7253
0
8501
8740
0
0
0
0
0
8684
0
0
8720
0
0
8536
0
0
0
0
0
8535
0
0
8683
0
8677
0
0
0
0
0
0
0
0
8476
0
0
8471
8774
8596
8488
0
0
8689
0
0
0
0
0
0
8732
8754
0
0
7894
7267
8586
8657
0
0
8774
8507
8472
0
8640
0
0
0
8573
8045
8733
0
8521
8596
0
8794
0
0
0
8476
0
0
0
8471
0
0
8762
0
0
0
0
8789
8523
0
8468
0
7100
0
0
0
0
8637
7023
0
7999
0
0
0
8057
8797
0
8614
8690
8746
8707
8509
0
0
0
7290
0
0
0
0
0
0
0
0
0
0
0
0
0
0
8645
0
8789
8791
8507
8733
0
0
8777
8468
0
0
0
0
8661
0
8576
8483
8779
0
0
0
8753
8789
0
0
0
8687
0
0
0
0
0
7306
0
8631
0
0
8666
7317
8747
0
8696
0
0
8468
0
8790
7267
8702
0
8680
0
0
8607
0
8743
0
0
0
0
0
0
0
0
0
0
0
0
0
8794
0
0
8550
0
0
7305
0
0
0
8797
0
0
0
8544
0
8576
0
0
0
8508
0
8764
8733
0
0
0
0
0
7078
0
0
8691
0
0
0
0
0
0
0
8734
0
0
8791
0
0
0
0
0
0
0
0
0
8713
0
0
8661
8487
0
0
8767
7999
0
0
7923
8753
0
0
0
0
0
0
0
0
0
7288
8725
0
8782
0
8788
0
0
7305
0
8536
8609
0
0
8725
0
0
8586
0
0
0
0
8533
0
0
8796
0
0
0
0
0
0
0
8631
8766
8729
0
0
0
0
0
0
0
6707
0
0
0
0
6709
8892
0
8831
0
8969
8904
8951
9104
9108
0
0
0
0
9108
8972
8972
6707
0
0
9116
0
0
0
0
8985
0
0
5963
0
9041
8904
0
9173
8874
0
9122
0
0
0
0
0
8986
9079
6696
9143
9096
8683
9127
8918
0
8972
0
0
0
6613
0
0
8905
0
8904
9164
9071
0
0
8905
9105
8977
8889
9041
8971
0
0
9044
0
0
0
8904
0
0
6689
0
0
8952
0
0
0
0
0
9156
9132
6662
0
0
0
0
8969
0
8905
0
0
9003
8973
0
9090
0
8972
8949
0
0
9150
8972
0
0
0
8904
8972
8978
0
8822
0
0
9497
6689
0
8858
9041
8955
0
8952
8859
0
8986
0
0
9096
8938
0
9044
0
8812
9169
0
9039
0
8905
0
8936
6724
8905
8986
0
0
0
0
0
9047
9011
9021
0
0
9003
8874
9093
0
6662
9003
0
0
0
9152
0
0
0
8969
0
9150
0
0
0
0
0
0
0
0
0
9127
0
0
8812
0
0
0
0
8949
0
6726
0
0
0
9063
8942
9141
0
8892
9107
9106
8812
0
9064
0
0
9070
0
9047
0
8820
0
0
0
0
0
0
0
0
0
0
8927
0
0
8964
9010
9053
8875
9089
0
0
0
8840
9118
0
0
0
8830
8949
0
0
0
9497
0
0
9172
0
0
0
8812
9053
8918
6696
0
9087
0
8871
0
8927
0
0
8871
9737
0
0
0
0
0
0
0
9099
0
0
8917
0
0
8874
9497
0
9130
0
0
0
0
0
0
6574
0
9090
9135
8828
9164
0
0
0
9173
0
0
0
0
0
0
9155
0
0
8951
0
0
0
6723
9064
0
9541
0
8905
9038
9077
0
0
0
8807
9011
0
8814
0
0
0
6707
0
9141
0
0
0
0
8921
0
9167
0
0
0
0
0
0
0
0
0
6638
8842
0
0
0
9193
0
9249
0
0
9384
0
0
6518
9631
9547
0
0
9193
0
8949
9444
9548
0
0
0
0
9472
9533
0
0
0
0
0
9543
9200
0
9424
0
9275
0
9254
0
0
0
0
0
9338
0
0
9179
9455
0
0
0
9393
9276
0
9266
9201
0
9275
0
9345
0
9284
0
0
9332
9439
9550
0
9297
0
9176
9292
9385
0
6522
0
0
0
0
9364
0
9540
0
9439
0
0
9203
9535
9345
6522
9256
0
0
9364
9490
0
6522
0
9213
0
9483
0
0
9472
0
0
9195
0
0
0
0
0
9523
0
0
9505
9324
9364
0
0
9379
9534
9426
0
0
0
9298
0
9540
0
9479
9497
0
9317
9210
0
9451
0
9273
9522
0
0
9488
0
6431
9182
6529
6118
0
0
0
0
9490
0
9540
0
0
9341
0
0
0
9414
9215
0
0
9322
0
0
8150
9374
0
0
9454
9176
0
9322
0
6240
9535
9210
6037
0
9297
9483
0
0
0
0
6522
9433
0
0
9482
9426
0
0
0
9344
9490
9374
0
0
9179
6471
6474
0
9543
0
9348
0
0
0
9258
9345
9550
9251
9469
0
9497
0
0
0
0
0
0
0
9375
9522
9450
0
9311
0
0
0
9199
9287
0
0
6522
0
0
6037
0
0
0
9403
0
9523
9406
9230
0
9348
0
0
0
0
0
0
9465
0
0
9189
9297
9322
0
0
9210
0
9548
9497
0
9483
0
0
9507
0
0
0
9361
9288
0
0
0
9259
0
9488
9427
9206
6193
0
9344
0
0
0
9317
0
9506
9311
0
9337
0
0
9122
9472
9550
0
9541
0
0
0
9450
0
0
9399
0
9552
0
0
0
0
9364
6297
9550
0
0
9399
0
9535
0
9430
0
0
0
0
9488
0
9523
0
0
0
0
0
0
9485
9483
0
9236
9298
0
0
0
0
6196
9393
0
9292
0
0
9251
0
0
0
9361
9215
0
0
0
0
6133
0
0
6484
0
0
0
0
0
9284
0
0
0
0
0
0
0
0
0
0
0
0
0
0
0
0
0
0
0
0
0
0
9575
0
0
0
0
0
0
0
0
9633
0
0
0
0
0
0
0
0
0
0
0
0
0
0
0
0
0
0
0
9674
0
0
0
0
0
0
0
0
0
0
0
0
0
0
0
0
0
0
9554
0
0
0
0
0
0
0
0
0
0
0
0
9564
0
0
0
0
0
0
0
0
0
9641
0
9592
0
0
0
0
9810
0
0
0
0
0
0
0
0
0
0
0
9697
9667
0
0
0
0
0
0
0
0
0
0
0
0
0
9669
0
0
0
0
0
0
0
0
0
0
0
0
0
0
0
0
0
0
0
9728
0
0
0
0
0
0
0
0
9726
0
0
0
0
0
0
9713
0
0
0
0
0
0
9810
0
0
0
0
0
0
0
0
0
0
0
0
0
0
0
0
0
0
0
0
0
0
0
0
0
0
0
9860
0
0
0
0
0
8513
0
0
0
0
0
0
0
9793
0
0
0
0
0
9804
0
0
0
0
0
0
9753
0
0
0
0
0
0
0
0
0
0
0
0
0
0
0
0
0
0
0
0
0
0
0
9795
0
0
0
0
0
0
0
0
0
0
0
0
0
0
0
0
0
0
0
0
0
0
0
0
0
0
0
0
0
0
0
0
0
0
0
0
0
0
0
0
0
0
0
0
0
0
0
0
0
0
0
0
9803
0
0
0
0
0
0
0
0
0
0
0
0
0
0
0
0
0
0
0
0
0
0
0
0
0
0
0
0
9825
0
0
0
9953
0
0
0
0
0
0
0
0
0
0
0
0
0
0
0
0
0
0
9953
9979
0
0
0
0
0
0
0
0
0
0
0
0
0
0
0
0
0
0
0
9980
0
0
0
0
0
0
0
0
0
0
0
0
0
0
0
0
0
9889
0
0
0
0
0
0
0
0
0
9972
0
0
0
0
0
0
0
0
0
9970
9900
0
0
0
0
0
0
0
0
0
0
0
0
0
0
0
0
0
0
0
0
0
0
0
0
0
0
0
0
0
0
0
0
0
