121
0
235
2534
0
701
0
99
0
0
388
0
0
0
181
179
0
0
0
113
2643
2479
7030
27
224
0
0
0
0
128
0
124
0
0
369
144
0
507
0
2534
9
714
189
128
597
0
207
124
392
222
0
0
96
0
13
0
0
124
1
2816
6982
0
0
0
210
0
50
0
0
0
688
113
0
2415
0
2722
0
0
0
7159
0
270
121
589
63
69
16
0
0
97
179
0
53
128
0
0
0
0
121
0
228
118
0
0
0
207
0
190
118
2643
131
224
0
0
222
0
131
0
0
27
104
0
0
0
0
0
0
0
0
0
51
0
6
69
0
0
0
0
0
53
0
137
0
0
0
0
152
135
343
0
152
0
0
343
2830
0
0
0
157
0
540
95
0
387
0
25
0
102
0
447
118
0
2470
2708
0
0
2600
222
136
0
0
0
0
33
0
0
0
0
12
0
0
2836
62
62
530
175
36
104
0
0
12
0
0
174
181
2668
96
0
664
0
0
0
99
50
174
0
0
323
222
0
0
2846
0
0
0
103
207
284
0
637
528
174
138
74
8103
0
0
666
0
622
394
284
0
562
408
408
615
628
252
0
495
572
0
607
7863
613
694
481
561
411
411
613
666
377
0
734
334
478
2340
702
0
664
0
583
636
666
717
382
696
745
0
238
578
843
0
349
252
427
8
252
699
306
0
436
745
0
0
249
8060
0
134
0
135
1092
578
495
0
0
323
0
0
310
336
0
0
539
0
402
0
0
494
0
510
0
613
562
0
728
540
0
696
8056
512
149
0
572
0
102
1167
0
707
461
494
0
329
447
2270
0
1092
0
360
166
27
326
280
521
467
655
619
589
0
0
0
0
7918
533
478
637
728
0
726
131
0
672
0
0
8021
0
0
0
731
571
0
432
321
235
336
0
0
316
0
1092
0
0
0
0
0
0
0
0
696
77
0
566
210
307
63
8060
0
402
0
0
448
613
486
128
427
495
7906
0
7928
316
699
665
694
0
0
0
0
701
887
734
0
635
2270
726
0
187
528
16
343
0
0
7954
411
0
0
0
0
465
270
529
0
55
50
0
887
566
616
0
7950
0
661
507
0
0
507
0
554
65
762
728
0
411
0
0
187
448
0
0
0
0
494
615
0
2825
0
0
0
0
1097
704
8
0
0
0
131
521
408
372
566
55
0
436
0
0
613
0
329
408
0
87
0
0
307
0
181
494
0
131
717
0
329
394
0
702
459
521
0
0
0
125
2696
0
1008
613
215
0
738
0
0
0
572
0
668
757
561
446
541
0
379
0
0
0
0
811
887
309
887
0
639
0
0
655
0
1097
0
655
494
665
724
0
0
28
313
0
724
382
0
0
651
7846
140
0
399
552
789
8020
736
0
597
696
0
761
888
660
426
0
292
614
0
7883
932
572
572
660
699
0
0
553
1076
309
553
0
0
0
0
7950
2295
0
0
299
0
0
0
575
0
887
0
554
395
478
2288
863
12
0
0
0
702
0
530
651
853
0
0
0
528
408
731
387
0
0
551
445
0
0
0
655
724
6
0
0
650
745
0
0
0
0
0
707
309
0
0
2340
408
378
7979
7918
757
512
1111
0
637
665
264
187
2378
461
0
645
667
8
318
0
0
299
0
264
745
0
666
0
0
552
0
2235
296
0
321
694
216
252
0
436
0
856
762
0
619
159
0
761
0
661
0
660
0
0
0
7928
372
0
0
349
0
428
0
575
0
145
459
539
665
0
533
0
7922
661
0
382
1213
951
0
0
0
0
1320
0
0
0
889
0
0
785
886
0
0
757
1168
0
891
0
853
889
1438
1271
1332
0
7864
7811
1370
753
991
759
879
0
1170
0
1293
0
843
0
0
789
619
0
1215
0
860
0
0
792
614
923
821
853
8037
0
0
0
966
0
7950
1066
1012
1275
1041
0
874
1195
886
0
7873
0
991
1423
952
0
1074
7673
753
1060
0
856
0
0
1098
0
7689
1132
0
765
1455
0
1024
1067
991
951
1215
0
945
0
0
0
1405
1435
0
0
465
7493
0
1341
968
0
908
1889
888
817
0
755
7723
0
0
1167
0
2295
0
1014
478
0
1172
0
1271
0
1257
1360
0
0
0
0
759
0
941
0
963
1132
821
757
726
1310
1014
0
860
762
0
1123
0
467
0
800
7918
2319
1271
334
489
1195
1837
761
923
1179
0
0
1212
0
0
1165
0
1343
887
1254
1066
1097
0
795
879
307
1355
0
1008
963
0
0
1060
941
787
0
765
0
1040
0
0
0
0
7723
997
0
0
7811
1055
1116
7818
923
1059
0
1283
1123
0
323
0
635
808
1215
1092
1014
0
856
0
1097
7730
1161
726
0
1191
1167
7744
0
0
888
1208
0
0
0
0
0
1074
1948
280
0
851
0
1438
660
0
0
1066
879
0
955
0
766
968
872
0
2136
0
0
2319
821
992
852
1981
0
0
787
0
1146
1041
1215
752
2274
0
7873
951
7950
1098
1381
426
426
1081
645
0
0
1218
863
835
851
0
860
7849
0
0
2152
0
849
765
0
726
1123
0
0
0
1176
1269
941
0
868
0
0
1423
1225
1064
901
1420
1170
0
757
0
856
1218
1254
0
0
7731
1050
765
0
976
495
7731
1423
792
1195
0
1109
0
849
1146
0
0
0
1055
968
474
707
0
0
966
1208
7702
0
1040
0
881
7819
489
0
0
0
0
956
0
0
1175
0
426
1014
396
1254
1060
1179
874
755
0
0
0
757
0
0
1304
7514
1225
1179
1097
1153
0
986
0
752
1343
1446
1094
1218
923
0
696
881
893
0
1209
2127
1283
0
533
1170
0
0
1121
0
0
889
0
879
0
851
835
0
0
0
886
0
0
2152
0
7843
1335
1097
968
879
0
672
0
0
800
1067
7805
0
616
941
495
396
0
1030
616
1208
0
0
926
1041
0
0
945
0
0
0
853
0
1340
1224
0
1116
762
0
0
1369
0
0
1271
7489
1430
1453
1376
1655
0
0
1245
0
1290
0
1123
0
0
0
1360
1360
1212
0
1290
0
1931
0
0
1420
800
1365
0
0
1411
0
0
1290
1540
0
1859
1667
1225
0
1315
1358
1332
0
1225
0
0
0
1909
0
1165
1409
0
1258
1290
952
817
0
1290
952
1355
1370
1310
0
0
1331
7603
0
0
1369
1726
0
1510
0
0
0
0
1239
0
1239
0
0
1343
0
0
0
0
1255
1239
0
0
0
1510
0
0
1512
1682
0
1420
1674
1395
0
1345
7412
0
0
0
1290
1491
0
785
1365
1283
1319
0
0
777
0
1948
0
1224
0
1294
1085
7493
0
1354
0
0
0
753
1491
0
1650
0
0
0
0
0
0
1272
1310
1340
0
0
1240
1423
0
1387
923
0
7643
1294
952
0
0
0
7486
1370
1172
0
0
7389
0
0
0
0
0
1343
0
0
1938
0
1257
0
1948
1837
0
1540
0
1255
0
1465
0
1182
0
1382
1283
7650
0
1598
952
0
0
0
0
1389
0
1212
0
1293
0
0
1297
0
1386
1247
1396
0
0
1455
1909
0
1208
1343
1448
0
0
0
1586
0
1396
0
1299
4086
0
1626
0
1730
0
0
0
1512
1953
1583
7496
1948
1593
1584
0
1221
0
1540
1683
0
4110
0
1545
1817
0
0
0
0
1865
1594
2037
0
0
1725
0
1563
7486
1805
7549
1667
0
1611
1748
1476
4208
1258
1750
1626
1540
1630
0
1599
1719
1922
1695
1924
1888
1819
0
0
0
0
1646
1730
1667
1873
1478
6281
7392
1726
0
0
0
1994
4369
1409
4032
1929
1451
1224
1221
1865
1922
4285
1509
0
1511
1583
1730
0
0
1512
1511
0
0
1583
1920
1278
4212
1347
1583
1583
1940
0
1859
1667
0
1874
0
1382
1695
4165
0
1646
0
1707
0
4146
1789
1726
4160
3952
1908
0
4216
1635
1719
1630
1818
0
1642
1683
0
0
4225
0
1635
1731
1477
7392
4225
1654
0
0
1864
0
1878
0
0
1554
1750
1594
0
1837
1369
1797
4369
1491
1320
1908
0
1221
1920
1745
0
1593
7600
1682
4235
1565
1559
1908
1565
0
1719
0
1662
0
4125
0
4342
4282
7643
7470
0
1559
1409
1598
0
1683
1593
0
1642
0
7458
0
4284
0
1725
0
1948
7493
1781
0
0
1512
1766
1946
7478
1873
1580
0
1415
1476
1859
0
0
7480
1948
1557
1879
1541
1940
0
0
1756
1887
0
1392
4284
7460
0
0
1817
1455
0
0
1879
0
0
0
1940
1455
1678
0
1594
1453
4240
1842
1540
0
0
1786
1646
0
1351
0
1908
1922
1455
1455
1767
1924
1485
1775
1730
1225
0
0
4099
1868
1563
1742
7553
0
0
4213
1797
1273
0
0
1916
0
0
1512
1654
1455
1683
1265
1477
0
0
1948
1920
0
1837
1258
0
1864
0
1347
1512
1541
1662
1842
0
1842
1540
1583
4098
7546
0
0
1888
4098
0
0
0
1683
1512
1775
1725
0
1662
0
1283
1455
1879
0
1225
0
1540
1455
1327
7510
0
0
1639
0
1626
1859
7480
1615
4002
1781
1482
0
1734
0
1695
753
1563
1482
7478
0
1559
1742
1953
1873
1353
1598
1674
4284
1683
1920
0
0
0
0
4284
0
1887
7504
0
1593
1880
0
1666
1842
1301
1817
7643
1887
1123
1878
1953
0
1427
4380
0
1311
0
1939
1953
1873
4034
1586
795
0
1922
1225
7466
1341
1775
951
0
1485
1434
0
1615
1674
1922
3924
0
0
1946
1879
0
1824
1929
0
3898
0
0
1423
1290
1789
0
0
0
7538
0
0
0
0
1662
0
0
0
0
1603
7632
4094
7619
1726
1347
0
1690
1695
1948
1889
1859
0
3907
1889
1225
1781
0
0
1887
1922
1837
4275
7632
1929
0
1994
1885
1565
0
1453
0
1662
0
1540
1885
4216
0
0
1718
0
1541
1687
1922
1767
1586
1635
0
0
0
1750
1946
1842
1675
0
0
1172
0
1878
1512
1675
0
0
7473
1545
1615
1726
1327
2196
3697
2196
2127
3601
3623
1662
3697
3753
1144
932
3667
1981
1315
3753
1981
1594
2069
2136
2295
1586
1994
0
3697
2325
1491
1213
3601
1195
1889
1662
1167
3706
1981
1341
0
1586
3697
1225
2069
4160
932
1387
2037
2069
1981
1098
3697
2319
3846
666
2319
2037
3697
3667
1355
1081
1994
0
3697
3499
1816
1981
2228
2196
1341
2295
1594
1767
2319
2235
1563
2127
1182
2319
1767
1924
1767
0
2037
2069
2069
3697
2196
821
1733
2069
1320
2274
1058
1981
666
2127
2017
2037
3869
2017
3601
1134
2228
1215
2152
2017
1060
3846
2325
1624
1355
771
2069
0
2037
2136
2127
3667
3846
2069
2069
2295
1981
2127
2017
2319
2127
2319
755
1615
1624
1563
2295
2152
2069
1060
1446
1818
1098
3697
2288
1563
932
2127
4213
2017
3455
1952
2136
2295
4189
1981
2037
1092
843
2037
2069
889
2069
1254
843
2319
2037
2196
2319
2228
2069
2288
2069
1908
2017
0
2228
3875
2127
1666
1557
3846
1521
2127
0
1994
3623
3499
666
1767
2069
2017
1510
1994
2228
3762
2017
1733
3762
2235
0
1981
313
2235
2295
3587
2378
2613
2319
2423
3623
2340
2069
2228
1994
2295
1981
3512
2196
2460
3601
1981
3587
2228
2295
554
2228
2205
140
2825
2228
2828
2325
2295
2319
3601
2274
2136
2325
2470
1981
223
2824
3512
0
696
2822
2688
2830
387
2325
521
2017
0
745
2668
2378
3592
2205
2295
2069
2037
2228
2295
2288
2325
2205
318
3623
2235
2325
3601
688
2235
2470
3601
0
3623
3512
2228
2449
2228
2722
0
2431
2228
2228
3587
2270
3875
2069
3512
661
3601
3159
104
2205
2235
3623
2235
2205
2590
2325
104
3512
2295
2270
2017
2778
2643
2069
2069
2274
505
2325
2274
3601
2228
0
2017
387
572
0
2270
2228
2235
140
2288
722
388
3455
3601
2270
3601
2017
2295
0
2127
2235
387
2228
1994
2288
0
2295
2228
2749
2288
159
2127
3587
2722
2420
2473
2643
3587
505
3875
3551
505
2196
2069
2325
2228
1981
2340
2830
0
2378
2205
2319
1981
2340
0
3587
2235
432
2069
2288
2319
2420
2136
131
2325
2325
2319
2325
3094
0
2470
2470
3465
2069
2661
2017
2830
2325
3094
2319
2325
2228
2473
2319
2228
2676
592
223
3587
465
2235
592
2423
2865
2722
326
2288
3846
321
2643
140
2228
2722
2295
3475
1981
3499
0
2813
2936
2770
0
2770
2786
2936
0
2829
0
0
2784
0
2552
2723
2723
65
4
2666
7188
2475
2819
8083
0
121
2684
2814
2463
2814
0
2417
2523
2475
2934
2539
2833
0
2735
0
2813
2934
0
2676
2463
0
2595
2836
2830
2434
0
0
2837
0
2830
3401
0
0
0
0
2589
2408
2813
2937
2479
0
2531
2479
228
7174
2750
0
190
0
0
0
69
2678
0
2553
3086
2632
0
0
3031
0
0
0
6952
2770
2677
0
0
2648
7151
0
0
0
2539
0
0
0
2531
2521
0
2408
2475
7194
2996
7134
2708
6953
2775
0
2595
2577
2534
2594
0
2477
0
0
0
2668
2661
3208
2787
2546
2854
97
3194
0
7030
2546
7030
2865
0
2594
7050
2589
2733
7208
0
0
187
0
2833
0
2859
0
97
113
2382
0
0
615
0
2681
2893
2786
589
0
0
4
2688
2807
2553
2491
0
7151
2808
0
2718
0
0
0
2661
0
0
222
2627
97
2641
3158
2684
3011
2553
0
2822
2718
2711
2386
2594
2531
0
2499
2784
2893
2711
0
2479
0
2579
2837
2491
2626
2652
2386
7174
2726
2423
0
0
2787
2696
2854
0
0
7168
2770
2603
0
0
0
222
0
0
2781
7189
2778
2796
2474
0
0
25
0
2749
0
7030
0
2749
2784
7167
8085
7107
2825
0
0
0
0
2722
121
2653
0
0
2830
6
2534
123
2934
2989
2744
7197
0
2718
0
0
7167
7107
2733
0
0
2644
3194
0
0
0
0
2990
2531
2696
0
2659
0
2835
2936
2770
2727
0
2684
0
0
2552
513
3003
2681
2698
2551
0
0
0
7050
6789
0
2520
0
0
6989
2641
4
0
0
2520
2990
6963
2631
2813
0
0
0
0
0
2415
2514
2749
32
2770
2721
0
2830
0
2837
2477
0
2826
0
2643
0
0
2601
0
0
2590
0
0
0
55
2715
0
0
2678
2816
2649
0
2990
0
2498
0
2423
2824
0
0
2270
62
0
2590
0
2824
2846
0
2832
0
0
6952
2786
3223
2600
0
7182
2713
2742
2577
2603
372
2718
2478
3339
2470
2770
0
2479
2827
0
2594
0
2521
2595
0
2716
0
0
3219
3159
0
3310
104
0
0
0
0
702
2661
2649
7134
2991
2808
2666
2491
0
2829
2989
2827
2807
2555
3310
7061
0
2477
7174
0
0
0
2478
2470
0
0
0
134
0
2829
0
0
2723
179
0
62
0
0
0
0
0
0
0
2534
0
0
0
0
0
0
0
149
2826
7167
3064
2435
2653
2551
0
0
2713
2482
2382
2539
0
2498
0
2733
104
0
0
0
27
0
2599
0
55
0
2434
2699
63
2681
0
2436
2627
179
2770
2832
321
2449
0
2696
2706
2473
2865
2461
0
5622
6893
3512
3088
3064
3284
3011
3394
0
3090
6807
3341
3191
0
3391
3261
2975
3376
2964
2928
3065
0
2988
0
3095
0
0
3243
3147
3079
3095
3091
3305
3126
3011
5317
5759
5706
2994
3305
3129
2599
3276
0
5814
0
0
2980
0
0
5784
0
0
5092
0
2943
3306
3229
0
2847
0
3284
2993
0
2833
2822
0
3129
2808
5706
2939
0
0
3337
2934
3194
3018
3102
2595
0
3093
0
3162
6958
0
2906
3374
2980
0
0
0
0
5807
3196
3366
0
0
3259
2716
3185
0
0
0
0
0
0
0
2847
0
0
6930
0
3347
6932
7167
6839
5631
3242
0
0
3379
2733
2829
3025
2822
3399
0
6010
2964
5698
3284
0
2976
0
3259
3018
0
0
0
3338
0
3206
3391
3349
5816
0
0
3347
3350
5713
0
2808
3083
3101
3196
5639
3163
3306
3091
2975
3337
5747
0
0
3259
5662
0
0
6849
6827
3290
3338
2389
3214
5759
0
3337
2939
3018
0
0
2930
5822
6970
3311
0
3214
5628
3243
3185
3203
3126
5616
3261
0
3065
3079
5605
0
3214
0
0
3091
0
0
0
0
3336
0
0
0
5662
5816
3327
3306
3302
0
0
2595
0
5746
2906
0
6933
2644
3090
0
2716
5803
3512
3366
0
3304
0
5662
5658
5670
3086
0
2951
3306
0
3021
5747
0
0
5601
3025
0
3319
3366
0
5695
5763
3176
3004
3123
0
3004
5685
3394
0
0
2928
3281
2986
2893
2948
3304
0
3290
5816
3240
0
0
2973
3091
0
0
3354
3396
6930
2469
3341
5822
3242
0
3064
2986
5591
2943
0
3271
3304
3240
2777
3126
0
0
0
0
2785
3290
2951
2989
3387
0
6827
0
0
6962
0
0
2906
0
3237
3214
3086
0
3090
3090
0
5640
0
3311
3088
3310
3064
5674
0
2389
2976
2989
0
0
2733
5787
0
0
0
0
3030
5639
3401
0
3354
3512
2975
0
0
3079
3374
0
3311
0
0
0
0
0
0
5747
6827
3271
0
3244
3130
3261
2906
3030
2980
2930
2509
2948
3261
0
0
0
3261
0
3551
3271
2478
2531
0
0
0
0
2951
3334
2980
2937
0
0
3387
2898
3133
0
2469
2936
0
3126
5695
0
3339
5803
0
0
2553
0
5765
2988
3391
3107
0
5741
3222
3276
0
2933
0
0
0
3126
0
3234
0
0
6827
3162
2930
3339
3079
0
6827
0
3147
0
0
3126
3284
3475
3101
0
0
2819
3310
3163
3394
3366
0
2893
0
0
0
0
2688
0
0
3374
3341
0
5136
0
3090
0
0
3126
3196
3030
0
3203
3276
3035
2599
3196
0
3229
2906
3341
3129
2858
0
3287
3587
5639
3242
5814
5616
0
0
2986
0
6877
3339
0
3394
3022
0
3224
2553
3004
3090
0
7045
0
5628
0
0
3379
0
3305
0
2859
2786
0
0
0
5333
3481
3587
3631
5498
3512
5136
3631
5776
3631
3512
3601
2319
3587
3587
5428
3601
3697
2196
3512
5136
5766
3158
3512
2822
5566
3465
3623
2069
5231
3311
3601
3846
5498
3592
3512
3475
3762
3083
3592
2205
5759
3592
2228
5391
2288
3846
3223
5203
3875
5355
3759
5796
0
3465
3512
3601
3499
5713
3223
3592
3465
3601
0
3551
3875
2325
3481
3733
3499
3601
5495
5355
0
5355
3475
3499
3846
3396
0
5257
3733
5808
3587
3376
4997
3633
3512
3601
2295
5231
2205
3846
3759
3512
3601
3475
0
3756
3512
3631
2325
5754
3512
2325
3762
3341
3762
3338
2930
0
2069
3601
5587
5386
3223
3830
3551
5136
3733
5404
3756
2325
3387
3337
3592
5751
2235
2478
5495
5751
3756
5189
3396
3592
3875
3512
3499
3601
5189
3475
2270
3587
3592
2235
5142
3592
3465
2325
0
3623
5203
5754
5333
3846
5452
3633
5355
5188
3733
3551
3499
5657
2340
2599
5274
3759
3592
3623
3601
3601
3623
3601
5464
3551
5212
3083
3551
5362
3733
3551
3592
2822
2910
3512
0
3587
5136
5180
3512
0
5774
3623
2930
3512
2196
3631
3846
2295
0
2295
3499
3592
5359
3706
3587
4849
3601
5082
3387
3631
3551
2910
5455
2295
5212
3512
2235
3499
3551
3499
0
4339
3667
1981
4285
2037
4428
4440
0
3762
0
3631
3667
3697
3631
3869
3756
4558
4027
3633
4130
3667
3753
5000
4254
3830
4323
3697
4130
3753
3846
3697
4535
3869
3481
5034
3706
3631
4177
3733
3756
3753
3481
2017
0
4662
3830
3762
2037
3762
3455
3697
3753
3455
2127
4678
2037
4110
3706
3465
3846
4250
3733
4213
4926
2127
3869
3633
4170
3869
3706
4540
4213
4849
0
3869
3499
1994
4962
1981
3631
3601
4392
0
4380
3623
3762
3846
2037
3759
4110
4849
4105
3869
5031
3762
4997
3875
4413
3869
3753
5015
4558
4175
3601
4015
3869
4849
3869
4254
0
4768
4497
4339
3706
3846
4323
4926
4136
4568
3869
4110
3465
4287
4693
3631
3753
3830
4637
4250
0
3753
4637
0
4501
4643
0
3499
3697
0
3706
3869
3762
4145
3869
4380
1994
3869
3869
2196
3587
4678
4032
4250
4172
2017
4637
4280
3623
3455
4643
2228
3706
3633
4643
4425
3667
4978
4413
4772
3875
3756
3667
3623
3733
4678
3633
3623
1981
2319
4392
3465
3846
5000
2069
4130
3953
3762
4225
3846
3875
3753
3631
2319
4501
3697
4258
3753
3667
3481
4830
3733
3953
4339
3667
3869
3667
0
2127
4627
4978
3753
4630
4500
3759
3706
4407
4905
4392
1981
4258
3869
4919
0
3869
3753
4130
3762
3623
2037
2127
3869
4287
4501
3846
3753
3601
3455
3499
4225
3697
4637
3667
3762
4002
3759
0
4463
3465
3592
4130
3465
0
4177
4621
3697
3631
4922
5142
4274
3633
4535
6267
3633
4198
6367
4075
4274
0
3944
4216
4308
4369
4278
1885
0
0
4175
4222
3903
0
0
0
0
0
3989
0
4054
0
0
3997
4055
0
4433
1827
1565
4272
1873
3952
0
6367
0
3943
4002
0
0
0
4500
4241
3983
4160
3950
0
0
0
4183
4130
4326
4208
3907
0
0
4352
0
4311
4242
0
0
4213
0
0
4055
4099
0
0
6258
0
1873
4112
3922
4276
4185
0
4414
4129
4042
4869
4002
0
4318
3922
3911
0
0
4428
0
0
4446
3937
4867
0
4175
0
3903
5016
1565
0
4276
1642
0
4002
0
4339
3927
0
4043
4254
4121
1476
0
4130
3899
4573
4240
0
6340
3929
3891
0
4177
1873
4330
0
1946
0
0
6367
0
0
4279
4150
4273
3997
4189
0
4181
4242
3912
7592
0
4181
0
4428
4318
0
4387
4441
4128
4292
0
0
4112
4179
4304
3928
4178
0
4267
3997
4337
4007
0
0
6405
3975
3928
4369
4183
0
0
3904
6215
4175
4311
4027
4430
4011
6036
4240
6296
1741
4446
0
4216
4078
0
3959
4581
4180
4281
4392
0
4180
0
4419
4279
0
1856
4354
4011
3997
0
4185
4548
4304
0
0
4192
0
4469
4177
1642
0
0
4180
4659
4505
0
4155
0
4121
4054
0
4356
3907
4439
1594
0
0
0
3924
4075
0
1922
0
0
0
0
4304
0
4361
4405
1768
0
4267
0
6384
4192
4337
3994
4105
0
0
0
6215
7504
4181
0
3953
3965
4304
4356
0
3985
3924
0
0
0
4062
0
4130
0
0
3924
0
4369
4273
0
0
0
3957
3898
0
1873
0
0
0
0
0
0
0
4011
0
2136
4185
0
0
4259
4062
0
4205
3903
0
4159
4007
0
4274
4275
3959
4339
4314
4304
0
4342
0
0
4318
4280
4274
0
0
1922
6263
0
6538
4177
4198
4122
4192
0
4172
4164
0
4314
4280
3912
4222
4170
1596
4170
1865
1885
0
3979
0
0
0
0
0
0
1885
0
4179
1565
4308
6239
4061
0
4110
4155
6269
0
0
4369
4304
0
0
0
4208
1817
4369
4120
4183
3950
0
0
3997
3997
4259
0
0
0
0
0
4386
0
0
0
0
0
4115
0
0
4049
0
6267
4155
0
0
0
1856
4002
4425
4469
4043
3830
3976
4170
4175
3937
4125
0
6296
4326
3762
0
3898
4106
0
3905
3928
0
3983
4342
1565
0
0
4178
4273
0
0
4383
4405
0
4238
4332
4121
0
4477
0
4369
4392
4208
4125
0
4292
0
0
4342
0
4304
6298
4274
4369
4032
4181
4500
1922
4342
0
1626
0
0
0
0
3983
6333
4075
0
6340
6340
4110
6367
5044
4213
4132
0
4178
4254
1873
4272
4099
4136
4342
4411
3997
3936
0
4192
4132
0
4258
1725
0
0
3903
4159
4469
4337
0
4213
4520
0
4462
6215
1565
1626
4405
4213
4182
4177
4216
0
0
0
0
4573
4520
0
0
0
0
6053
0
0
4440
0
4440
0
5016
0
4414
0
0
4867
0
4444
0
0
4531
0
0
0
0
0
4183
0
0
0
4441
4369
0
0
0
3997
0
4576
0
0
0
4867
4481
4497
4565
6182
0
4546
0
4287
0
0
4451
4361
4533
0
4526
0
4414
4446
6349
4132
0
4518
4272
0
4430
0
6367
0
4546
4433
0
4445
0
0
4445
4548
4355
4121
4451
0
0
4272
4451
0
0
4075
0
0
4311
4558
4198
0
4474
4414
0
4477
4926
4527
4535
4570
4440
4481
4580
3983
0
4419
0
0
0
4548
0
0
0
0
3891
3983
0
0
0
0
4527
0
0
4419
0
4508
0
0
0
0
4540
4525
0
3922
0
4425
4469
0
0
0
4508
0
4531
4580
0
0
0
0
0
3975
0
0
4532
0
0
4323
0
4542
5044
0
0
0
0
0
0
0
0
0
0
4369
4487
4742
4500
4568
0
4272
6036
0
4655
3633
0
4873
4959
3631
0
3706
0
4665
4644
0
4548
4742
0
4894
6114
5544
0
4660
0
0
4982
5189
0
4875
4867
4749
4655
0
4831
4668
5001
0
0
0
0
4648
0
4667
0
0
6126
4967
0
0
4907
0
4508
0
5034
0
0
4612
4849
0
0
6161
4830
4254
5047
4742
4687
0
6169
4940
5259
0
0
4121
0
5020
5598
0
4949
0
0
4928
4643
0
4817
0
4628
5451
4894
3762
0
4922
5598
4734
4923
4775
5029
5263
4962
0
4445
4749
4932
4543
4920
0
0
6089
0
4756
4934
5494
4579
4594
4639
4787
5030
4982
4671
5410
4945
4723
6163
0
4753
4693
4794
4756
4628
0
4711
0
6192
4749
5072
0
4637
0
4660
4979
4900
0
0
4945
5456
0
0
4538
4923
4893
4542
0
4594
5000
0
5532
5549
4875
0
4771
0
0
4792
5058
4962
0
4923
4967
0
5058
4932
0
6114
5029
6189
4660
4979
4937
4639
4832
0
4717
4775
0
0
5253
5544
0
4626
4598
4923
4817
4628
5324
4879
5047
4978
5035
4660
0
6182
5456
4873
5071
0
4612
0
0
4655
4603
5071
5035
6396
4928
4872
0
4323
4733
5060
0
4880
6147
4413
4445
4639
4659
0
4828
4694
0
4967
0
6192
5929
0
4979
0
4662
4628
0
0
6161
0
0
0
5062
0
4768
4848
5538
4900
4926
4520
0
5433
0
4831
4867
4879
4771
0
0
5059
0
4678
5199
6146
0
4867
4613
0
0
6189
4819
0
5535
4870
4574
3936
0
5109
0
0
4668
0
0
4967
0
4477
4985
4870
0
0
4949
4934
4637
4612
0
4967
0
4570
6070
4660
4742
4742
0
0
6182
4979
4969
4463
5030
0
5063
4867
5159
0
0
4997
0
4862
4819
4434
0
0
0
4982
5060
5050
0
4940
0
0
4928
0
0
4775
0
0
4843
0
4659
4500
5048
0
4907
0
4949
4872
0
4862
4787
0
5014
6147
4628
4870
0
4986
4787
4594
0
4756
0
4411
4628
4979
4671
5159
4923
4749
0
0
0
0
0
4858
5029
4872
0
4986
0
4411
5328
4928
4771
4828
4875
4887
4923
0
0
6114
0
0
4445
4667
0
0
4997
4967
4885
4445
5535
4985
5001
5091
4665
5404
0
4508
4775
0
0
4665
4848
4445
5072
5016
4870
0
4997
4598
4639
4771
4934
0
0
0
4753
0
6036
0
4867
4665
4576
5526
0
4867
0
4723
0
0
0
5287
4603
0
0
5189
0
5058
4849
4959
5063
4867
4979
0
4822
5598
0
0
4870
0
3631
5300
4867
4594
5059
5062
4807
0
0
0
4787
0
0
4621
0
4848
4932
5063
4659
4613
0
0
4548
4828
4831
6036
4723
4621
4660
0
5575
0
5189
5910
5929
0
0
5570
5608
0
0
0
5428
5180
5253
0
5251
5588
5399
5361
4923
5231
5597
5313
5538
5351
5262
5246
0
5162
5649
0
0
5310
5997
0
5492
5949
0
5431
0
5695
5312
5171
5685
5777
5188
5341
5543
5395
0
5325
5313
5300
5488
0
5180
5538
0
5324
5397
0
0
5720
5109
5613
2930
5189
5527
5794
0
0
5317
5320
5131
5312
0
5498
0
5929
5748
0
5372
0
5336
5172
5444
0
5375
5395
0
0
5264
5475
5354
0
5087
0
5313
0
5300
5392
5579
3465
5300
0
5575
0
0
4928
0
0
5362
5533
0
5586
5231
0
0
5086
5091
5262
0
5410
5352
5372
5795
0
5305
0
5538
0
5585
5266
5536
5526
5231
4841
0
0
5956
6088
5442
5781
0
6772
0
5720
0
5310
0
5452
0
0
5336
5312
0
5586
5463
5495
5326
0
5359
0
5463
0
0
0
5328
5803
0
0
0
6772
5522
5312
0
0
0
0
5336
0
0
0
0
0
5410
5257
5361
5375
5822
0
0
0
0
5544
5820
0
5302
5210
0
5535
0
5781
5463
5082
0
5391
5543
5274
5328
5581
5263
5740
3551
0
0
5263
0
0
5351
0
5442
0
0
5227
4858
0
5180
0
5091
0
0
4997
5199
4913
0
5324
0
0
5265
5613
5151
0
0
0
5391
0
5210
5352
5351
6090
0
5463
5632
0
5598
0
5487
5494
0
5538
5498
5754
5485
5475
5359
0
0
5362
0
0
4628
0
0
4734
5131
5030
0
5489
0
0
5317
0
5336
5203
5326
5410
5305
5795
5464
0
3101
5029
0
5199
5667
5905
5203
6930
0
0
5151
5581
5393
0
5176
5850
4626
5536
0
0
0
5262
0
0
0
5189
0
5355
0
5774
4771
0
5395
5312
5231
5606
0
0
5939
5172
5522
5272
6114
5333
0
5465
0
5543
0
0
0
0
0
5299
5428
0
4911
5359
0
5266
0
5109
0
5605
5401
4643
5231
0
5822
0
5372
0
5646
5499
5535
5189
0
4928
0
0
5336
5458
0
0
5739
0
5364
5909
5310
5819
0
0
0
0
6147
0
5494
4940
5082
5949
5907
5884
0
5030
4641
5442
0
0
5251
0
5159
5511
0
5535
0
0
0
5410
5795
0
5535
0
0
5618
5417
0
0
5382
5317
5242
5333
0
5300
5971
5535
5178
5511
5588
0
4639
5433
5082
5538
5731
3733
3025
5492
5091
5535
0
0
4997
5352
0
0
5851
5326
6147
5262
0
0
0
0
0
5563
0
5425
0
6088
5143
0
0
4807
5212
5480
5349
0
4637
0
5763
4807
5212
6147
5312
5257
5682
5826
5468
6018
0
0
5781
5455
0
0
5355
0
0
5109
5549
5535
0
0
5451
5392
4849
0
4928
0
4807
5199
5199
0
0
0
0
5262
5540
0
0
5131
5803
5112
5225
0
0
4848
0
0
0
0
5753
0
0
5765
0
3277
0
5629
5649
0
5816
5444
0
3089
0
3147
5726
5736
0
0
0
0
5313
0
0
0
5172
0
0
3243
5632
5788
5819
5794
0
0
0
0
0
0
5606
5613
0
0
5770
0
0
5820
0
3334
2910
5601
5799
0
0
0
6922
5741
0
5257
5753
0
5779
0
0
0
0
5172
0
0
0
0
0
0
5534
5338
5753
5485
0
0
5444
0
5351
5658
0
0
0
5803
6010
5625
5770
0
5608
0
0
5272
2976
5746
5753
0
0
5730
0
5807
5602
0
0
5763
5741
0
0
6930
5795
3305
3263
5499
0
5754
5803
5668
3126
0
0
0
6772
0
0
0
0
5662
5748
0
0
5638
5665
0
0
0
0
5807
0
5814
0
0
0
5273
0
0
0
0
0
5779
5674
0
0
0
0
5739
5803
0
5623
0
0
5109
5754
5431
0
5750
3291
3101
0
0
0
0
5640
0
0
0
0
0
0
0
5822
0
0
5511
5310
5646
3126
6970
0
0
0
0
5710
0
0
5642
0
0
5735
0
0
0
0
0
5746
5753
5658
3243
0
0
0
5623
3101
0
0
5746
0
0
5740
5748
0
2969
5640
5850
5799
6692
3025
5838
6011
5884
6676
6161
0
6131
6011
5844
5736
5913
0
5896
6691
6070
6618
5325
0
0
5894
5982
5312
5199
5876
5894
4639
6970
0
5935
6098
6176
0
6575
6621
5910
6141
6012
6141
6772
5844
5894
6170
0
0
5928
5317
5997
6579
5444
6193
6002
0
6691
6654
5456
6158
5431
6016
6090
5896
5994
0
5876
0
5935
5913
6176
6116
5950
6089
5943
5864
0
5431
0
5910
0
0
6714
5929
0
4967
6011
6134
5935
6018
5581
6090
6147
6702
6716
5972
0
5950
6144
0
0
6581
5325
6011
6654
5907
0
5746
6034
6932
0
6002
6579
5907
0
6034
6596
6034
5875
8958
0
0
5905
5963
6018
0
5982
0
5998
5977
6158
6011
6141
5876
0
0
5977
5909
0
0
6012
5667
0
0
6970
5982
6627
6034
0
5935
6010
5913
5971
0
6654
5499
5967
5325
5910
5956
6018
6170
6701
6692
5907
0
6002
6198
0
0
6676
6693
6090
0
5950
6134
5884
5910
5581
6116
6152
0
0
0
6724
5909
6932
0
6091
0
5949
6716
5851
5950
5977
6716
6088
6158
6114
5451
0
6100
4923
6095
6100
0
4639
0
8832
6130
6116
4848
9521
4870
5972
6167
6029
6141
6100
6451
6478
6192
5029
6621
0
6157
6182
6131
5913
6141
6190
0
6140
6141
6710
6478
0
6163
6114
0
6176
0
6140
6141
6192
6167
6651
6060
5016
6144
6423
4949
6141
5998
6131
6144
6147
6126
6146
0
0
0
0
6141
6442
6134
0
5925
6144
0
6029
0
6180
6138
5905
6196
6088
6442
6091
6098
6490
6333
6176
6198
4870
0
6141
0
5913
6167
6490
6445
5971
6089
6169
6138
6116
0
6147
6180
5964
0
0
6478
6533
0
5913
6152
9216
0
6520
0
0
6190
6170
0
6189
0
0
6163
6192
6478
6182
0
6710
5998
6089
6126
0
0
5913
6198
0
6190
0
6060
6170
6088
0
6065
0
0
6296
5905
6169
6141
6091
0
5451
6090
6141
0
6116
0
6538
5058
6204
5058
6141
6158
0
0
6098
0
0
6068
6091
0
6192
0
5896
6141
6065
6490
6141
0
6296
4520
6189
7576
6267
6554
4121
7550
3965
0
0
7592
6290
6340
1750
6233
7550
0
6053
6241
6389
6331
7546
6367
6439
6470
6285
6297
0
7550
6390
6367
4446
6144
0
6290
0
6309
4361
6368
7492
6274
6233
6215
6233
9359
1478
6263
6538
6233
6285
6344
6285
0
6371
6301
6296
6351
0
0
6340
6258
0
6437
0
1478
6182
6367
1750
0
4318
8283
6454
3928
7510
4075
0
4342
6344
1478
0
4326
6239
6267
6344
0
6233
6326
6333
4446
4121
0
0
0
6326
6368
0
6309
6264
6330
6036
6274
6233
7478
0
6390
6368
6396
6290
1451
6285
6408
6405
6389
6309
6326
6241
6269
7619
7478
6290
0
1642
4445
6326
0
0
6384
0
6267
6146
6233
6367
6298
7470
0
6384
6215
6264
0
6267
6452
6416
6454
0
6353
0
6239
0
6222
6233
6296
6222
4361
7592
7531
6458
6372
0
6239
7574
6377
0
0
6478
7601
0
0
6241
6130
7574
6377
0
6520
6222
6233
6451
7473
6285
0
6384
6458
6405
6372
0
0
6363
6458
6326
7553
6333
0
6326
6353
6389
6182
6493
6297
8369
6264
0
6290
0
0
6239
6264
6330
6239
6396
6326
6454
0
8166
6285
8182
6531
6490
6531
0
9377
6241
6158
9302
6490
9231
9540
6521
6512
6233
6554
6565
9213
0
6478
0
6182
6144
0
0
6458
0
6478
9329
6451
6549
6553
0
0
7482
0
6496
9277
6029
0
6396
0
6531
6562
9344
6551
6423
9550
7550
6484
6460
0
0
9544
6443
9347
9217
6668
6497
0
6544
6437
6443
6521
6454
0
6344
6445
6029
6416
6193
0
6445
9312
0
6126
6407
0
0
6454
6533
6527
9544
6344
6521
6478
8432
6330
6545
5044
9523
6144
6496
0
6344
9373
9284
7457
6521
6531
6531
0
0
6707
6490
6396
6454
6241
0
9454
8383
6458
0
6193
0
6405
6344
6562
6437
0
6533
9344
6372
9362
6407
0
0
6545
6521
9255
0
5963
0
6538
0
0
6091
6707
6562
6533
6454
6372
6452
0
0
6264
0
6331
6161
6562
6478
6460
6538
6531
6396
6691
0
0
5997
6714
0
8842
0
9105
6715
6840
6786
5998
6592
6002
6714
6792
0
0
6693
6752
6816
0
6714
6702
6628
6724
6591
0
9138
6010
6839
6691
5907
5977
6591
6579
8983
5950
9542
6830
0
5838
6627
0
8891
6576
0
0
7133
0
5928
6701
0
0
6816
0
0
6622
9490
6816
6624
6662
6765
6630
6668
6839
5977
6816
9362
6691
8876
6702
6801
5875
5876
9262
0
6628
6830
0
6615
6627
6716
6843
3239
6615
5935
0
8966
0
6767
6654
8966
0
6688
6702
6654
6627
6752
5794
6602
0
6615
9542
6668
6841
6834
6947
9047
6894
9081
5765
6752
0
6484
6651
0
0
0
6579
6715
6752
6664
9008
6702
6693
0
0
6622
5736
6714
5910
0
8958
6581
0
6958
6765
6765
0
0
0
9126
6651
6701
0
7133
6850
8901
0
6575
8816
5972
6602
8953
6744
6894
6807
6827
6769
6769
7114
6827
6850
6959
6807
3129
6772
6789
0
7133
5907
6841
6963
7199
6883
5748
0
3319
6883
6893
7140
6807
7139
6624
6844
3242
6010
0
6876
0
6962
0
6959
0
6763
6946
0
6844
7082
7045
7023
6947
3242
6946
5844
6893
6844
6801
3126
6899
0
7140
6624
0
3101
6852
0
6959
6883
6958
7140
6962
6834
6852
6922
0
6786
6827
6839
6786
6844
0
6952
7010
6835
6861
6894
6834
6952
6894
0
3101
7208
5695
6827
6575
5822
7133
6852
6842
6965
0
6958
6834
0
7082
6844
6861
0
0
5910
6883
8499
0
0
0
0
0
0
6835
0
6846
6852
0
0
7072
0
7083
6946
3089
3339
7083
6789
6789
6933
0
6864
7199
0
6852
6930
7168
7045
6575
6947
6894
3242
5910
6830
3011
0
0
6702
6946
6654
7082
6816
0
6786
3101
7189
6953
2969
6664
7023
2716
6792
0
0
6628
6864
5907
5907
0
6840
2808
6893
7244
7032
6827
7072
2975
6843
6959
5907
6958
6946
6724
0
3339
6716
6953
7167
6830
6952
6624
0
6958
6877
7133
6827
6834
2990
2969
0
6893
0
0
6962
7072
6792
6843
5794
5907
6827
6946
6630
6952
6861
6864
0
0
6752
6893
6893
6883
0
0
6852
7177
7192
6841
0
0
8684
6962
0
0
6765
0
6914
6628
6946
6807
0
0
6979
7299
7189
7177
7182
7194
2808
0
7295
6744
0
8617
6971
8506
6763
0
6883
0
0
2813
7032
7190
7139
0
7209
0
7287
7133
7045
8578
2937
7194
7060
7150
6789
7010
7203
6807
0
7134
8055
9008
8757
2937
7312
7172
6894
3091
7182
6989
7082
0
7140
2696
7155
7050
6982
6990
0
8581
0
8003
7236
7215
7217
6995
7140
7139
7167
7082
7209
7222
3091
0
8085
7010
2716
7045
0
7209
2808
6893
7167
6842
7190
7010
7208
6816
0
0
8657
6997
7231
6883
8953
6979
7167
8757
6997
7078
0
6979
7114
6789
7190
6990
0
6952
7140
2555
0
0
7264
2770
7010
7133
6789
6987
7010
2808
7133
8003
7205
7159
7301
7107
7199
7133
6971
2937
6792
6997
7225
7083
7231
0
7114
6789
2837
6989
7151
7188
0
0
7172
2491
2589
2716
7155
6952
7299
7215
6883
7194
6899
6990
7010
6789
7133
7312
6947
0
0
2827
7167
7192
6952
0
0
7172
0
6982
7199
7159
6835
7203
7188
7174
0
0
7203
8068
0
0
7222
7203
7208
0
6843
2808
6959
8651
6842
6997
7030
0
0
7244
7134
6952
0
6995
0
8106
6997
0
7151
7182
7115
0
0
0
7194
7159
6842
6883
0
0
0
7311
0
6807
0
2631
8684
0
7134
0
7190
6982
8613
0
7030
0
7257
7965
0
0
7927
7236
7994
7976
7134
0
8106
0
7276
7203
8607
7222
0
7199
7293
0
7956
7301
7032
7295
8793
0
7023
7312
0
7264
0
7114
7231
8003
7808
8111
7299
7209
0
7976
8521
8091
7140
7273
0
8068
7231
8069
8521
8509
8027
0
7299
7313
8756
7956
8069
7965
0
7032
8079
8733
0
7305
7134
7217
7310
0
7311
7155
0
0
166
7060
7244
8069
7313
8613
8073
8499
7312
0
7751
8771
7231
8615
7231
0
7222
0
8657
7107
7107
0
2696
0
6971
7313
7299
0
8568
8106
7236
7287
0
0
0
0
7078
7244
8509
7311
8003
8564
8657
8073
7234
7353
8566
0
7394
7382
7356
7753
0
9200
8351
8148
7391
7632
7453
7664
7330
7861
7382
7470
7438
0
0
8413
7343
7624
8294
7344
7384
7330
0
0
7730
7344
0
7393
7819
7352
7451
7436
8351
7371
0
7650
7364
8424
0
8298
7595
0
7683
8234
7368
0
7382
7694
6470
7550
6264
0
0
8258
0
7330
7352
0
7427
0
7764
0
0
0
0
7547
7381
7797
7371
6390
8599
7457
8427
7410
7438
7325
7410
7412
7650
7453
0
8312
0
7352
7330
8424
7427
8234
8345
7702
7450
7574
8312
7818
7453
0
7550
0
7454
8243
8166
7451
7353
7601
7780
6407
0
7436
0
8234
7861
7643
7547
7520
8043
7453
8424
0
7624
7861
0
0
8383
0
0
7427
7627
0
0
1598
0
7730
7538
7627
7624
7544
0
7480
6331
7392
0
1646
7574
0
7460
8356
7482
7412
0
7496
0
7343
0
1642
7574
7508
0
7546
7508
0
7540
7546
0
0
6371
8283
0
1940
7560
7508
7454
7750
7547
7473
0
6377
6290
7633
0
7473
0
7344
7489
7544
0
7470
7381
0
7702
7592
0
7489
7457
7633
7504
7457
7540
7510
7574
7576
7482
0
7576
7531
7470
7632
7517
7473
0
7601
0
7632
7504
7632
0
7457
0
0
7353
0
0
7391
6239
0
7508
7504
7489
7683
7392
7480
0
6344
7595
7391
7624
7480
7632
7473
7553
7343
6405
1878
7603
7702
0
7550
0
7595
7576
7343
7486
7493
6297
7546
7595
7576
0
6301
7574
7510
7436
7470
0
7632
7478
0
7496
7549
7642
8304
0
0
7624
0
7600
7493
6344
7603
6344
7451
6290
7592
7391
7508
1642
7592
6371
7394
0
0
7466
7344
7632
8304
0
6405
7730
0
7480
6407
7624
8432
0
0
7466
8182
7531
1946
7624
7592
7451
7540
0
0
6267
7480
8432
7470
1646
6222
0
7560
795
1455
7493
7693
0
7690
0
7834
7702
7764
7780
7392
0
7755
7508
7834
7858
7723
8037
7693
7764
0
7425
765
7356
7689
0
7678
7858
7694
7868
0
7664
619
7689
7849
8127
0
0
7425
7664
0
0
7865
7861
7234
7858
762
7760
7918
0
7901
7753
7895
7656
7751
7753
8048
7352
7393
7790
0
7678
7950
853
7690
952
7764
7865
7867
7847
0
7656
7731
7891
7861
7382
7764
0
0
7847
8756
7650
8062
7819
7865
7822
7694
7353
7907
7834
7760
0
7760
7901
1123
7764
7814
0
0
7690
0
7814
0
7867
7818
7805
7689
0
7818
7954
853
0
7950
7837
7873
7368
7760
7951
7694
7863
7968
7858
7814
7382
7865
7814
7863
0
1123
795
7863
7730
7693
0
7868
7895
7883
0
7865
7861
8048
7864
478
7847
0
7846
8222
7857
7658
7425
7814
7857
0
7689
7797
0
7371
7744
0
7381
7940
0
7453
7382
7867
0
0
7808
7818
0
7760
7694
7895
7643
7723
7368
853
7353
7780
7834
7371
0
7834
1165
0
7906
7857
7356
7731
7868
0
7753
7412
0
0
7808
0
908
7723
7520
7664
7834
7819
7873
0
0
7863
7760
0
7371
0
0
0
7918
0
0
7847
7750
7951
7907
0
7690
7427
8049
7234
0
7941
8079
8048
7234
0
7906
7264
8441
7901
8060
8073
7906
0
7979
7299
7878
0
7299
7994
7941
7918
0
0
7864
7965
8020
7907
0
0
7834
7928
7906
7231
8079
8079
7982
8079
8056
7050
0
8073
8599
7834
0
0
7744
7940
447
0
0
299
102
149
8106
8011
7273
7900
6995
102
7941
7994
0
0
7922
7683
7965
8037
7891
7940
619
7264
0
0
7310
8111
0
8055
0
7753
7134
7276
8599
7983
8003
190
851
0
8111
7154
0
7900
7900
7689
7250
299
299
7922
0
8037
7865
0
369
7922
0
0
8133
8106
7941
7940
619
8055
7891
8037
8011
8091
0
7268
7979
528
7965
8027
8020
7923
8062
0
8049
8021
8048
8073
8069
8049
8073
0
7814
7689
7847
8771
7868
7891
7790
8103
0
0
394
8709
694
7154
8040
0
166
8060
7313
8085
8020
210
7222
7976
7976
0
694
8085
0
702
0
0
619
7956
2491
7950
0
0
8079
7217
8065
7384
7994
0
0
7694
707
102
0
7883
0
8091
8763
0
8037
0
0
0
8069
7994
7287
0
7208
8073
7873
8073
7878
0
7061
7819
7689
0
702
0
7941
8091
7690
7313
7780
0
7951
7940
7834
7941
8660
7217
853
7979
7979
8068
8111
0
316
7205
0
8103
7965
7814
149
0
701
7979
8165
0
8277
8182
8262
8368
9342
8424
9405
8282
8173
8781
9926
0
8261
9370
8282
8321
7450
0
8368
8377
8337
9419
0
8212
0
8368
0
6493
7425
8282
8274
8242
0
8304
8262
8166
8305
9273
0
8455
8381
8354
8250
9910
8278
0
9625
8523
8491
0
0
8733
8261
8277
8361
8361
8377
0
8297
8148
8291
8361
8456
7410
8316
8377
0
8211
7368
8381
8220
9887
9265
8196
9502
8748
7394
9533
7482
7368
0
0
7780
7453
8354
8327
9950
0
9886
8321
8444
8250
8706
8258
8381
0
0
8148
8685
7364
9250
8250
8225
0
0
9285
0
9953
7808
0
8744
7550
8356
8305
8250
9439
8388
8351
0
9627
8429
8599
8294
8243
0
8154
0
0
9886
8264
8599
8277
8372
8264
0
8412
9342
9910
8138
8295
8354
8377
0
0
8258
0
0
9251
0
8273
8234
8326
8534
6390
8115
8309
8316
0
0
8211
9941
0
0
8354
8663
8138
0
0
8138
0
8327
8242
8285
8298
8154
0
0
8326
0
0
8264
0
0
9983
9575
8277
9247
9246
0
0
8364
8309
8370
0
8347
8222
0
0
8478
8220
0
9498
7382
0
8744
0
8429
8304
8115
7453
0
0
0
8356
9373
7454
8312
8733
8730
8274
8225
0
0
8456
8173
8242
8273
0
0
0
9975
0
0
9502
7427
0
8345
8250
0
8430
0
8211
8361
8298
8326
0
8378
9959
0
8455
8568
8404
0
0
0
8298
0
0
0
7482
0
0
0
9500
7375
0
8378
0
8319
8756
8240
9379
0
8599
7364
8285
8222
6363
9449
7694
8294
8509
9575
9988
8138
8345
8442
8372
0
8173
8442
8656
8744
8282
8427
8142
0
0
8432
0
8425
0
8423
8763
8433
0
8262
0
0
0
8348
0
9533
0
0
8212
0
0
8285
8285
9332
0
8212
8424
8441
0
0
0
0
8182
8568
9922
8381
8354
8316
9571
8305
8262
7384
0
0
7277
0
9001
9671
8528
8627
9826
8430
8412
8508
8558
8748
8794
0
8528
8473
0
7305
8564
8668
8751
0
8621
8623
8673
0
9828
8750
8651
8783
7231
0
8659
8751
0
8614
8478
8757
8927
9806
0
8516
0
0
0
8720
8736
8638
9851
0
0
0
0
8274
9120
9851
9800
8901
0
0
0
8665
0
0
0
0
0
8627
7311
8219
8709
0
7287
8709
8605
8662
8969
0
8578
8722
9142
8441
9786
8776
8316
8564
8528
7312
8148
8458
8568
6979
8789
8599
8345
8509
8605
8750
8321
7287
8319
0
8578
8764
8733
8763
7312
0
8789
0
9828
0
8628
8734
8991
8508
8826
8769
0
8870
8629
0
7190
8558
0
8670
8458
8763
8779
8748
8651
0
8769
8751
8777
8741
8876
0
8568
7311
8568
8482
0
8148
8621
8497
8516
7115
0
8043
0
0
8665
8615
8764
7310
0
0
0
9806
0
8927
8751
8801
0
8776
0
8629
8769
8723
0
0
0
0
8458
0
8777
8713
7209
8575
8741
0
8649
8313
8957
9826
8575
8734
7277
8665
8240
0
0
0
0
8667
8903
8273
0
0
0
8718
0
0
8354
0
0
8741
0
8430
0
0
9731
0
8783
8482
0
8810
0
8779
8663
8814
8605
8629
8628
8662
9021
0
0
8748
8615
8628
7382
8127
8668
8723
0
9973
8713
9828
8521
8779
7312
8758
8709
8783
8942
9800
8751
0
8969
8621
0
8801
9159
8295
0
8348
8693
8429
7268
0
8501
0
8509
0
0
7277
8523
8713
8203
0
9102
0
8508
8756
0
0
8734
0
8709
8621
0
8225
0
8605
8659
0
8706
8826
8433
0
9927
0
0
7060
8222
8734
0
0
0
0
8509
8507
8801
8500
0
0
8219
0
9078
8613
0
7923
0
9750
7257
7215
7273
0
0
7257
0
9782
0
8623
0
8783
9859
8668
8758
8665
0
8723
9763
9047
0
0
8458
8274
8751
8588
8668
9941
0
7276
8632
8506
0
9147
0
9029
8957
0
6664
9302
9255
0
9861
0
9455
0
8519
0
9389
8783
8506
9118
9126
0
8835
0
9755
8783
9001
0
8881
9377
0
9015
0
8926
9138
9067
8901
0
8959
9256
9073
9118
9147
8944
8994
8927
9124
9039
0
9067
0
8842
0
8820
9171
9039
9073
9090
9415
8588
0
8835
8891
9036
9067
0
6763
9377
8891
9535
9260
0
8910
9102
8932
8974
0
8588
8828
0
8974
9039
8987
9168
8944
8865
0
8501
9702
8953
8910
9878
9659
9302
9171
9635
0
9455
0
9433
8828
0
8820
8906
8881
0
8857
0
9138
9164
0
6602
9157
9021
9529
9131
8651
9221
0
9135
9362
0
0
9262
9065
9078
5998
0
8994
6710
9117
9147
8789
6767
9161
9357
9105
0
8613
0
8987
9000
9081
9081
9131
8884
8961
8959
0
6596
8814
0
0
0
0
8961
0
9114
6769
9292
0
0
8932
9256
0
9523
9078
8994
8818
0
8884
8927
8974
9081
9073
9029
9316
8853
0
9509
6840
6621
0
8923
0
9138
0
8927
9530
0
9073
8997
0
9147
6664
0
0
9692
9224
8832
8842
9173
0
0
9221
8837
5896
9197
9769
8901
0
9037
9157
8942
8910
6835
0
8607
8961
6767
8926
8722
5972
8944
0
8588
9131
8953
9029
0
8842
0
0
9115
0
9517
9171
0
9114
8956
8779
8957
0
8910
9455
8915
9131
9702
9029
9303
8621
9647
8959
9067
8662
9262
8613
9363
8855
9254
0
8884
0
7133
6707
8932
8915
8903
0
9037
6654
8613
9114
0
9073
8588
0
9047
0
7301
9015
9137
0
9001
9102
0
9631
8915
9175
9171
8959
8614
8807
9117
9065
9357
9494
0
8627
9047
0
8870
9188
6471
9001
9131
9001
9015
9494
0
0
9000
0
0
8835
0
0
9647
8497
0
6767
0
9173
9083
6767
9021
0
9158
8956
9579
0
9224
0
0
9115
9668
6662
0
8989
9529
8966
9029
0
8997
9744
9245
6714
8932
8966
9042
9529
8884
0
0
0
0
0
8906
9834
0
9036
8965
0
0
9115
8961
0
9523
0
0
0
6452
8291
9197
0
9429
0
9221
9266
9449
8166
9224
0
0
9625
6714
9975
9449
9188
9429
9260
9660
0
9332
0
0
9260
9000
9188
9543
9273
9179
6363
9174
0
9509
9254
9632
0
0
9199
0
0
9521
9474
9530
0
9619
0
0
9231
9179
9360
0
9492
9647
0
8154
9240
9463
9200
9292
9250
9516
6562
0
9577
0
9252
9535
0
0
0
9135
6545
0
0
0
9449
0
0
0
9439
9474
9262
0
9389
0
8926
9292
0
0
9550
6423
9509
9362
0
9216
0
5998
9342
8442
0
9175
9214
8997
9609
9482
9531
0
0
9509
8298
8242
9502
9379
9429
0
9579
9521
9197
9250
9124
9521
9585
9419
9530
0
0
9479
9105
9187
9372
9199
9029
9242
9456
0
9494
8442
8347
0
9161
9517
9344
9246
9399
9357
9332
6274
9168
9550
8278
9344
0
9430
9499
0
9273
8138
9188
9504
9157
9273
9490
6377
9449
0
8277
0
9302
9250
0
9447
9529
9647
9373
9550
9509
9240
9240
9505
0
8388
0
0
9131
0
0
9377
9251
9482
8368
9250
9533
0
9415
0
0
9373
9634
9245
0
9517
0
9540
9383
9168
0
9646
9430
9529
8912
9494
0
9585
9429
8816
9344
9228
9223
6241
6445
9260
0
9515
9228
9001
9419
9509
0
9273
9482
9509
6363
9521
8855
9433
8154
9502
0
9187
9250
9517
0
9360
9492
9486
9533
9209
9447
8347
9490
8361
0
0
8965
9717
0
8196
9223
9242
9516
0
0
9285
9585
9550
8835
9622
9357
7438
0
9504
0
9001
9266
8242
8361
0
0
0
8807
9262
9687
6521
6423
9262
0
9245
9505
9505
9634
9429
9516
9635
9533
9277
8361
0
9209
9556
9463
9357
0
9121
9625
0
6158
9260
6471
0
9379
9199
9332
0
9509
0
8327
0
6301
9517
5950
0
0
0
9515
0
8356
0
0
9612
9523
9161
0
9245
9147
9389
9329
9188
0
0
0
8835
6452
9509
0
0
0
9303
9242
8816
9213
9187
0
0
0
9463
0
9494
0
9455
9516
9303
9610
0
9529
0
0
0
9543
9188
9347
6521
9717
0
9543
9456
0
9622
9578
0
0
0
9029
0
0
0
9624
9635
0
0
8261
0
0
8425
0
0
9926
9556
0
9894
0
0
0
9578
0
9761
0
9606
0
0
9950
0
0
9889
9638
9632
0
0
0
9704
9886
0
9948
9533
9967
0
9674
9602
9569
0
9571
9655
0
0
0
0
0
9029
9735
9988
9613
0
0
9515
9622
0
9844
0
0
9952
0
9589
9303
9575
0
0
0
0
0
0
9918
0
9949
9619
0
9560
0
0
9641
0
0
0
8853
9734
9734
9810
9735
9647
0
0
0
0
0
0
0
9834
0
0
8853
9429
8853
0
9672
9742
0
0
0
0
0
0
8923
9711
9797
0
8491
0
0
9656
9661
0
0
9703
9561
9668
9731
0
0
0
0
0
9664
0
9728
9826
0
0
0
0
0
9610
0
9726
9750
9560
0
0
9876
0
9648
0
0
9712
0
8810
0
9810
0
9656
9815
0
9159
0
9078
9083
0
0
0
0
0
0
9859
0
9742
0
0
0
9001
0
9732
9693
9664
9790
9732
0
0
9977
9801
9866
0
9983
0
9845
9941
9606
0
9648
0
0
9723
9872
0
9935
0
9804
0
9887
0
9927
8491
9782
0
8412
9941
9938
9698
0
8515
9858
9876
0
9698
9879
9828
0
9731
9942
9841
9671
9801
9841
0
9948
9926
0
0
9879
9854
0
9732
0
0
9973
9852
0
0
9734
9814
0
0
9777
0
9852
9846
9703
0
9940
9953
9786
9883
0
9844
0
9879
8412
9872
8693
0
0
0
0
9711
9797
8430
0
0
0
0
0
0
0
9974
0
9925
9821
0
0
9859
0
0
9990
0
0
0
9879
0
0
9908
0
8421
0
8665
9846
0
0
0
0
9633
9686
9618
0
9845
0
0
9845
9738
8781
0
9672
0
0
0
0
0
9961
9941
9982
9989
0
0
0
9949
0
9911
9944
0
9714
9826
9980
0
9641
8444
0
9958
0
0
8659
0
9474
0
9927
9676
0
0
0
9828
0
8197
0
0
0
0
9977
9962
8404
9977
0
9711
9959
0
9983
0
0
0
0
0
0
0
0
9889
0
8500
0
0
0
9990
0
0
9941
9852
9910
9932
0
0
9836
0
0
9950
9967
9970
9888
0
9862
9953
0
9624
9975
0
0
0
9944
0
0
8372
0
0
0
0
9941
9565
8693
9908
0
0
0
0
9901
9888
9898
9926
9814
0
8433
0
