518
0
235
2591
0
384
0
2442
0
0
496
0
110
0
496
101
0
32
0
110
110
62
2518
222
702
0
0
0
77
518
95
114
0
94
57
2442
0
114
0
2534
232
380
539
518
229
0
110
496
0
2442
0
0
57
0
2825
0
0
0
2534
225
709
0
0
113
702
0
222
0
0
0
110
0
11
62
0
114
0
0
164
709
0
225
114
101
2470
110
0
496
0
496
2591
0
384
222
0
0
222
179
77
65
2591
0
702
0
0
57
0
2442
7197
110
0
225
0
0
0
0
496
0
0
62
222
62
16
0
229
0
57
0
101
0
179
496
2534
222
62
0
0
229
0
2807
496
77
0
2624
0
0
7197
0
496
232
57
0
222
110
179
198
0
222
2442
0
77
0
0
101
0
57
709
232
0
709
57
0
62
110
187
0
2442
232
114
0
0
0
0
94
0
0
0
0
229
0
518
2442
222
101
62
2591
232
110
0
0
232
0
16
229
496
110
496
57
2518
0
518
0
2442
65
114
0
0
496
101
0
25
0
0
216
7270
0
702
110
0
0
384
2442
0
388
232
0
0
395
384
0
473
2299
0
536
311
384
2299
920
395
564
8009
453
533
579
299
518
605
722
432
722
411
718
932
2299
0
533
453
299
2470
384
0
718
824
395
8087
453
607
453
722
453
732
638
473
453
0
453
473
317
453
384
311
536
0
0
453
0
306
489
7929
0
380
0
536
453
496
638
0
0
536
624
0
0
536
0
0
628
718
0
432
0
453
536
510
0
718
453
0
718
536
299
432
8054
0
638
991
453
607
7145
453
0
518
2299
453
496
299
8016
453
0
536
0
693
702
57
496
311
2299
395
496
718
2299
600
1104
0
807
718
628
518
317
317
709
299
2299
496
718
651
0
718
0
0
0
0
453
0
453
0
624
396
496
0
317
0
467
688
455
718
0
0
0
0
0
453
232
605
536
518
496
2299
7929
605
317
0
0
453
605
453
702
579
638
7929
0
605
718
638
7929
7929
0
0
317
0
518
467
579
0
932
2299
299
0
2299
624
496
453
313
467
8016
536
317
0
709
453
473
496
932
0
0
453
0
453
536
932
0
718
0
2299
605
0
0
77
0
395
77
533
605
432
0
852
0
496
453
299
455
0
0
395
536
0
2470
0
0
0
0
299
607
299
0
0
8016
0
2299
311
453
0
453
620
473
0
0
317
317
624
8016
0
453
307
518
624
0
496
432
0
2299
384
0
317
299
446
638
453
605
518
0
702
496
638
0
7783
605
0
0
605
0
0
0
453
0
65
638
0
453
533
0
453
906
624
0
0
453
453
384
396
0
607
0
432
395
0
299
515
311
299
317
453
667
0
380
2299
0
579
2299
0
0
0
7783
453
0
628
718
932
709
473
496
628
453
0
396
932
718
2299
628
579
668
0
299
722
395
453
0
384
0
7699
496
1194
473
453
384
489
536
0
8009
453
299
0
718
0
0
0
536
0
2299
0
2299
473
702
2299
920
536
722
718
380
0
888
317
314
605
620
0
0
709
718
536
453
0
0
384
396
0
0
0
536
496
453
628
0
607
395
518
317
932
0
0
533
473
0
605
2299
605
390
384
605
718
0
453
0
607
7929
579
496
2470
932
0
453
2299
2299
317
0
709
718
432
533
453
311
453
702
0
0
722
453
317
605
453
0
2299
467
0
2299
0
453
533
380
0
2470
488
396
0
2299
0
473
7783
0
718
605
496
572
0
453
0
432
607
378
0
65
2299
77
718
311
453
0
7703
536
0
2299
2299
1035
0
0
0
932
1160
605
0
890
1160
852
1191
907
1834
0
0
1218
832
1332
906
0
1218
1206
1141
1035
1160
1194
886
1097
1206
1160
1213
1141
765
1440
920
1194
1213
1160
1160
0
906
1160
1218
7841
1213
932
1208
1208
0
1141
813
1218
1208
1212
1194
0
0
1218
765
1141
765
0
1097
1141
1097
974
1141
1160
1097
0
1218
0
0
1194
1218
0
1213
765
1141
1213
0
1141
0
0
1160
1200
7703
1208
0
7750
765
1213
1160
1141
920
1035
1160
0
813
1097
0
1194
1160
1269
932
808
932
1194
1171
1160
1160
932
7841
1160
1160
1153
0
1213
1218
800
1194
920
1213
932
0
1213
7699
1269
1269
890
886
1141
1160
1160
0
0
0
0
0
0
1160
1340
1035
932
1213
1097
7783
1160
1141
0
1160
1171
0
1440
0
0
7758
1264
1218
932
1206
932
932
1160
1440
1097
765
1160
0
807
1194
1218
0
765
1212
7750
1213
2096
920
1097
0
1218
1160
932
1035
0
1206
813
0
1212
1213
1269
1269
1171
1035
0
1097
0
0
1206
765
1097
907
0
0
1218
1208
1116
1681
920
1171
1208
1160
1206
765
932
1141
932
1160
1160
1213
0
0
1213
0
1097
1035
1160
920
1035
1208
932
1097
0
1097
932
1440
849
0
0
1074
1094
1160
1035
1049
907
852
0
1160
920
0
0
886
765
0
0
1097
932
1141
1218
0
2096
0
0
932
1160
955
1171
1160
1049
1444
1194
0
906
1218
932
1171
1213
1059
7783
1440
1206
1160
0
932
932
1160
920
1191
906
1206
932
920
299
0
1141
1097
0
0
1213
0
1269
1206
0
8016
1206
924
0
1160
907
1035
1160
0
907
813
0
1206
1160
299
396
1264
906
0
1218
906
932
1218
1213
904
0
1440
656
886
1269
906
1218
7840
1194
1208
1160
932
0
0
1269
1097
0
1141
0
0
2096
1191
1218
0
0
1035
813
7679
0
1097
314
1208
1194
932
1097
0
1327
0
0
0
0
907
765
932
1218
813
1213
1160
1160
1141
932
0
0
0
1218
0
0
1160
7841
1341
0
1194
1269
0
1171
765
813
1440
1141
0
7841
886
0
1213
932
1208
0
0
1213
0
0
1191
1097
0
1097
1213
0
0
1213
906
0
1035
1097
1213
0
1237
0
907
827
0
1213
1141
1097
1160
1097
1213
1206
974
1208
0
0
1160
1035
0
1213
932
1208
605
906
0
1141
932
1194
0
0
0
1191
0
0
906
0
0
0
7857
0
1212
1035
0
932
1218
0
1309
1247
1834
1341
1269
1603
1378
1548
1323
1681
0
0
1264
0
1440
0
1834
0
0
0
1440
1264
1341
0
1661
0
1378
0
0
1264
1341
1360
1160
0
1264
0
0
1834
1341
0
1548
1661
0
0
0
1264
1341
0
1378
1269
0
0
1814
0
1440
1465
0
1264
1440
1440
974
1341
1378
1365
1378
1440
1332
0
1294
1341
7632
0
0
1440
1440
0
1341
1378
0
0
1834
0
0
0
0
0
7637
0
0
1341
1300
1548
1360
0
0
0
1360
0
0
1440
1548
0
1365
1247
0
0
1378
1834
1300
1249
0
1378
1548
1247
1264
1360
1378
1378
0
0
1264
1440
1603
0
1834
1233
1603
1440
1440
1444
1440
0
0
1160
1341
1341
0
1341
0
0
0
0
0
0
1353
1360
1341
1247
1264
1264
1360
0
1341
1440
0
1264
0
1440
0
0
0
1834
1264
1035
0
0
7840
0
974
0
0
1258
1378
0
0
1603
0
1341
0
1834
1247
0
1365
1421
1365
1275
1661
1661
1341
0
1264
1035
7841
0
1603
1440
1353
800
1264
0
0
1440
1332
1465
1247
0
0
1360
0
0
1365
1315
0
1206
1834
1465
1415
1035
0
1365
1105
1430
0
1264
1341
1247
0
1294
1713
7583
1865
0
1548
7632
1639
0
1681
1713
7527
7527
1834
1548
1935
0
1773
1707
1341
1713
0
1713
0
1713
1765
0
1935
0
1765
1713
1935
2096
0
1686
1603
0
1935
7491
3918
1548
1773
1341
1865
1773
1803
1765
1341
1817
1643
1773
1935
0
1935
1661
1817
2096
2096
1603
1817
0
0
0
1548
7637
1817
1773
1765
1643
1765
1548
1834
0
1661
0
1935
4016
1465
1713
1814
1643
1603
1814
1713
1842
1773
1935
0
1935
1803
1935
1773
1803
1817
1773
0
0
1765
1682
0
1713
1935
1817
1842
7632
1713
1817
1341
0
1935
1803
1773
1713
0
0
1643
1865
1707
1691
1817
1814
1548
1819
1803
1603
1929
4016
1935
1713
1935
1713
0
1765
2096
1603
1763
1713
1773
1803
1935
1605
1603
1935
1360
1834
1935
0
0
1765
7527
1521
1935
1817
1935
0
1603
0
1819
4016
1935
1341
1696
0
1605
1773
6273
0
1603
7637
1842
1803
1865
1814
1696
4016
0
1713
1865
1713
0
1935
1935
4016
1935
1643
1603
1696
1603
1603
1765
0
2096
1681
1643
0
1470
1834
1681
1819
0
1842
0
7491
1603
1713
1787
1817
1643
1817
4016
1817
1765
0
1935
1773
1773
4284
0
0
7637
1817
1713
1661
1817
1681
1603
0
1929
3918
0
1605
4016
0
0
1935
1605
1817
0
4285
0
0
0
0
1603
1548
1773
0
0
1661
1713
7527
1341
0
0
1773
7471
0
1661
0
1696
1643
1842
1842
1935
0
1548
1713
1341
1713
1935
0
1605
0
1605
1773
1681
1696
1661
0
1605
2096
0
0
1661
0
0
7632
1465
1681
1803
1341
1935
0
0
1035
1643
1819
7637
1773
1814
1603
1817
2096
7632
1935
1773
7527
0
1603
1773
1817
1842
1834
0
0
1803
0
4016
1510
1865
1814
7632
1773
1643
0
1713
0
1935
7637
1661
1883
1935
0
1935
1842
1341
7527
1731
0
1713
0
3918
1817
1817
1773
1713
1713
0
1247
1817
1536
1773
2096
1935
0
1765
0
1865
1661
1696
1696
0
1817
1661
1643
0
1773
0
0
1935
0
4350
0
7527
1842
0
1817
1605
0
1666
7491
1773
4284
7632
1603
0
1603
1713
1603
1661
1713
0
1773
0
4350
0
6273
4235
1842
1603
3918
1605
1548
1603
1935
1661
1294
0
1696
1341
1842
1603
4350
1842
1713
0
0
4284
1247
1235
4016
1773
0
1713
4016
0
1834
1548
1814
1643
1696
0
1603
0
0
0
0
1773
1834
0
1773
0
1834
1817
4235
1643
4350
1341
0
0
1935
1603
1773
1603
0
1713
1935
1935
1865
0
0
1603
1765
1643
7491
1834
1773
0
1935
1605
1842
0
2096
1865
1935
0
1773
4099
1842
0
0
1773
0
1819
1765
1765
0
1603
1548
1817
1603
1834
1605
1817
1548
4016
1544
1603
7637
1681
1834
1440
1803
1773
0
1681
1639
1935
1681
1341
2096
2096
2096
2096
3794
2096
2096
2096
2096
2096
2096
2096
2096
2096
3794
2096
2096
2096
2096
2096
2096
2096
2096
2096
2096
2096
2096
3592
2096
2096
2096
2096
2096
2096
2096
2096
2096
2096
2096
2096
1713
2096
1341
2096
2096
2096
2096
1713
2096
2096
2096
3794
2096
1713
2096
2096
2096
2096
2096
2096
2096
1713
2096
2096
2096
2096
2096
2096
2096
2096
2096
2096
1713
2096
2096
2096
1713
2096
2096
2096
2096
2096
2096
2096
2096
1713
2096
1160
2096
2096
2096
2096
2096
2096
2096
2096
2096
3592
1160
2096
1160
2096
2096
2096
2096
3592
1160
2096
1341
1713
2096
2096
2096
2096
2096
2096
2096
2096
2096
2096
2096
2096
2096
2096
2096
2096
2096
1160
2096
2096
2096
2096
2096
1160
2096
2096
2096
0
2096
2096
2096
1713
2096
3592
1160
1713
2096
1713
2096
2096
2096
2096
2096
2096
1341
2096
1341
2096
2096
2096
2096
1160
2096
2096
2096
2096
1341
2096
2096
2096
3592
2096
1341
2096
2096
1773
2096
2096
2096
3794
2096
2096
1935
2096
2096
1341
2096
2096
3592
2096
2096
2096
932
2096
2299
2299
3592
2299
3592
2299
2299
3592
2470
2299
2299
2299
2299
3592
2299
2299
3592
2299
2299
2299
2299
2299
2299
2299
2299
2299
2470
2299
2470
2299
2470
2299
2299
2299
3592
2299
2096
2299
2299
2299
2299
2299
3592
2299
2299
3592
2449
2470
2299
2299
2299
3592
2299
2299
2299
2299
2299
2299
2299
2299
2299
3592
2299
2521
3592
2299
2299
2299
2299
3592
2299
2449
2299
2299
2299
2299
3592
2299
3592
2299
2299
2299
2299
496
2299
2299
2299
2299
3592
2299
3592
2299
2299
3592
2470
2470
2299
2299
3592
2096
2299
2299
2299
2299
2299
2299
2096
3094
2449
2299
2299
2299
2299
2299
2096
2299
3592
2299
2299
496
2299
2299
2299
2299
2299
2299
2299
2299
2299
3592
2299
2299
3592
2299
3592
2299
3592
2299
2299
2299
3592
2299
2299
2299
3592
2449
0
2299
2299
2299
536
2299
2299
2299
2299
2299
2299
3592
2299
2299
2299
2096
2096
453
2299
2299
2096
2299
496
2299
2299
2299
2299
3592
2299
2299
2299
3592
2299
2299
2096
536
2299
2299
2449
2299
3592
2299
2299
2299
3592
2299
2299
2299
2299
2299
3592
2299
3094
2299
2299
3592
2299
2521
453
2299
2299
2299
2299
453
2299
2521
496
496
3592
3592
453
2299
453
2299
2299
2299
2299
2299
3592
2449
2499
2521
2534
0
2591
2786
3094
2600
2413
2699
0
2777
0
2521
2591
2716
2470
2591
2807
2716
2442
2413
2803
0
2470
2777
2449
2449
2449
0
2521
2786
2716
2521
0
2499
2591
2459
2767
232
3094
2521
2521
2449
2449
2499
179
2521
2591
2881
0
6987
164
496
2521
2521
0
0
0
2518
2449
2600
2732
0
2521
3064
2442
2470
232
2449
0
2518
0
0
2494
2591
2521
0
2777
3094
0
2449
0
2833
0
0
2697
2732
2786
2666
3094
0
2521
2803
0
0
2732
2449
0
2521
2591
7054
2449
0
2449
2732
2518
2786
2591
2521
2727
2413
7197
2826
2587
0
2459
0
2413
0
0
2727
2449
2449
2826
2807
2499
2521
62
3094
0
2499
2727
6987
2807
32
2459
2803
2518
0
7197
2786
0
2521
0
2587
0
2521
0
7197
496
2499
2499
0
2470
0
2449
2716
2786
2449
2587
0
2587
2470
2449
2777
2518
2777
2518
2771
2610
2449
0
2708
2826
2449
2777
0
2600
2786
2591
2521
0
2771
2499
2777
2734
2449
2534
2591
2587
2459
2716
0
2716
2499
2587
2591
2521
2732
67
2521
2591
222
2449
2714
2777
232
0
2521
7091
2449
0
2591
2521
2413
3064
2600
2727
2587
0
0
0
2591
2499
2847
0
2499
2449
2521
2521
0
2699
2449
2521
2413
2863
7054
3006
2807
2449
2499
7145
2727
2449
0
2835
0
0
2449
179
2732
232
2807
2521
2591
2499
2534
2521
2833
2807
2803
0
2521
2470
2857
2499
2442
2442
0
0
0
3094
0
232
0
0
2716
222
2442
2521
2449
2521
2521
2521
2716
2727
0
2771
2470
0
0
222
0
2714
2521
3094
2521
0
2449
7197
3064
0
2499
0
2587
2600
2449
2591
0
0
2826
2716
3064
3006
2600
2706
7194
0
0
0
222
2807
2714
2470
2777
2523
0
2521
0
2534
2413
0
2499
0
0
0
0
2449
2449
0
2449
0
110
2499
2449
2521
0
0
2521
2803
2835
2777
0
2499
0
2521
0
2449
0
2699
3094
2807
0
2449
0
2449
2437
2697
2413
0
2641
7054
3094
3094
7091
0
2732
2470
2477
2413
232
2470
3094
2521
2716
2449
2413
0
2600
2499
2499
0
2382
2521
3064
2413
2716
0
0
2786
2521
0
3094
2591
2449
2721
0
2807
2518
2777
2521
7197
3094
7091
2521
2803
0
2482
2826
3006
222
2459
3094
0
2677
2786
2518
0
7091
2881
0
222
2847
2600
0
2499
2518
2482
0
0
3064
2807
3094
2534
2449
0
0
7054
2610
2833
2449
2442
0
0
0
0
0
232
2474
2518
2587
2732
7091
2681
2591
2521
68
0
2641
2807
2807
2470
2437
2449
2711
2716
2470
0
0
2721
179
6987
2833
0
2449
0
3094
2449
2449
2449
0
2587
2449
110
7181
2833
110
2521
0
2803
0
0
0
2413
2523
3083
3323
3083
3025
3288
3391
2716
3083
2833
2948
6901
3083
3090
0
3391
5767
3391
5774
3064
3344
3344
3156
3288
0
3094
5738
0
3025
3288
3094
3094
2732
3344
3288
3193
5724
5767
3156
3064
3391
2976
3064
3391
0
3344
0
0
6901
0
3094
5767
3094
2499
5715
0
2957
3193
3094
0
3094
0
6901
2948
0
2833
3094
0
3025
3391
5774
2697
3016
0
0
3094
3083
3094
3090
2948
3304
2931
3199
3162
3025
5715
2976
3156
6901
0
0
3288
0
3156
3130
2771
3025
0
5774
2948
3064
0
0
3203
0
0
2716
3344
3064
3156
0
5724
0
0
3025
2732
6901
3156
6901
0
0
0
0
2786
3064
3006
3336
3064
5818
3064
3152
3391
0
3064
0
3344
2771
0
0
5738
3083
0
5767
6901
3156
3156
0
0
0
3094
3083
3090
6901
5767
5715
2499
5774
3090
5818
2976
3090
0
3193
0
0
3344
5774
0
3051
2976
3090
2996
3152
3094
3391
3094
0
3152
2939
2996
0
0
3344
5685
3025
3094
0
3025
3391
3323
2948
3344
3391
3025
3193
0
3263
3336
5774
0
3391
0
2996
3090
3344
3025
0
2732
2948
0
0
3344
5774
3083
5767
3193
3090
5818
2996
2732
0
5685
3391
0
5715
3006
6870
2930
2716
3090
3094
3288
0
3083
0
5774
5767
5774
2786
2716
2948
3288
3025
3021
5774
3323
0
3344
3288
0
3288
3304
0
6938
5774
3094
5774
3090
3136
3130
3193
3304
0
3090
3083
3118
3344
3064
0
3391
3321
2996
0
3288
0
3094
2865
3006
0
2976
3193
5767
3025
3094
3592
5724
3090
0
3323
3156
5774
2943
3083
3344
3064
3323
3006
3323
0
0
0
2732
3094
3094
3156
2996
3193
0
3006
0
3094
6901
3064
0
2976
0
2996
3006
2499
0
3090
2716
0
3391
0
3344
3304
3083
3090
5767
3391
3094
3391
3308
3399
0
3006
5774
0
3344
0
0
3083
5774
2413
0
3288
5767
6901
0
0
0
3288
0
3094
5818
2976
3281
3288
3288
0
2948
2732
3156
3090
3304
3064
0
3083
3090
6901
5774
3094
3344
5774
3260
0
0
3344
0
5767
3156
3094
3090
0
0
0
3193
3156
3083
6901
3006
0
0
5774
3130
3344
0
3094
3094
6901
3323
3391
0
0
2948
0
0
3006
0
3025
2948
3064
2948
0
5774
3222
3156
3090
3083
0
0
3193
3288
0
3344
3344
5774
3288
3162
3083
3391
2477
0
3090
3323
2716
0
3118
0
2976
3094
3391
0
3197
3336
3094
6901
3094
2996
0
3006
0
0
3083
2716
3083
0
0
2976
0
2908
3083
2997
6901
0
0
3288
3090
3094
2948
3152
3288
3064
3094
3323
0
2948
3391
3094
6870
3094
3130
3336
3083
5774
2996
3344
3391
0
3308
3090
3344
6901
3064
0
3083
3094
0
3094
3064
5774
3090
0
2716
3156
3336
0
0
3094
0
3083
3344
3094
2499
0
3025
0
5352
3592
5767
3592
3592
3592
5767
3592
5767
3592
5767
3794
3592
5544
5767
5352
3592
3592
3592
3592
3592
5767
3094
3592
3592
5352
5352
3592
3592
5767
3592
3592
3592
5352
3592
3592
3592
3592
3592
3592
3592
5544
3592
3592
5767
3592
3592
5767
3592
5352
5352
5549
5767
3592
3592
3592
5549
3592
5767
5767
3592
3592
3592
3592
3592
3592
3592
5352
3592
3592
3592
5767
3592
3592
5549
3592
3592
3592
5767
3592
5767
3592
5767
3592
3592
5549
3592
3592
3592
3592
3592
3592
3592
3592
3592
5549
3794
3592
3592
3592
3592
3592
5767
3592
3592
3592
3592
3592
3094
5767
3592
3592
3592
5767
3592
5767
3592
5767
5352
3592
3592
3592
3592
3592
5767
3592
5767
3592
3094
3592
5767
3592
3592
3592
3592
3592
3592
3592
3592
3592
5767
3592
3592
3592
3592
3794
3592
5352
3592
5767
3592
5767
5767
5544
3592
5767
5549
3592
5352
3592
3094
3592
5767
3592
3592
5352
3592
3592
3592
3592
3592
3592
3592
3592
3592
3592
3592
3592
5767
3592
3592
3592
3592
5767
3592
3592
3592
5767
3592
3592
0
5352
3592
5352
3592
3592
3592
3592
3592
3592
3592
3592
3592
3592
3592
3592
3592
3592
3592
5767
3592
5767
5767
5767
3592
3592
3592
3592
3592
3592
3592
3592
4310
3592
3794
1713
3794
4943
4323
3794
3794
3794
3794
4984
3592
3794
3794
3794
4943
3794
3794
3794
3794
3794
3794
3794
3794
3794
3592
3794
3794
3592
3794
3794
3592
3592
4832
3794
3794
3794
3794
3794
4251
3794
3794
3794
4943
4627
3794
3794
3794
3794
4251
3794
3794
3794
3794
3794
3794
3794
3592
3794
3794
3794
3794
3794
3794
3794
3794
4310
3794
3794
4943
3794
3794
3794
3794
3794
3794
4832
2096
3794
3794
3794
3794
4323
3794
3794
3794
3794
3794
4251
3794
3794
3794
3794
3794
4984
3794
3794
4984
4251
4832
4943
3794
3794
3794
3794
3794
3794
3794
3794
4627
4323
3794
3794
3794
3794
3794
4832
3794
3794
3794
4627
3794
4943
3592
4251
4943
3794
4251
3794
3794
3794
3794
3794
3794
4943
3794
3794
3794
3794
3794
3794
3794
3794
3794
3794
3794
3794
3592
3794
4943
1713
3794
3794
3794
3794
3794
3794
3592
4943
2096
3794
3794
3794
3794
4984
3794
4943
3794
3794
0
3794
3794
3794
3794
3794
3794
3592
3592
3794
3794
3794
3794
3794
4832
4323
3794
4251
3794
3794
3794
3794
3592
4310
3794
3794
3794
4984
3794
3794
3592
4323
3794
3794
3794
3794
3794
3794
3794
3794
3794
3794
4943
3794
3794
4943
4943
4323
3794
3794
3794
3794
3794
3794
3592
3794
3794
3794
3592
3794
3794
4323
4943
3794
3794
3794
3794
3794
4251
3794
4943
3592
3794
3794
3794
3794
3794
4627
3794
4943
3794
3592
4323
3794
3794
3794
4627
3794
4251
3794
3794
4183
4323
6273
4284
3910
4284
4183
4310
4350
4016
4016
4016
4251
0
0
4323
0
4197
4058
4231
4178
0
0
0
0
0
0
0
3910
4178
0
4310
4328
0
4323
4178
4260
4325
4131
0
1827
4340
4205
0
4180
4310
4310
4178
4251
4310
1509
4428
0
4183
4323
6273
3918
4197
0
4285
0
3989
4096
0
0
3899
4235
4364
4555
3910
4310
0
0
4325
0
1765
4364
4183
4364
4251
6313
4197
4323
4251
4689
4310
0
4183
4580
4107
4323
0
4310
0
4472
4183
4284
4506
4426
4323
0
3948
4131
3918
0
0
1765
0
4310
0
4131
4087
3948
4096
4323
4058
4251
4107
4310
4323
3928
4310
0
4096
4310
6299
4107
4310
4143
4364
0
0
0
0
4472
0
0
4323
4058
4350
4310
4107
4310
4058
0
4364
4058
0
4350
0
4310
3928
0
3899
4323
4231
4178
0
4580
4058
4506
3948
4284
4426
4007
0
3918
4323
3948
0
4178
4058
3910
0
4131
4325
3910
0
4231
4284
4310
4325
4107
4107
4178
4183
4310
3928
4235
4325
4058
4096
3948
0
4310
4197
0
0
4323
0
3918
0
0
4310
4185
4251
4310
4323
4016
0
4185
0
4058
7491
0
4310
0
3910
4310
6292
4310
0
0
6313
4310
4107
4107
3918
4183
4136
4251
4356
4178
4310
4251
4310
4183
0
4251
4058
4107
7491
4340
4007
0
4310
0
4180
4183
3948
3918
0
0
3912
4183
4310
4087
4231
0
0
0
4284
4284
4284
4325
4058
4131
4284
4364
4107
0
4350
1713
4310
4386
4251
4096
4258
4323
0
0
4310
3957
4183
4284
4323
0
4020
4260
4235
4323
3948
0
0
4058
0
4183
0
0
4310
0
4251
4310
0
4251
4231
0
0
4310
1643
0
4260
0
3910
4016
4284
4178
4310
4580
4506
0
4016
4332
4325
4096
4310
4310
0
4251
4231
1817
4284
4472
4310
4058
4197
4310
0
4310
4197
4251
4284
4310
4310
4323
4178
0
4580
3918
4231
0
4131
0
4560
3959
4323
4251
0
4251
0
4325
3918
4231
4096
4325
4107
0
4231
1765
4323
0
4325
4350
0
4364
0
1765
4325
4325
4096
4058
4251
0
0
4284
4016
4235
4260
4099
4107
4096
0
4323
0
4323
0
0
1781
4016
0
0
4310
4323
6292
4323
0
0
0
4251
4107
4310
4506
4325
4310
4364
4580
4323
4260
4310
3910
4325
4580
4323
4178
4235
0
4096
4096
4096
4284
4087
4016
4099
4472
4423
4364
4350
0
0
3948
0
4325
4323
0
4016
4145
4426
0
4016
4310
3918
4350
0
3948
4323
0
3910
4284
4426
6393
3918
4506
4231
4284
4310
0
4284
0
4350
0
0
0
0
4506
4472
3910
4096
4131
4183
0
6313
4506
4310
4310
4183
4260
4251
4325
4323
4350
4260
1765
3910
4058
4251
4310
4350
4323
4323
4310
4235
0
0
4016
3910
3910
4310
4323
4251
3910
4042
3957
4472
3918
4016
3910
4251
4364
4323
6273
4058
4570
4832
0
4691
4131
4519
0
4832
4519
4811
0
0
4580
0
4811
0
6083
0
4811
0
0
4811
0
4580
4323
0
4506
0
4519
4462
0
0
3910
4323
0
4323
4323
4506
0
4131
4506
4519
0
0
4555
4511
0
4472
0
4511
4985
4472
0
0
0
4580
0
0
4506
4519
4519
0
3910
4506
3910
4426
0
4580
0
4511
4426
0
4506
0
3910
0
4519
0
4540
4131
0
0
4811
4472
4519
4506
4525
0
0
3948
4511
4474
4733
4472
0
0
4525
4832
4689
0
0
4506
4519
4472
4511
0
4511
3910
4506
4481
4580
4506
4428
0
4472
0
0
4811
4408
0
4137
4511
4580
4525
0
0
0
4519
4914
4832
3957
4580
4519
4525
0
0
0
0
4131
4511
0
4506
4914
0
4472
0
0
0
4511
0
4511
4506
4323
0
0
0
4851
4323
0
0
0
0
0
3910
0
4580
4519
4811
4832
0
4525
0
0
0
0
0
0
4580
3910
4811
4500
4832
0
3948
3910
0
4984
4627
4789
5523
4825
4984
0
4832
5065
5074
4644
0
6190
4958
0
5024
4789
4627
5027
4811
0
0
5538
5549
0
5078
4525
4825
4691
4875
4943
4985
4914
5061
4627
0
4984
0
4984
4627
4913
0
4825
4789
5031
4627
4984
4789
4525
0
4689
5034
0
4811
4984
0
5034
6190
4525
4832
4627
5074
4943
0
4914
4958
0
4811
4629
4472
0
4627
4984
0
6190
0
4789
5078
4598
0
5233
0
5034
4825
4914
4984
4627
4627
4984
5579
4825
5074
5024
4825
4832
0
4472
0
4627
0
5027
4946
0
4914
0
5356
5041
4984
4629
4789
5024
0
4627
4948
4943
4984
0
4825
4789
0
5074
4627
4825
4655
5454
0
4730
0
4836
6190
5072
5024
4627
0
4825
4789
4825
5034
0
4691
4825
0
0
4811
4825
0
4943
4667
4789
4984
0
5579
4984
4875
0
4627
4598
4811
4862
4948
5041
4467
5041
4836
4825
4825
5027
0
4472
4825
4914
4629
4691
0
5024
4832
0
4836
5074
4984
5034
5024
5549
4730
4943
5034
4689
4817
5024
5549
5074
4627
5074
4811
4789
4703
4914
0
0
4691
0
4811
4629
0
5074
4943
5074
4825
4914
5451
4984
5078
4832
4691
4984
0
4627
5024
4943
0
5024
4629
4694
4689
5074
0
4825
0
4914
5538
4951
4825
0
0
4984
0
5074
4948
4627
5041
0
4730
5034
4943
0
5538
5078
4943
4914
0
4984
4914
5027
4958
4984
4943
4948
4984
4958
0
0
4836
4789
0
6190
4730
0
0
4914
4627
0
5024
4914
4943
4943
4958
4984
4472
4958
5024
0
4746
4789
0
4914
4825
4958
0
0
4811
4958
4984
4689
0
4836
0
4832
4948
4914
4943
5041
0
5451
4914
5024
4943
4827
5549
5078
4836
5041
5078
0
5031
5549
5549
5034
4819
5027
4694
4598
0
0
5034
4958
0
4958
4627
0
5078
0
4958
4691
0
5034
4811
5078
4958
4943
5034
4633
4627
4691
4958
4984
0
4519
5074
5538
4943
5024
0
5135
0
0
4943
0
4811
5024
0
4629
4943
4789
5074
4655
5451
0
4662
0
0
0
0
4627
4629
4984
5024
4525
0
4629
5024
5078
4627
4985
4984
4958
4655
5034
4958
4789
4711
4789
4914
0
0
0
4984
4914
5451
4689
4825
4958
4914
4984
4958
4984
0
4811
5074
4943
4789
4943
5024
6190
4665
4914
4472
4627
4984
5074
4836
4627
4958
4627
5034
4131
5060
4961
4958
0
5929
4627
4958
0
4880
5024
0
6190
4836
4997
0
5549
4943
0
5024
5549
0
4958
5549
4984
0
5024
4958
6313
0
4984
4943
5034
4811
0
4943
4984
4914
4825
0
5078
5579
4789
0
0
0
5454
5579
4627
0
5078
5454
5024
4472
4958
0
0
4914
0
4519
6190
4958
0
4629
0
5360
5352
5352
5326
5135
0
0
5024
5589
5296
5299
5326
5544
5767
5451
0
5454
5360
5352
5405
5135
5227
5739
5352
5929
5646
5327
0
5352
5352
5767
0
5157
5529
5302
0
5802
5929
0
5405
0
5818
5135
5171
5352
5352
5549
5549
5135
5227
0
5663
5360
5549
0
5802
5352
5538
0
5549
5080
5549
0
5352
5352
5352
5767
5454
0
5405
5663
0
5451
5767
5352
5929
0
5352
5579
5135
5724
0
5352
0
5646
5326
5135
0
5381
5405
0
0
5327
5421
5352
0
5356
0
5579
5352
5352
5403
5538
5549
5360
0
5227
5352
5544
5356
5579
5055
5352
5352
5419
5135
5549
0
5451
5327
5078
5352
5352
5135
5739
5227
5172
5649
5454
5308
5451
0
5549
5767
5549
5929
5352
5549
5087
0
5529
5451
5172
5227
0
5715
0
5352
0
5538
5352
5549
0
5266
5360
5893
0
5753
5421
5352
5326
0
5544
5739
5352
0
0
0
5024
5302
0
0
5538
5949
5544
5724
0
0
0
0
5802
5087
5451
0
5381
0
5356
5589
5302
5352
5326
0
5597
0
0
5352
5529
0
5529
5360
0
5739
0
5646
5356
5352
5544
5544
5405
5327
5538
5984
5549
5767
5544
0
5663
5080
0
5544
5356
0
5326
5649
5381
5421
5544
0
5326
5302
5549
5302
5172
5352
5024
0
5876
5549
5348
0
5538
5544
5589
0
5919
0
0
5135
5360
5549
5326
5902
5352
5405
5802
5327
5352
5529
5544
5549
0
5451
5352
5352
5326
5549
5544
0
0
5549
5739
0
5549
0
5767
0
5529
5549
0
0
5829
5802
5451
5487
5538
5352
5405
5381
5421
5829
5544
5227
5818
5538
0
5538
5829
5929
5356
5829
0
0
5646
5451
5549
4795
5135
5172
5544
5352
5352
5451
5403
5360
5405
5302
0
5544
0
5767
0
5767
0
5544
0
5538
5544
5352
0
0
5538
5327
5080
5352
5024
5544
0
5326
0
5451
0
0
0
5551
0
5549
5544
5544
5403
4997
5724
5767
0
5352
5529
5767
5544
5549
5589
5176
5715
5326
5538
5829
5172
5529
5403
5544
0
5579
0
5257
5529
0
0
5451
5538
5454
5352
5949
6938
5802
0
0
5302
0
5024
0
5549
5549
5352
6938
5949
5852
5237
5454
5549
5949
0
5399
5544
5283
5135
5135
5818
5538
0
5579
0
5544
5529
0
5538
0
5802
5352
5549
5544
5302
5080
5724
5544
5544
0
5549
5451
5902
5352
0
5549
0
5929
5024
5549
5538
5682
5544
5724
5352
5549
5135
0
0
5549
5352
5529
0
5538
0
5451
5579
4746
0
0
5538
5549
5352
0
5327
0
5929
5549
5405
0
5549
5549
5352
5544
0
5549
0
5352
5403
0
5929
5929
5356
5829
5767
5468
5135
0
0
5739
5352
0
5119
5549
0
5579
5172
5549
5893
0
0
5227
5549
5549
0
5538
5302
5356
5919
5919
5549
5589
5802
0
0
5352
0
0
5352
5405
5529
0
0
5352
5451
5738
0
5685
5625
5753
5690
0
5818
5739
3199
5817
0
5767
5767
5646
5724
3288
2976
5774
5620
0
5646
0
0
3277
0
5739
0
0
0
5685
0
0
3152
0
5753
5620
5829
0
0
2948
5283
0
3093
5405
5767
0
0
0
0
5805
3334
0
5753
5646
0
5829
5774
0
0
5818
5663
5682
0
5753
5738
5620
5818
0
5782
0
5715
5714
0
3382
0
5819
0
5682
5620
5753
5620
0
5747
5724
0
5753
5753
5638
5797
0
5753
5715
3391
5625
3025
5760
0
3156
5767
5818
5620
5685
0
0
5620
5663
5724
2976
0
0
5620
5760
5625
0
0
3156
5760
5724
5724
0
0
5739
5739
0
3268
5799
0
5405
0
0
0
0
5753
5818
0
5818
5620
0
0
5649
0
2928
5685
0
5685
5724
0
5818
5685
0
0
0
0
5802
5829
5663
3182
0
5774
0
5739
5760
5753
5724
5818
0
0
0
5829
0
2976
3193
5739
0
5649
0
5659
5767
5620
5720
0
0
5787
0
0
5724
0
5782
5172
5724
5739
5829
5620
5829
5760
0
0
5710
0
0
5685
0
5685
2976
0
0
5829
5729
0
5620
5753
5724
3391
0
0
0
0
0
0
0
2976
5724
5625
0
6938
5710
3391
5620
0
5739
5724
5818
5893
5929
5852
6898
5929
5984
6135
4948
5984
6898
6180
5852
5862
5930
5919
6014
5984
5929
5919
0
5949
5929
5451
5876
5945
5876
5956
5893
5926
0
5945
5930
6938
5945
6014
5902
6938
6011
5919
5984
5926
6011
5945
0
5893
5902
5956
5945
5919
8984
5862
5956
5862
5945
5929
6135
6011
6011
5902
5984
0
6706
5956
5945
5984
5902
5926
5930
6180
0
5949
6706
5984
5852
5862
6011
5902
5956
9108
5956
6192
5451
6127
5929
6011
5876
0
5862
5451
5956
5956
5930
5902
0
6050
6706
0
0
6011
5929
6706
5902
5876
6780
5876
5956
5929
5929
5956
6938
5949
5930
0
5902
6898
5930
0
6135
5930
5862
5984
5893
6640
0
5949
5945
5862
5984
6011
5956
5930
5930
5538
5902
5876
5919
5984
5919
6014
5930
6938
5984
5926
5929
5945
5929
6014
5930
5715
6706
6780
0
6127
5919
5862
5862
5876
6180
5956
5919
5862
5893
5876
5926
5956
5930
6714
5862
6192
6714
6011
5876
5956
5852
5956
5862
6014
6898
0
5919
5852
0
5956
5902
6706
5919
5949
5919
5876
5930
6714
5715
5956
6159
6083
6178
6180
6121
6192
6083
6435
5902
5902
4472
6050
6181
6180
6127
6192
6192
6014
4914
6513
6178
6050
6192
6192
0
6145
6180
6083
6145
6109
6109
6434
5902
6192
6180
6083
6173
6135
6435
6050
9328
6178
6178
6109
6178
6109
6145
6190
6109
9507
6083
4914
6083
6135
6145
6173
6192
0
6109
6121
5929
6178
6178
6157
6121
6050
6181
6109
6180
6173
6109
6157
9328
5902
6157
6180
6173
6434
6109
4472
6192
6159
6542
0
6190
6127
6192
5929
4948
6181
5902
6178
6180
6180
6573
0
6083
6145
6180
5902
6083
0
5902
6135
6083
6435
6181
5930
6178
0
6109
6573
6173
4472
9545
6145
6180
6181
6434
0
6083
4948
6083
6192
6181
6145
5929
6159
6573
5926
6157
0
6109
0
6434
6181
6500
6192
6173
6173
6083
6192
9507
6083
6192
4914
5852
0
4836
9545
5902
6192
0
6181
0
0
6083
6145
4789
4472
6145
4914
5926
4472
0
6180
0
6542
6192
6180
6109
6083
5902
6014
6181
6145
6180
6533
6482
6190
6083
4183
6313
6313
6228
4183
7560
4325
6292
6313
6228
6393
6304
6273
6304
6357
6386
6313
6304
6299
4183
1765
0
6304
6562
6417
6353
6304
6360
6304
4183
4183
6494
6304
6417
6562
6360
6292
6386
6393
6357
4058
3910
4058
6353
6273
7589
3910
4058
7589
6360
6357
7491
6353
6417
6228
6228
6313
6417
6228
6273
4058
6357
3928
1765
6313
7583
0
6407
6313
6407
6494
6304
6292
4183
6292
6393
6500
6292
6360
1765
3910
3928
6228
7560
6299
0
6513
4183
4472
6313
6386
6304
0
6228
6417
6360
6304
0
4183
6386
6386
6292
6360
6417
6292
6299
0
6273
6357
7560
7491
4472
3928
6513
6393
6313
7589
6393
6559
6393
6292
4183
6393
6360
6360
6299
6393
6292
6299
6393
6393
6083
7491
6304
6299
6407
6407
6360
6228
7589
6228
6360
6313
6353
6386
6313
0
6360
6273
6299
0
4183
6353
0
6228
6292
6386
6313
6228
6228
6304
6386
6299
7491
6407
6299
6313
6228
6360
7455
6360
6494
6357
4325
6304
6386
6494
6299
4058
0
6228
6513
6304
9489
6513
6393
0
7491
6353
6299
4058
6292
6313
4472
6357
7589
6437
6513
6304
6357
0
9544
4325
6228
6228
6386
6299
6292
6494
6353
0
6437
8227
6494
6559
6447
9545
9545
6533
6435
6573
6173
6482
9507
6434
6434
6228
0
0
6494
0
6500
7455
6353
6494
6159
6573
6173
6573
6494
0
6500
6533
6435
6145
6437
8227
6437
9507
6573
6533
6513
6173
6533
6494
6228
9328
6494
6513
6482
9544
6482
6494
6437
6533
9419
6482
6562
7505
9507
6482
6500
9507
6562
6353
0
9328
6135
6437
6447
6573
6500
6542
6533
6533
8227
6559
0
6559
6228
6562
6513
6573
0
6357
6559
6447
6573
6559
6447
6573
6533
9507
6513
6109
6533
0
6447
6573
6562
6109
6562
6494
6304
6482
8931
6533
6494
6513
6500
9328
6437
9544
6083
6482
6533
0
6228
6437
6559
6562
6083
6482
6447
6494
0
6494
6533
6562
6434
6573
6573
6573
6573
6494
6482
6533
6145
9507
6533
6562
6573
0
6494
6482
0
6357
6562
6228
6494
6083
6559
6573
6500
6173
6573
0
8984
6682
6691
6714
6714
6714
6648
6714
6640
6935
6589
6708
5945
6815
6682
0
6682
6648
6589
6682
6708
6691
6679
6640
6691
6589
6648
6782
6708
6679
6706
6706
6708
6640
6708
6782
6706
5945
9025
9025
8871
6640
6632
6855
5930
6708
6648
6714
9025
6682
6855
6632
6648
6679
9075
6648
8871
5930
0
9108
6648
6898
6632
9075
6679
6691
0
6640
6708
6714
6691
6815
6898
6708
0
6780
9108
9108
5862
6857
6648
5862
6682
6691
9096
5862
6632
6640
9025
9025
6679
6708
6706
6648
9392
6648
6898
6648
9392
6589
6898
6682
6714
6632
6708
0
6706
6679
0
6815
6898
9025
6780
8871
8931
6714
9025
0
5862
6708
6815
6708
6899
6682
6958
6640
9108
6714
6691
9108
6898
9025
0
9025
0
6714
5930
6682
6640
6682
0
6589
6855
6648
6691
6714
9025
6682
6958
6708
5984
6706
6714
9108
6782
6682
6691
6780
6782
6780
6857
6857
6815
6855
6958
6923
6958
6901
3288
6911
6815
6682
6958
6785
6901
6863
6857
6901
6890
6782
6958
7054
6863
6780
6780
6923
6911
6901
6898
6899
6923
6855
6958
6899
6923
6648
6935
6901
6938
3090
7164
3323
6899
6857
6911
6863
0
7094
0
6958
6958
0
6923
6899
6870
3323
6855
6855
6935
6958
6935
6863
6923
6911
6780
6923
5818
6923
6958
6780
6855
6923
6935
7054
6958
6870
6898
7054
6863
6780
3090
0
6857
6870
6782
6898
3006
6898
3090
6706
6870
3323
6780
6901
6958
6780
9096
7164
3090
6958
6855
6890
6780
6870
6890
6958
6785
6958
6935
6935
6911
6785
6863
6923
6923
6958
6898
6935
6855
6857
6958
0
6870
0
6911
3323
3288
6863
7094
0
6958
6855
6911
6923
6911
6923
0
6911
6958
6938
7181
3006
7069
6780
6855
6901
6923
6782
6911
6857
6780
6901
6870
6863
6901
6923
0
6911
7094
6923
6923
6958
6855
6958
0
0
6857
0
6958
7094
7164
6780
7054
3090
6923
6855
6863
0
6863
6780
6815
6780
6782
6958
3323
6958
6870
6857
5818
0
6780
9096
6870
6855
3090
6780
6898
6863
6958
6780
6782
0
6782
6923
0
6863
3006
3323
9096
7054
6863
6958
6855
6682
7285
6911
6780
6857
2727
6863
6706
6870
6863
6898
0
6923
6990
3323
3323
6870
6589
6911
6855
6923
6857
6870
5818
7218
7094
7299
6987
6987
7194
7194
6987
6990
6782
7164
7270
6890
7218
6785
7073
0
7069
7054
0
7208
7270
7094
7054
7181
7069
7194
7208
7069
6987
6990
7091
7054
7094
7194
7054
7164
7208
7208
7164
7145
7181
9139
7094
7054
7094
7073
6987
6987
7091
2732
6863
9096
7285
7091
7181
7194
7091
6782
7194
7073
7285
7270
7094
7194
7073
6990
7164
7054
7181
7054
7270
7164
7054
6987
2442
7181
6987
7054
7145
7194
7054
7054
0
7181
7054
7181
7145
7094
7069
7270
7073
7145
7069
6863
7094
7073
6911
0
7181
7164
6987
0
6987
2732
2600
6870
7298
6987
6990
2732
6870
6990
7194
6901
7069
7073
7054
2732
7299
0
7285
8073
0
7270
9139
7194
7181
7073
6990
7091
7094
2727
7218
7091
6990
7181
7094
6911
7054
2600
7181
7069
7069
7285
7181
6987
7194
6870
7194
7091
7094
6990
6990
7091
7094
6990
7054
6987
7181
7164
7069
7319
6987
7054
7069
7270
3006
6923
7094
6923
7181
7181
7094
0
6682
7091
7091
6987
7181
7181
7194
6935
7208
7164
6990
7194
7145
7208
7094
7054
7094
6990
0
2600
6870
2732
7194
7073
6987
7054
7094
7091
6987
7270
7208
7181
7208
7094
7194
0
7054
222
518
7073
6857
7069
6911
6870
7164
7181
7194
7194
0
6987
7285
0
7091
7069
7091
518
7094
7094
6870
7270
7299
7208
0
7285
7295
7282
7968
8770
7299
7319
8011
7282
0
7218
7298
7299
7295
7299
7282
7218
7218
7788
7285
7295
7285
7208
7282
7298
8063
7956
7319
7299
7270
7270
7788
7208
7299
7299
7299
7968
7285
7218
7218
7270
7208
7282
7218
7282
7319
7956
7922
8701
7299
7319
7282
8525
7270
7298
7298
7299
7270
8555
8525
7218
0
8097
7218
7299
8063
7295
8770
8544
7299
8525
7968
7270
0
7298
7270
0
7094
8525
8011
7282
7282
7319
8097
8544
7299
0
8063
7218
0
0
7145
8525
7270
7145
7218
7285
7788
8097
8054
7282
8063
7218
7073
7282
8011
8073
7282
8701
7270
0
7181
8011
8011
7427
7847
7847
7630
7427
7393
7847
7427
7630
7393
7368
8323
7428
7343
7368
7343
7343
8323
7857
8323
0
7428
7368
7797
7393
7429
7368
7393
7359
7359
7428
7840
7368
7359
7427
7428
0
7359
7368
7428
7368
8189
7840
7393
7359
0
7368
7448
7368
7359
7429
8390
7429
7797
7758
7455
7393
7393
7368
7968
7429
7393
7427
7368
7368
7393
7359
7359
7505
7857
0
7455
7427
7455
7797
7359
7428
7429
7505
7359
7624
7429
7821
7790
7505
7368
8189
7831
7630
7448
7393
7343
8356
7611
7429
7808
7448
7368
7518
7427
7847
8189
7808
7455
0
0
0
7455
7427
7427
7428
8413
7505
7429
7393
7429
7368
7758
7758
7393
7505
7807
7797
7679
7368
0
7429
8323
7518
9340
8189
7393
0
7589
6437
7632
7471
7589
7750
7589
6559
7624
7505
7518
7611
6417
7797
7471
0
7611
7491
7637
7611
7343
7448
7491
1681
1681
7560
7505
7471
7518
7518
7471
7630
7518
7359
7624
0
6386
7632
6357
7630
7637
7589
7589
7448
7560
1681
7505
7491
7583
0
7589
7840
7448
7637
7560
7630
7624
7343
1681
7471
6407
7623
0
7611
7359
7518
7589
7527
7560
7455
7611
0
6357
7624
6417
7630
1681
6386
7583
7632
7623
7505
7518
7583
7611
7491
7471
7471
7505
6357
7471
7505
7637
7491
6407
7560
7471
7491
7630
7560
7630
7359
7637
7359
0
7505
7630
7637
7611
7471
7632
1817
7560
7632
6357
7637
7750
7840
7611
6407
7583
6357
7560
7637
7518
7840
7505
0
7471
7471
1681
7589
7840
0
7630
7637
7589
7518
7583
7368
7632
7611
6360
7611
7630
7632
7624
7448
7611
7632
6360
7632
7611
7560
7359
0
7624
7611
1643
7560
6559
7611
7611
7560
7589
7611
7637
0
0
6417
1681
7630
7583
6417
0
7624
0
7491
7368
7624
7455
0
7589
6360
7471
7611
7589
7448
1643
7359
7624
7560
7611
7589
7393
7583
7841
7840
7857
1194
7857
7703
7790
7825
7805
8555
7821
7841
7807
7679
7758
7783
7788
7841
7728
7790
7831
7679
7807
7699
7758
7841
7758
0
7857
7805
7797
7857
8048
7699
7703
7679
7847
7767
7831
8048
7808
7790
7728
7758
7821
7831
7831
0
7847
8009
7427
0
7767
7847
7703
7831
7825
7797
7847
7821
7750
8048
7767
7857
8037
7831
7750
7847
7821
7790
7448
7857
8048
7840
7783
7831
0
7841
7840
7427
7857
7728
7805
7831
7857
7728
7758
7797
7448
7767
7750
8555
7703
7767
7699
7679
7758
7841
0
8045
7758
7790
7699
7758
7825
7857
0
7807
7807
7427
7783
7703
7797
8037
8016
0
7831
8555
8048
7805
7805
7767
7821
7840
7968
7767
7847
7783
7808
7841
7699
0
7783
8048
7825
8016
0
7703
0
8555
7728
7831
7805
7699
7758
0
7821
8189
765
8016
7790
8048
765
0
7783
0
0
7831
7840
7699
7767
8054
7825
7847
7788
7788
7797
7805
7922
0
7857
7831
8009
0
7841
7857
7758
7783
7857
0
7699
7758
8037
7857
7679
7825
7857
7857
0
0
7699
7857
7797
7840
7703
0
7790
7703
7703
7767
7632
7790
7825
7758
7703
0
7857
7922
8045
7767
7758
7825
7703
7790
7699
7807
7807
7847
7857
7831
7750
7703
7831
7758
7790
7807
7968
7145
7956
8555
8063
7699
8016
8048
7968
8087
8048
7145
8054
8037
8087
7270
7831
8011
7922
8054
7956
7922
8011
8016
8016
7929
7922
8011
7922
8037
8054
7929
7922
7922
7929
8087
8073
8054
8073
7145
7922
8054
8037
8016
0
8770
8054
8011
7929
8045
8016
0
7145
7145
8073
8016
8073
8009
518
7145
7929
8097
7922
8011
8016
8037
7270
7922
7831
7922
7922
702
8009
7956
8045
8073
8037
8048
0
8009
7145
8097
7282
7270
8087
8087
1218
8054
8045
8009
0
7145
8009
8011
7270
7929
7699
8048
8063
8016
8011
7929
7699
605
7922
8054
7968
8073
7929
8054
702
7929
8016
8087
7922
8009
7929
8048
7145
232
8087
7728
8048
7922
605
8054
8009
8037
7956
8087
8009
0
8097
0
7956
8037
8037
7956
0
7922
7968
8009
8016
8009
702
8555
7270
8087
7821
8555
7270
7145
7968
8087
7922
7929
8097
7831
8048
0
7929
7197
7767
8073
7929
8045
7929
0
8073
8048
0
8048
8037
8048
8045
8045
0
7956
8009
7807
8054
7929
8009
8037
7922
0
7968
8045
7699
702
7956
8097
7929
7821
8045
0
8011
8087
8037
7922
7788
8063
8054
7831
8016
7145
638
8073
7145
0
8063
7922
7831
7956
7929
7821
8016
8037
8555
0
8037
7929
8048
7922
8097
702
7699
8073
7270
8037
8037
8009
7270
7299
518
7194
8391
8391
8448
8209
8391
8356
8344
9340
8356
8136
8526
8781
8388
8390
8278
9986
8382
8390
8390
8555
8150
8448
0
8150
9341
8295
9341
8414
8526
8209
8382
7728
8382
8367
8382
8356
0
8344
8347
9489
8227
9185
8336
8420
8136
0
8416
8391
8347
8382
8244
8382
8227
8345
8344
8448
8448
9341
8159
8251
8209
8345
8374
8367
8580
8136
8716
8336
8209
8278
8411
8797
8555
8388
8406
0
8244
0
9489
8159
8323
8374
8281
8363
8191
8150
8356
8136
8251
8777
8800
8345
8390
8358
8391
0
8406
8281
8358
7808
8251
7788
8278
8413
8336
8420
8189
8367
8413
8159
8382
8136
8420
0
8356
8356
8323
8414
8358
8448
8413
8363
8391
8382
8209
8390
8500
8448
9315
8390
0
8374
8382
9489
8278
9185
8391
0
8356
8244
8150
8358
8344
8420
8309
8448
8367
8420
9489
8363
8448
8295
7393
9340
8323
8209
8797
8309
8281
8295
8295
9340
8406
8209
0
8295
8420
0
7728
9544
8382
8413
8344
8347
8281
9185
9340
8281
7808
8191
8150
0
8281
8406
8448
8159
9979
8448
8448
8344
8414
8159
8382
8411
9341
0
8281
8413
8323
8191
8797
7455
8390
9185
8797
8797
8323
7788
8448
0
8251
8209
8136
8344
8281
8209
9185
8413
9489
7808
8309
8382
0
8555
8448
8420
8388
9360
8295
8413
0
0
8406
0
8706
9341
7429
8309
7788
8413
8406
8136
0
8391
0
8345
8411
9185
8344
0
7429
8406
8191
0
9185
7455
9360
8413
9979
7393
0
8209
8281
8295
8448
8414
8323
8309
0
9544
9980
7368
8390
8344
0
7788
0
0
8281
8414
9185
8391
8209
8382
8244
8406
8281
8413
8227
8344
8388
8406
0
8336
8411
8770
8189
0
8447
0
0
8382
0
8358
9185
7808
0
9955
9544
8356
8323
8363
8336
8209
9420
8716
8512
8448
8414
8244
9340
7455
8414
8447
7808
8189
8189
7788
9185
8244
8278
8356
8136
0
0
8281
8136
9600
8526
9489
8411
9467
8278
8555
8797
9052
9775
8782
7319
8512
8797
8500
8643
8620
8580
8770
8965
8550
8680
8588
7319
8500
8623
8751
8295
8643
8750
7808
0
9826
8295
8954
8799
7285
8787
8554
8782
9826
8540
8728
8525
8787
8512
8787
8770
6890
0
9861
8500
8554
8540
8992
8623
8525
8512
8544
8555
8836
0
8781
8889
8722
8643
8716
9865
8554
8728
8643
8580
8797
9106
0
0
8634
8550
8770
8550
8623
9087
8667
8770
8623
8540
7073
8345
8620
0
8555
8743
8716
0
7807
8063
8701
7285
9096
0
8643
8544
7073
0
0
8623
8345
8653
6890
7788
8345
8580
7285
8701
8805
7808
8482
8788
8992
8667
8680
8799
7285
8782
8482
9106
8770
8954
6785
0
7285
8799
7808
9096
8643
8643
9096
0
8680
8797
8512
7319
8954
8526
8045
8525
8750
8643
8770
7968
8992
8992
8525
8634
8799
8544
9139
8797
8781
7282
8295
8716
6890
8992
8634
9059
8525
8799
8788
0
8588
8540
0
8787
7968
9164
8588
9164
8500
8751
7788
8751
8777
0
9106
8777
7319
8554
8716
8751
8667
8692
0
8643
8045
8799
8716
7073
9862
8750
8623
8544
0
8797
8797
8750
8782
8382
9826
7728
8500
9775
8512
8525
8777
8512
0
8805
8653
8580
8743
8420
8555
8728
9826
8871
8500
9072
9096
0
8743
8623
8992
9096
8797
8555
8743
8743
7728
7788
8751
0
8653
9980
8716
8722
8799
8788
8701
8706
0
8667
8588
8992
8391
0
8799
7285
8770
8799
8836
8692
8751
9829
8728
0
8770
8716
9087
8500
8782
0
8554
8544
8555
8706
8751
0
8667
8797
9784
7788
8788
8623
8544
8777
8544
9139
8295
8420
8701
8992
0
8526
8722
8634
8777
8623
9833
0
0
7285
7728
8743
8554
7968
7218
8781
8063
7968
8588
8701
8788
8770
8580
8799
8805
7319
8788
0
7319
8706
8550
8770
8544
9856
0
8544
8643
9164
0
0
8667
8797
9775
8667
0
0
8836
8751
8799
8634
6899
8797
8191
8750
0
9106
0
0
8805
8782
8555
8643
0
9021
9164
9691
8989
8540
9106
8984
9521
9052
9052
9108
9092
8999
9021
8805
9509
8992
8588
9523
9155
8836
9108
0
9059
8836
9136
9108
9023
9113
8931
0
9091
9113
8828
8965
9053
9021
8999
6714
9023
6050
8999
8871
9023
8992
9023
9113
8857
9043
8828
9023
0
9164
6648
9113
9092
8836
8961
8871
9096
9523
9075
8828
8961
8907
0
9023
9372
8912
9155
8916
9072
9023
8954
9155
8961
9139
9096
9113
9096
8889
8889
8871
0
9139
9160
9139
9691
8916
9043
9052
8540
9523
6679
9087
9096
9725
9052
9023
9096
8992
0
8916
9113
9052
9149
0
9099
8588
9097
0
9042
9075
9113
9021
8680
9155
9052
6050
9507
8889
8588
9521
9529
9087
0
9021
8984
9372
9113
9059
9106
6899
9691
8931
9507
9052
8954
8907
9042
9099
8954
6648
9160
9160
9164
8889
6899
0
9097
9133
9052
9113
9021
8984
0
9053
6679
9056
0
8999
8916
9023
8992
9092
8623
9365
9155
8836
8931
8836
8836
9113
9113
9303
9113
8871
9025
0
6679
8984
8992
9023
0
8871
8992
0
9136
9136
9053
8828
9067
8836
0
9028
9092
8989
8984
6632
9021
9043
9160
6648
9028
9056
9133
9521
9042
6714
9139
8989
9067
8889
9053
9075
0
9139
0
9096
0
9164
9392
0
9725
8667
9113
8836
8992
9021
9139
8836
9056
9106
9155
9521
8999
0
0
9133
9106
9053
8871
9092
9365
8999
8984
0
0
8907
9021
0
8984
9056
0
9023
8836
9372
8961
9523
9056
9133
0
8871
8984
8540
9099
0
9155
9149
0
6890
9072
9087
9092
9139
8912
9164
8857
9139
8871
8907
0
9164
9052
9099
0
0
8907
8961
9021
0
0
8871
0
9364
9392
8989
9155
8836
9160
0
9043
0
9056
9523
9097
8912
0
8907
8992
8889
8889
8984
8912
9099
9160
9214
8992
8912
8954
9155
9529
9043
9155
9155
8961
6890
0
9043
8961
0
8836
8836
0
9053
9075
8954
8984
8912
9160
8554
8907
9687
0
9136
8931
9113
8916
8805
0
9072
9087
9106
9097
0
8857
8954
8805
0
9691
8722
8931
9072
9164
6648
9021
9099
9043
9385
9365
9252
9514
9252
9331
9365
0
9365
9509
9181
0
9355
9420
9472
9331
9133
9467
9319
9249
9467
9181
9028
9523
9505
9364
9489
9372
9509
9372
9225
9340
9545
6559
9385
9340
9472
9523
9214
9225
0
9225
6135
9489
6542
9509
9303
9303
9350
9420
9319
0
9419
9249
9523
9043
9531
9252
8150
6542
9350
6447
9149
9365
9514
9340
9328
9181
9364
8150
9185
9529
9315
9341
6180
0
8367
9467
0
9376
9523
8984
9136
9340
9149
9505
8912
9252
6542
9523
9365
8363
9249
9364
9113
9521
9133
9331
9419
9544
8931
9340
9509
9225
9531
9303
9364
9331
9467
9360
6447
9407
9523
9185
9331
9514
8227
9523
9509
9303
6559
9328
9505
9023
9521
9360
9249
9365
9328
0
9319
9392
9531
9149
9505
9136
9521
9319
9252
9225
9185
0
9181
9319
6434
0
8150
9113
9529
9521
8227
9365
9521
9407
0
8150
9331
0
9249
8150
9376
9376
9249
9505
9489
9372
0
0
8209
8356
9328
9364
9319
6447
9365
8999
0
8150
9249
9472
6542
0
9364
9113
9467
8356
0
9472
9133
9113
0
0
9214
9472
9341
9341
9059
9225
0
9185
9252
9149
0
9545
9249
9249
9419
9350
9364
9355
9509
0
9529
8961
9545
9331
9319
9509
0
9364
9340
8159
9544
9364
9364
9249
9365
9392
9136
9376
9419
8227
9489
0
9364
9489
9472
9149
9507
6559
9365
9529
9505
9514
9545
0
0
9521
9489
9303
6437
9365
9419
9025
9376
9252
9376
9647
9365
9372
9249
8374
9529
9364
9523
9340
9350
9364
9507
6632
9181
8961
8209
9360
9521
9365
9136
6562
9043
9185
8150
9214
9505
9365
9509
9303
9108
6573
9545
9214
9225
9136
9319
0
9023
9472
9509
9376
0
9376
8388
9521
9303
9319
9545
9319
9392
9514
9214
6050
9303
6542
6513
9225
9303
0
9523
8374
9521
9514
9364
8209
8931
8931
8150
9376
9341
9319
9181
9419
9376
0
9149
0
9303
0
9509
9149
9467
8374
0
9420
9136
9113
8931
6562
9372
0
9392
0
9365
9472
6050
9225
9385
0
9319
0
9509
9303
9328
9376
9364
9419
9365
9385
9364
8912
5930
9225
0
0
9509
9514
9521
9214
9523
6482
8150
0
9622
9924
9945
0
9626
9587
9718
9626
9350
9925
9531
9610
9655
9385
9719
9719
9718
0
0
0
9718
9932
0
9730
9905
9634
9744
0
0
9587
9622
9407
0
0
0
0
9587
9687
9963
9893
9945
0
9606
9634
9982
9914
0
9918
9939
9674
0
9612
0
9604
0
9571
0
9661
0
0
8965
0
9622
0
0
0
9817
9420
0
9615
9996
9647
0
9618
9608
9587
9600
9612
0
9612
0
9531
0
9981
9730
9600
0
0
9360
9937
0
9641
8965
0
0
8965
9688
9632
9810
0
9087
0
0
9644
0
8857
9576
0
9725
0
0
8857
9647
9587
9826
9741
9699
9721
9851
0
0
0
9595
0
9682
9718
0
9861
0
0
9733
0
0
0
0
9691
9725
0
9851
9849
0
0
0
9664
0
0
9587
9677
9653
9686
9707
0
0
0
9726
9059
9840
0
0
0
0
9815
0
9718
0
0
9775
0
9810
9787
0
0
0
9741
9699
9091
0
9862
0
0
9996
9744
9747
9775
9586
9097
9641
0
9725
9730
0
9059
8965
0
9713
0
9826
0
8706
0
9795
9655
9784
9862
9861
8800
9896
0
9849
9861
9849
9893
9840
0
9978
8620
9804
0
9641
9553
8706
0
9922
9939
9784
9973
9849
9815
8777
9979
0
9589
9817
0
9925
9862
9992
9826
9862
9849
9983
0
9840
9865
9976
0
9826
9795
0
0
0
9799
9677
9944
9849
9884
0
0
9713
8620
9845
0
9799
0
9941
9833
9795
9845
8706
9990
0
9883
0
9997
9840
0
9856
9996
9851
0
9829
9686
0
0
9893
9862
0
9996
9753
9856
0
0
9954
9799
9884
0
9826
0
9696
9815
9803
0
0
9713
9888
9826
9856
0
0
9884
9922
0
9844
9775
9694
9955
0
0
9817
9988
0
9849
9992
9713
9833
0
0
9824
9865
0
0
8388
9856
9953
0
9945
8159
9986
9992
0
9802
0
0
9973
0
9980
9932
9945
9810
9980
9856
0
8388
9979
9608
8406
9951
9986
9983
0
0
9990
9647
9996
0
9608
0
9799
0
9979
0
0
9962
8447
8244
8159
8388
9922
0
9879
9976
9988
8800
0
9962
0
9963
0
0
9982
0
0
0
9951
9978
9973
9945
0
9973
0
0
0
9986
9973
9829
9979
9976
9996
0
0
9941
9970
9622
9571
9784
9986
0
9634
9955
0
9626
9980
0
9976
0
0
0
0
0
0
9963
9953
0
9888
0
9844
0
0
0
9571
9980
9976
0
0
8800
9896
