-0.30100000  -0.38780000  -1.25000000  0.00507725  0  0  0 0  0.00000000  0.00000000  0.00000000  -1.00000000  0  0  44.610903
-0.27530000  -0.38210000  -1.25000000  0.00491552  0  0  0 1  0.04924774  0.82780325  0.00294099  -1.00000000  0  11  36.159852
-0.28580000  -0.39770000  -1.22440000  0.00454212  0  0  0 1  0.05098794  0.88447467  0.00357055  -1.00000000  0  5  77.123917
-0.26060000  -0.42470000  -1.24560000  0.00467738  0  0  0 0  0.00000000  0.00000000  0.00000000  -1.00000000  0  0  40.552496
-0.29590000  -0.39700000  -1.23800000  0.00466900  0  0  0 0  0.00000000  0.00000000  0.00000000  -1.00000000  0  0  66.049584
-0.26800000  -0.39490000  -1.19320000  0.00460918  0  0  0 2  0.06935344  0.32907379  0.00268129  0.00000000  1  14  90.819619
-0.29650000  -0.39820000  -1.24110000  0.00474407  0  0  0 0  0.00000000  0.00000000  0.00000000  -1.00000000  0  0  60.953037
-0.26040000  -0.41770000  -1.25000000  0.00520362  0  0  0 0  0.00000000  0.00000000  0.00000000  -1.00000000  0  0  31.140921
-0.25090000  -0.41880000  -1.22040000  0.00422450  0  0  0 0  0.00000000  0.00000000  0.00000000  -1.00000000  0  0  73.599468
-0.27970000  -0.39100000  -1.20180000  0.00450101  0  0  0 1  0.08082234  0.36385482  0.00228145  -1.00000000  0  27  87.967694
-0.29510000  -0.39010000  -1.22280000  0.00458796  0  0  0 0  0.00000000  0.00000000  0.00000000  -1.00000000  0  0  73.545135
-0.31470000  -0.37820000  -1.25000000  0.00492064  0  0  0 0  0.00000000  0.00000000  0.00000000  -1.00000000  0  0  52.494423
-0.28490000  -0.39760000  -1.22290000  0.00454212  0  0  0 1  0.12499304  0.43130361  0.00491611  -1.00000000  0  48  77.123917
-0.28060000  -0.37360000  -1.16820000  0.00645932  0  0  0 2  0.05631678  0.17198537  0.00403505  0.00000000  1  11  102.032590
-0.20710000  -0.44120000  -1.21850000  0.00432055  0  0  0 0  0.00000000  0.00000000  0.00000000  -1.00000000  0  0  85.793689
-0.17690000  -0.46350000  -1.25000000  0.00454520  0  0  0 0  0.00000000  0.00000000  0.00000000  -1.00000000  0  0  51.915621
-0.12900000  -0.45930000  -1.19260000  0.00790350  0  0  0 1  0.08260424  0.19359335  0.00293314  -1.00000000  0  38  102.174838
-0.19050000  -0.45740000  -1.23880000  0.00466499  0  0  0 0  0.00000000  0.00000000  0.00000000  -1.00000000  0  0  62.928595
-0.16750000  -0.44880000  -1.25000000  0.00465474  0  0  0 1  0.14736570  0.31779634  0.00446649  -1.00000000  0  74  32.340848
-0.21550000  -0.40270000  -1.25000000  0.00678348  0  0  0 2  0.09775173  0.51388339  0.00289408  0.00000000  1  37  12.481867
-0.18560000  -0.39480000  -1.25000000  0.00737186  0  0  0 8  0.08644866  0.11885032  0.00273826  0.03275116  2  23  9.211287
-0.20130000  -0.43340000  -1.25000000  0.00494799  0  0  0 0  0.00000000  0.00000000  0.00000000  -1.00000000  0  0  20.547570
-0.17940000  -0.45440000  -1.22150000  0.00475413  0  0  0 0  0.00000000  0.00000000  0.00000000  -1.00000000  0  0  87.292545
-0.22570000  -0.42760000  -1.20860000  0.00475591  0  0  0 2  0.12328832  0.26537918  0.00426206  -0.00000000  1  57  88.042569
-0.14740000  -0.42490000  -1.25000000  0.00513965  0  0  0 1  0.09237667  0.14692223  0.00312797  -1.00000000  0  31  14.899868
-0.21400000  -0.44430000  -1.23290000  0.00437358  0  0  0 0  0.00000000  0.00000000  0.00000000  -1.00000000  0  0  67.487272
-0.12620000  -0.46750000  -1.25000000  0.00491793  0  0  0 0  0.00000000  0.00000000  0.00000000  -1.00000000  0  0  48.832483
-0.22610000  -0.43030000  -1.25000000  0.00529624  0  0  0 0  0.00000000  0.00000000  0.00000000  -1.00000000  0  0  30.038632
-0.12960000  -0.48220000  -1.24820000  0.00528193  0  0  0 0  0.00000000  0.00000000  0.00000000  -1.00000000  0  0  67.535256
-0.16100000  -0.43970000  -1.17060000  0.00732536  0  0  0 3  0.08580781  0.16651871  0.00286333  0.04232697  2  30  104.065814
-0.16110000  -0.43130000  -1.25000000  0.00512200  0  0  0 2  0.16719354  0.39422714  0.00289967  0.00000000  1  88  19.601141
-0.13560000  -0.45310000  -1.18240000  0.00710576  0  0  0 1  0.07282108  0.15751923  0.00147791  -1.00000000  0  27  100.915655
-0.21140000  -0.45180000  -1.24700000  0.00450818  0  0  0 1  0.13520433  0.67548931  0.00369966  -1.00000000  0  57  58.404646
-0.14560000  -0.44500000  -1.25000000  0.00458217  0  0  0 1  0.13148848  0.18174130  0.00223187  -1.00000000  0  64  28.561938
-0.22970000  -0.41090000  -1.17690000  0.00539223  0  0  0 1  0.11710670  0.15151995  0.00130925  -1.00000000  0  61  98.306510
-0.01590000  -0.42670000  -1.25000000  0.00518442  0  0  0 1  0.09233006  0.12871124  0.00204012  -1.00000000  0  24  13.561035
-0.10670000  -0.43650000  -1.25000000  0.00476347  0  0  0 4  0.18655297  0.22604519  0.00330301  0.00013044  1  103  25.273525
-0.06430000  -0.48790000  -1.25000000  0.00447934  0  0  0 0  0.00000000  0.00000000  0.00000000  -1.00000000  0  0  59.773487
-0.06070000  -0.47810000  -1.25000000  0.00431750  0  0  0 0  0.00000000  0.00000000  0.00000000  -1.00000000  0  0  40.690353
-0.11080000  -0.47140000  -1.21060000  0.00665495  0  0  0 2  0.08723870  0.18514611  0.00153208  0.00000000  1  39  100.448047
-0.11440000  -0.44170000  -1.25000000  0.00483977  0  0  0 1  0.12826554  0.17560764  0.00195918  -1.00000000  0  62  26.690678
-0.04440000  -0.48650000  -1.25000000  0.00457858  0  0  0 1  0.04501311  0.77310504  0.00231276  -1.00000000  0  3  61.650003
-0.02930000  -0.49860000  -1.24880000  0.00448362  0  0  0 1  0.08498212  0.71795947  0.00358921  -1.00000000  0  22  63.791094
-0.01590000  -0.49100000  -1.22820000  0.00432176  0  0  0 1  0.04354412  1.11160610  0.00240537  -1.00000000  0  1  85.529956
-0.06760000  -0.47680000  -1.25000000  0.00444052  0  0  0 1  0.14549735  0.38473157  0.00377365  -1.00000000  0  67  30.074942
-0.04080000  -0.49580000  -1.25000000  0.00457858  0  0  0 0  0.00000000  0.00000000  0.00000000  -1.00000000  0  0  61.650003
-0.10690000  -0.45460000  -1.25000000  0.00473377  0  0  0 1  0.12893196  0.30791511  0.00264974  -1.00000000  0  61  30.461239
-0.05250000  -0.41240000  -1.25000000  0.00630187  0  0  0 4  0.20372396  0.21775612  0.00305002  0.00027933  1  111  10.096177
-0.02680000  -0.49260000  -1.23330000  0.00436121  0  0  0 2  0.11618064  0.46305139  0.00378072  0.00000000  1  48  84.264044
-0.04720000  -0.48380000  -1.25000000  0.00448171  0  0  0 0  0.00000000  0.00000000  0.00000000  -1.00000000  0  0  38.655870
-0.11760000  -0.48400000  -1.25000000  0.00535174  0  0  0 0  0.00000000  0.00000000  0.00000000  -1.00000000  0  0  65.558282
-0.07270000  -0.49210000  -1.24370000  0.00449866  0  0  0 1  0.13492865  0.66261773  0.00272108  -1.00000000  0  57  88.586275
-0.10700000  -0.46570000  -1.25000000  0.00483190  0  0  0 2  0.13680884  0.58286930  0.00245057  0.00000000  1  63  42.488856
-0.11280000  -0.47300000  -1.25000000  0.00502836  0  0  0 3  0.08866369  0.79644323  0.00227049  0.00064354  1  25  52.976674
-0.00140000  -0.47810000  -1.19520000  0.00507690  0  0  0 1  0.09235600  0.24397320  0.00230223  -1.00000000  0  35  96.869997
-0.07930000  -0.49050000  -1.25000000  0.00416328  0  0  0 0  0.00000000  0.00000000  0.00000000  -1.00000000  0  0  69.017492
-0.07210000  -0.46040000  -1.16510000  0.05874562  0  0  0 36  0.22148693  0.07741683  0.00188868  0.17434982  2  115  111.888147
-0.03830000  -0.46260000  -1.25000000  0.00424201  0  0  0 0  0.00000000  0.00000000  0.00000000  -1.00000000  0  0  36.797837
0.06670000  -0.46080000  -1.25000000  0.00381130  0  0  0 0  0.00000000  0.00000000  0.00000000  -1.00000000  0  0  45.012172
0.05080000  -0.48630000  -1.22230000  0.00374469  0  0  0 0  0.00000000  0.00000000  0.00000000  -1.00000000  0  0  77.440298
0.12450000  -0.47440000  -1.22610000  0.00525098  0  0  0 0  0.00000000  0.00000000  0.00000000  -1.00000000  0  0  88.829577
0.01190000  -0.48270000  -1.20700000  0.00451794  0  0  0 1  0.16861592  0.28489759  0.00443505  -1.00000000  0  96  90.477525
0.09350000  -0.46730000  -1.25000000  0.00385150  0  0  0 0  0.00000000  0.00000000  0.00000000  -1.00000000  0  0  43.607803
0.08010000  -0.44860000  -1.25000000  0.00396343  0  0  0 0  0.00000000  0.00000000  0.00000000  -1.00000000  0  0  29.333504
0.10690000  -0.44450000  -1.25000000  0.00387646  0  0  0 1  0.05914254  0.97467864  0.00349797  -1.00000000  0  5  25.890095
0.08970000  -0.44820000  -1.25000000  0.00392017  0  0  0 0  0.00000000  0.00000000  0.00000000  -1.00000000  0  0  27.194130
0.01660000  -0.48250000  -1.20690000  0.00422375  0  0  0 0  0.00000000  0.00000000  0.00000000  -1.00000000  0  0  89.089109
0.12910000  -0.45800000  -1.25000000  0.00385996  0  0  0 0  0.00000000  0.00000000  0.00000000  -1.00000000  0  0  59.254434
0.03000000  -0.46460000  -1.16400000  0.00830120  0  0  0 5  0.08436788  0.14017546  0.00179275  0.06667602  2  20  105.359400
0.04700000  -0.47200000  -1.25000000  0.00425802  0  0  0 1  0.08915885  1.02262304  0.00258418  -1.00000000  0  16  26.865890
0.06030000  -0.49480000  -1.24610000  0.00400319  0  0  0 0  0.00000000  0.00000000  0.00000000  -1.00000000  0  0  61.585511
0.00850000  -0.47780000  -1.19470000  0.00499677  0  0  0 1  0.06972532  0.25571437  0.00111272  -1.00000000  0  18  94.951916
0.07110000  -0.48590000  -1.25000000  0.00383134  0  0  0 0  0.00000000  0.00000000  0.00000000  -1.00000000  0  0  52.135608
0.06320000  -0.43740000  -1.25000000  0.00432920  0  0  0 1  0.11412997  0.23117315  0.00222708  -1.00000000  0  34  21.864717
0.06620000  -0.49020000  -1.23660000  0.00376511  0  0  0 0  0.00000000  0.00000000  0.00000000  -1.00000000  0  0  55.888952
0.06180000  -0.40580000  -1.25000000  0.00841453  0  0  0 9  0.11770017  0.10775678  0.00278704  0.04285592  2  23  6.211505
0.18810000  -0.44710000  -1.21260000  0.00452950  0  0  0 0  0.00000000  0.00000000  0.00000000  -1.00000000  0  0  90.031072
0.25530000  -0.42460000  -1.23870000  0.00398462  0  0  0 0  0.00000000  0.00000000  0.00000000  -1.00000000  0  0  48.281059
0.17660000  -0.42370000  -1.25000000  0.00399081  0  0  0 0  0.00000000  0.00000000  0.00000000  -1.00000000  0  0  27.768552
0.18890000  -0.42870000  -1.25000000  0.00421961  0  0  0 1  0.04624489  0.95342515  0.00180447  -1.00000000  0  5  30.983232
0.20650000  -0.45030000  -1.23850000  0.00409108  0  0  0 0  0.00000000  0.00000000  0.00000000  -1.00000000  0  0  71.692072
0.14710000  -0.44910000  -1.25000000  0.00377724  0  0  0 2  0.09794458  0.72974507  0.00310963  0.00000000  1  30  46.649506
0.16670000  -0.46130000  -1.22630000  0.00475996  0  0  0 2  0.09854025  0.40440164  0.00236417  0.00000000  1  31  88.362824
0.22430000  -0.44130000  -1.23770000  0.00460780  0  0  0 0  0.00000000  0.00000000  0.00000000  -1.00000000  0  0  77.975459
0.24690000  -0.42610000  -1.25000000  0.00450808  0  0  0 0  0.00000000  0.00000000  0.00000000  -1.00000000  0  0  32.403734
0.14550000  -0.44310000  -1.25000000  0.00368080  0  0  0 1  0.15766122  0.41024663  0.00403873  -1.00000000  0  79  37.808325
0.20970000  -0.41420000  -1.16070000  0.01232489  0  0  0 17  0.16249071  0.08451183  0.00290102  0.65715069  2  95  110.440565
0.19520000  -0.46010000  -1.24930000  0.00408374  0  0  0 0  0.00000000  0.00000000  0.00000000  -1.00000000  0  0  75.019047
0.23770000  -0.42180000  -1.21050000  0.00510478  0  0  0 3  0.12400008  0.23270365  0.00335550  0.00067956  1  59  97.967590
0.14630000  -0.44010000  -1.15950000  0.01998055  0  0  0 22  0.12103033  0.10900244  0.00267422  0.57349140  2  43  110.139613
0.25210000  -0.41480000  -1.21360000  0.00436936  0  0  0 2  0.11079603  0.29717437  0.00322443  0.00000000  1  46  92.660127
0.21380000  -0.44580000  -1.25000000  0.00412843  0  0  0 0  0.00000000  0.00000000  0.00000000  -1.00000000  0  0  63.801117
0.24030000  -0.43220000  -1.23640000  0.00420637  0  0  0 0  0.00000000  0.00000000  0.00000000  -1.00000000  0  0  65.724709
0.32300000  -0.37970000  -1.24620000  0.00486635  0  0  0 0  0.00000000  0.00000000  0.00000000  -1.00000000  0  0  72.625153
0.30200000  -0.39540000  -1.25000000  0.00445352  0  0  0 0  0.00000000  0.00000000  0.00000000  -1.00000000  0  0  47.040659
0.29980000  -0.38990000  -1.22950000  0.00409498  0  0  0 0  0.00000000  0.00000000  0.00000000  -1.00000000  0  0  61.649153
0.26070000  -0.38530000  -1.25000000  0.00463486  0  0  0 1  0.16111437  0.17120742  0.00378234  -1.00000000  0  74  19.909428
0.26890000  -0.41990000  -1.25000000  0.00417765  0  0  0 0  0.00000000  0.00000000  0.00000000  -1.00000000  0  0  43.573035
0.26910000  -0.38970000  -1.18400000  0.00631582  0  0  0 4  0.07693549  0.19047958  0.00234467  0.01645423  2  20  102.136637
0.29060000  -0.39830000  -1.23260000  0.00424177  0  0  0 1  0.04146866  0.99145437  0.00153295  -1.00000000  0  2  70.292036
0.25850000  -0.41310000  -1.21830000  0.00470591  0  0  0 3  0.14006274  0.70507517  0.00366294  0.00116491  1  65  94.636673
-0.39610000  -0.29810000  -1.25000000  0.00411585  0  0  0 0  0.00000000  0.00000000  0.00000000  -1.00000000  0  0  42.631598
-0.38230000  -0.32220000  -1.24990000  0.00407275  0  0  0 0  0.00000000  0.00000000  0.00000000  -1.00000000  0  0  52.046725
-0.40550000  -0.27300000  -1.22220000  0.00393026  0  0  0 1  0.06101156  1.11209185  0.00272322  -1.00000000  0  6  88.629706
-0.37980000  -0.32120000  -1.24360000  0.00399768  0  0  0 0  0.00000000  0.00000000  0.00000000  -1.00000000  0  0  56.606372
-0.38230000  -0.32080000  -1.24770000  0.00406170  0  0  0 0  0.00000000  0.00000000  0.00000000  -1.00000000  0  0  52.233586
-0.36380000  -0.34050000  -1.24580000  0.00408095  0  0  0 0  0.00000000  0.00000000  0.00000000  -1.00000000  0  0  52.281365
-0.36990000  -0.29340000  -1.18040000  0.00508486  0  0  0 1  0.05771568  0.25090812  0.00147518  -1.00000000  0  5  97.548690
-0.31760000  -0.33100000  -1.14680000  0.03438146  0  0  0 14  0.09917006  0.12122709  0.00211863  0.49232001  2  27  111.570084
-0.34500000  -0.33370000  -1.19980000  0.00456759  0  0  0 0  0.00000000  0.00000000  0.00000000  -1.00000000  0  0  92.337077
-0.35900000  -0.29660000  -1.16410000  0.00849359  0  0  0 3  0.06548359  0.12241583  0.00153344  0.07838358  2  13  106.374244
-0.33180000  -0.32060000  -1.25000000  0.00432944  0  0  0 0  0.00000000  0.00000000  0.00000000  -1.00000000  0  0  22.494697
-0.32680000  -0.32490000  -1.25000000  0.00430425  0  0  0 0  0.00000000  0.00000000  0.00000000  -1.00000000  0  0  22.332837
-0.35390000  -0.25760000  -1.25000000  0.00504672  0  0  0 1  0.03932239  0.19172064  0.00046506  -1.00000000  0  4  11.072983
-0.34930000  -0.29160000  -1.25000000  0.00391648  0  0  0 1  0.17607890  0.38766936  0.00429393  -1.00000000  0  115  32.033634
-0.35920000  -0.31270000  -1.25000000  0.00392926  0  0  0 0  0.00000000  0.00000000  0.00000000  -1.00000000  0  0  40.979326
-0.31810000  -0.28610000  -1.25000000  0.00633954  0  0  0 4  0.07864464  0.15337218  0.00167021  0.00874009  1  21  8.300700
-0.34450000  -0.35830000  -1.24270000  0.00435018  0  0  0 0  0.00000000  0.00000000  0.00000000  -1.00000000  0  0  61.173622
-0.34040000  -0.25260000  -1.25000000  0.00892634  0  0  0 13  0.11332100  0.16929079  0.00228719  0.01678514  2  44  5.219102
-0.36290000  -0.30040000  -1.25000000  0.00391412  0  0  0 1  0.06511904  0.92062095  0.00367783  -1.00000000  0  13  38.099652
-0.33400000  -0.31510000  -1.14780000  0.01772610  0  0  0 11  0.15913472  0.10087726  0.00238955  0.39192369  2  112  109.779790
-0.22890000  -0.35470000  -1.25000000  0.01056828  0  0  0 11  0.18536842  0.08429852  0.00268210  0.02032622  2  177  6.130671
0.20830000  -0.34500000  -1.25000000  0.01791284  0  0  0 25  0.15211739  0.08913871  0.00181855  0.20779319  2  87  1.626615
0.30770000  -0.34450000  -1.25000000  0.00437050  0  0  0 1  0.14711356  0.13168054  0.00393584  -1.00000000  0  96  22.970740
0.30730000  -0.37190000  -1.20610000  0.00486701  0  0  0 0  0.00000000  0.00000000  0.00000000  -1.00000000  0  0  91.435869
0.32370000  -0.31940000  -1.25000000  0.00508519  0  0  0 1  0.12554844  0.14721407  0.00202398  -1.00000000  0  66  15.325653
0.32570000  -0.36580000  -1.25000000  0.00466957  0  0  0 1  0.13443411  0.40224395  0.00221574  -1.00000000  0  58  68.254592
0.36790000  -0.29640000  -1.18110000  0.00601487  0  0  0 2  0.08612555  0.17545890  0.00214823  -0.00000000  1  31  79.037014
0.31140000  -0.33780000  -1.25000000  0.00437358  0  0  0 1  0.13972001  0.22586184  0.00313225  -1.00000000  0  86  21.595491
0.35910000  -0.29420000  -1.16050000  0.00885690  0  0  0 6  0.08419299  0.14154424  0.00212685  0.15884173  2  26  74.437294
0.36090000  -0.30350000  -1.25000000  0.00403786  0  0  0 2  0.07306586  0.98372787  0.00368886  0.00000000  1  15  30.112238
0.37920000  -0.26930000  -1.16290000  0.00942278  0  0  0 8  0.09157565  0.12958391  0.00244202  0.02290698  2  19  72.702178
0.34170000  -0.31160000  -1.25000000  0.00393001  0  0  0 1  0.10307473  0.35405073  0.00329023  -1.00000000  0  43  28.023014
0.35170000  -0.28120000  -1.25000000  0.00569958  0  0  0 1  0.15841477  0.11632353  0.00323466  -1.00000000  0  102  11.935871
0.36750000  -0.28360000  -1.25000000  0.00439118  0  0  0 0  0.00000000  0.00000000  0.00000000  -1.00000000  0  0  22.361726
0.27470000  -0.36720000  -1.25000000  0.00417381  0  0  0 0  0.00000000  0.00000000  0.00000000  -1.00000000  0  0  22.387680
0.35630000  -0.34520000  -1.25000000  0.00428748  0  0  0 0  0.00000000  0.00000000  0.00000000  -1.00000000  0  0  105.514036
0.37720000  -0.31040000  -1.22130000  0.00419616  0  0  0 0  0.00000000  0.00000000  0.00000000  -1.00000000  0  0  95.826148
0.34580000  -0.30210000  -1.25000000  0.00414298  0  0  0 0  0.00000000  0.00000000  0.00000000  -1.00000000  0  0  19.415956
0.37590000  -0.30170000  -1.25000000  0.00424004  0  0  0 0  0.00000000  0.00000000  0.00000000  -1.00000000  0  0  37.722929
0.36860000  -0.33530000  -1.25000000  0.00405982  0  0  0 1  0.17576942  0.46056976  0.00297663  -1.00000000  0  93  122.651837
0.39120000  -0.30710000  -1.24340000  0.00419173  0  0  0 0  0.00000000  0.00000000  0.00000000  -1.00000000  0  0  119.038652
0.39050000  -0.30190000  -1.25000000  0.00419173  0  0  0 0  0.00000000  0.00000000  0.00000000  -1.00000000  0  0  119.038652
0.38740000  -0.31290000  -1.24500000  0.00411233  0  0  0 0  0.00000000  0.00000000  0.00000000  -1.00000000  0  0  110.089470
0.39840000  -0.29800000  -1.24370000  0.00408450  0  0  0 0  0.00000000  0.00000000  0.00000000  -1.00000000  0  0  104.981075
0.39260000  -0.26290000  -1.18110000  0.00677950  0  0  0 1  0.07380136  0.15727174  0.00398805  -1.00000000  0  16  78.003708
0.42380000  -0.25600000  -1.23780000  0.00426463  0  0  0 0  0.00000000  0.00000000  0.00000000  -1.00000000  0  0  102.797813
0.41730000  -0.27070000  -1.24350000  0.00432383  0  0  0 0  0.00000000  0.00000000  0.00000000  -1.00000000  0  0  108.263564
0.38610000  -0.29240000  -1.21080000  0.00485400  0  0  0 2  0.12536200  0.24646400  0.00308796  0.00000000  1  41  87.389145
-0.45060000  -0.18550000  -1.25000000  0.00379302  0  0  0 0  0.00000000  0.00000000  0.00000000  -1.00000000  0  0  43.334507
-0.45670000  -0.13420000  -1.25000000  0.00373049  0  0  0 2  0.12597004  0.62207085  0.00323107  -0.00000000  1  52  46.874034
-0.45480000  -0.17730000  -1.25000000  0.00387915  0  0  0 0  0.00000000  0.00000000  0.00000000  -1.00000000  0  0  40.428439
-0.43910000  -0.21230000  -1.25000000  0.00396832  0  0  0 0  0.00000000  0.00000000  0.00000000  -1.00000000  0  0  34.288399
-0.46580000  -0.17740000  -1.25000000  0.00402664  0  0  0 0  0.00000000  0.00000000  0.00000000  -1.00000000  0  0  58.736564
-0.42880000  -0.23660000  -1.22420000  0.00402361  0  0  0 1  0.13415204  0.37639535  0.00344314  -1.00000000  0  65  86.164807
-0.41170000  -0.24580000  -1.19860000  0.00419177  0  0  0 0  0.00000000  0.00000000  0.00000000  -1.00000000  0  0  93.701533
-0.45000000  -0.20520000  -1.23650000  0.00429409  0  0  0 0  0.00000000  0.00000000  0.00000000  -1.00000000  0  0  79.729898
-0.43500000  -0.21800000  -1.21650000  0.00441299  0  0  0 0  0.00000000  0.00000000  0.00000000  -1.00000000  0  0  93.172793
-0.43440000  -0.21080000  -1.20720000  0.00443930  0  0  0 0  0.00000000  0.00000000  0.00000000  -1.00000000  0  0  94.212773
-0.45800000  -0.16900000  -1.25000000  0.00404548  0  0  0 2  0.13209410  0.73760467  0.00281428  -0.00000000  1  55  44.273444
-0.42970000  -0.24350000  -1.25000000  0.00401359  0  0  0 0  0.00000000  0.00000000  0.00000000  -1.00000000  0  0  44.971131
-0.42840000  -0.18550000  -1.16720000  0.01299646  0  0  0 19  0.17003985  0.09397663  0.00307010  0.51600733  2  119  109.005773
-0.43150000  -0.14420000  -1.25000000  0.00427013  0  0  0 0  0.00000000  0.00000000  0.00000000  -1.00000000  0  0  21.486510
-0.42410000  -0.22700000  -1.20250000  0.00508898  0  0  0 3  0.15153765  0.24684461  0.00369277  0.00578962  1  94  98.946465
-0.43140000  -0.23870000  -1.23260000  0.00382886  0  0  0 0  0.00000000  0.00000000  0.00000000  -1.00000000  0  0  77.698982
-0.40650000  -0.12950000  -1.25000000  0.00461983  0  0  0 0  0.00000000  0.00000000  0.00000000  -1.00000000  0  0  16.209750
-0.46210000  -0.16790000  -1.22920000  0.00516071  0  0  0 0  0.00000000  0.00000000  0.00000000  -1.00000000  0  0  91.337422
-0.46310000  -0.15300000  -1.21920000  0.00512298  0  0  0 3  0.12287872  0.57199667  0.00228510  0.01996560  2  50  95.863843
-0.39570000  -0.23940000  -1.15620000  0.01058129  0  0  0 11  0.08413501  0.10025108  0.00229612  0.36222949  2  15  108.170416
-0.43480000  -0.19810000  -1.19450000  0.00551011  0  0  0 3  0.09961857  0.15770342  0.00266459  0.00845726  1  45  100.782497
-0.42430000  -0.21890000  -1.25000000  0.00405406  0  0  0 0  0.00000000  0.00000000  0.00000000  -1.00000000  0  0  28.474052
-0.43950000  -0.20810000  -1.25000000  0.00396832  0  0  0 0  0.00000000  0.00000000  0.00000000  -1.00000000  0  0  34.288399
-0.43620000  -0.21620000  -1.21720000  0.00441671  0  0  0 0  0.00000000  0.00000000  0.00000000  -1.00000000  0  0  92.356826
-0.44900000  -0.19790000  -1.25000000  0.00380968  0  0  0 0  0.00000000  0.00000000  0.00000000  -1.00000000  0  0  44.887166
-0.44300000  -0.21900000  -1.23550000  0.00406920  0  0  0 0  0.00000000  0.00000000  0.00000000  -1.00000000  0  0  83.708352
-0.36730000  -0.15560000  -1.25000000  0.00948235  0  0  0 33  0.14398142  0.08576738  0.00205821  0.14296927  2  74  3.207912
-0.08680000  -0.22860000  -1.25000000  0.25000000  0  0  0 203  0.26416133  0.01939010  0.00195181  0.40097368  2  13  0.000000
0.16540000  -0.17350000  -1.25000000  0.25000000  0  0  0 133  0.20487960  0.00115661  0.00115661  0.70145874  2  24  0.000000
0.37770000  -0.19740000  -1.25000000  0.00537434  0  0  0 2  0.11746829  0.15504708  0.00262542  0.00000000  1  53  15.496739
0.36790000  -0.21150000  -1.25000000  0.00564596  0  0  0 2  0.14170127  0.11277728  0.00254064  0.00000000  1  88  15.419157
0.34850000  -0.23800000  -1.25000000  0.01039272  0  0  0 6  0.12920844  0.09221321  0.00265452  0.01967715  2  68  6.458440
0.42300000  -0.24140000  -1.25000000  0.00434015  0  0  0 2  0.13736761  0.63918669  0.00395473  -0.00000000  1  45  130.421101
0.43320000  -0.17280000  -1.16610000  0.00712275  0  0  0 2  0.05762829  0.14163020  0.00124447  0.00000000  1  14  75.314020
0.47640000  -0.14020000  -1.24140000  0.00406931  0  0  0 0  0.00000000  0.00000000  0.00000000  -1.00000000  0  0  124.920966
0.44890000  -0.17180000  -1.25000000  0.00414491  0  0  0 0  0.00000000  0.00000000  0.00000000  -1.00000000  0  0  123.843769
0.42260000  -0.15060000  -1.25000000  0.00485596  0  0  0 0  0.00000000  0.00000000  0.00000000  -1.00000000  0  0  24.155235
0.44680000  -0.12590000  -1.16050000  0.00722754  0  0  0 4  0.06285356  0.16492566  0.00154170  0.02587128  2  10  75.976749
0.44150000  -0.22460000  -1.23830000  0.00418153  0  0  0 0  0.00000000  0.00000000  0.00000000  -1.00000000  0  0  110.232844
0.44120000  -0.21800000  -1.23030000  0.00418081  0  0  0 1  0.14477355  0.41325573  0.00339211  -1.00000000  0  54  110.408932
0.42000000  -0.23490000  -1.20300000  0.00445511  0  0  0 0  0.00000000  0.00000000  0.00000000  -1.00000000  0  0  89.936407
0.44410000  -0.17230000  -1.19090000  0.00469939  0  0  0 0  0.00000000  0.00000000  0.00000000  -1.00000000  0  0  84.541478
0.40440000  -0.16970000  -1.25000000  0.00451993  0  0  0 1  0.12144155  0.24783716  0.00231539  -1.00000000  0  39  19.510913
0.45090000  -0.20680000  -1.25000000  0.00401306  0  0  0 0  0.00000000  0.00000000  0.00000000  -1.00000000  0  0  123.098714
0.38890000  -0.21960000  -1.25000000  0.00432715  0  0  0 0  0.00000000  0.00000000  0.00000000  -1.00000000  0  0  25.493781
0.45560000  -0.20320000  -1.24710000  0.00425592  0  0  0 0  0.00000000  0.00000000  0.00000000  -1.00000000  0  0  116.302961
0.38350000  -0.16370000  -1.25000000  0.00579171  0  0  0 5  0.09817148  0.18039014  0.00200502  0.05134798  2  23  11.140360
0.44340000  -0.20760000  -1.22400000  0.00415086  0  0  0 1  0.07726765  0.81771268  0.00293455  -1.00000000  0  17  104.650516
0.41970000  -0.22650000  -1.19230000  0.00454197  0  0  0 2  0.09771745  0.22707127  0.00398093  0.00000000  1  32  87.560668
0.42460000  -0.23970000  -1.21900000  0.00412635  0  0  0 2  0.10747967  0.70133600  0.00252540  0.00000000  1  29  103.050498
0.42470000  -0.19420000  -1.16750000  0.00764011  0  0  0 5  0.07022962  0.11929760  0.00240555  0.14855498  2  13  73.427068
0.42120000  -0.21640000  -1.18380000  0.00491527  0  0  0 0  0.00000000  0.00000000  0.00000000  -1.00000000  0  0  82.082952
0.40100000  -0.16930000  -1.25000000  0.00492883  0  0  0 1  0.08961389  0.23096755  0.00443929  -1.00000000  0  24  17.672644
0.41170000  -0.22400000  -1.17180000  0.00831211  0  0  0 5  0.07875005  0.16523380  0.00253206  0.02536026  2  19  74.144018
0.42860000  -0.13480000  -1.25000000  0.00478752  0  0  0 0  0.00000000  0.00000000  0.00000000  -1.00000000  0  0  20.263193
-0.45760000  -0.03340000  -1.25000000  0.00409076  0  0  0 0  0.00000000  0.00000000  0.00000000  -1.00000000  0  0  26.775929
-0.48070000  -0.08060000  -1.25000000  0.00397311  0  0  0 0  0.00000000  0.00000000  0.00000000  -1.00000000  0  0  43.203745
-0.49630000  -0.04240000  -1.24520000  0.00422320  0  0  0 0  0.00000000  0.00000000  0.00000000  -1.00000000  0  0  80.346192
-0.44230000  -0.04100000  -1.25000000  0.00444221  0  0  0 0  0.00000000  0.00000000  0.00000000  -1.00000000  0  0  15.588013
-0.48310000  -0.01140000  -1.20800000  0.00401208  0  0  0 1  0.11014618  0.37052450  0.00428900  -1.00000000  0  37  84.033400
-0.47670000  -0.11590000  -1.25000000  0.00411358  0  0  0 0  0.00000000  0.00000000  0.00000000  -1.00000000  0  0  71.222598
-0.43700000  -0.08860000  -1.25000000  0.00525507  0  0  0 2  0.21532362  0.12638970  0.00391797  0.00000000  1  165  17.368069
-0.39120000  -0.06430000  -1.25000000  0.01552154  0  0  0 48  0.22002784  0.04457007  0.00304835  0.58475364  2  137  1.769424
-0.45210000  -0.07790000  -1.14680000  0.03848718  0  0  0 22  0.22823551  0.12130571  0.00273645  0.39339644  2  184  112.050231
-0.49260000  -0.07540000  -1.24580000  0.00418676  0  0  0 0  0.00000000  0.00000000  0.00000000  -1.00000000  0  0  71.230045
-0.49380000  -0.02390000  -1.23590000  0.00397150  0  0  0 0  0.00000000  0.00000000  0.00000000  -1.00000000  0  0  66.809793
-0.48980000  -0.05330000  -1.23180000  0.00460910  0  0  0 0  0.00000000  0.00000000  0.00000000  -1.00000000  0  0  89.998535
-0.47540000  -0.04640000  -1.25000000  0.00394423  0  0  0 1  0.06686808  1.06246504  0.00184504  -1.00000000  0  8  31.167042
-0.44480000  -0.02620000  -1.25000000  0.00446547  0  0  0 1  0.14151866  0.15375111  0.00376966  -1.00000000  0  77  19.904810
-0.49860000  -0.02350000  -1.24800000  0.00409280  0  0  0 0  0.00000000  0.00000000  0.00000000  -1.00000000  0  0  49.450909
-0.45640000  -0.08970000  -1.16280000  0.00843143  0  0  0 8  0.08787571  0.11554043  0.00286108  0.14780829  2  29  107.880452
-0.48570000  -0.08150000  -1.25000000  0.00437225  0  0  0 0  0.00000000  0.00000000  0.00000000  -1.00000000  0  0  66.938622
-0.48690000  -0.09160000  -1.23870000  0.00449683  0  0  0 0  0.00000000  0.00000000  0.00000000  -1.00000000  0  0  80.614567
-0.46990000  -0.03040000  -1.25000000  0.00403341  0  0  0 1  0.12760035  0.30979065  0.00235611  -1.00000000  0  53  28.045124
-0.48730000  -0.00800000  -1.21850000  0.00395164  0  0  0 0  0.00000000  0.00000000  0.00000000  -1.00000000  0  0  82.626871
0.40750000  -0.07740000  -1.25000000  0.00602023  0  0  0 0  0.00000000  0.00000000  0.00000000  -1.00000000  0  0  13.633002
0.48230000  -0.10850000  -1.23600000  0.00404313  0  0  0 0  0.00000000  0.00000000  0.00000000  -1.00000000  0  0  134.584443
0.46240000  -0.11600000  -1.25000000  0.00436128  0  0  0 0  0.00000000  0.00000000  0.00000000  -1.00000000  0  0  34.574485
0.47240000  -0.11870000  -1.21780000  0.00383353  0  0  0 1  0.07998306  0.82679483  0.00100155  -1.00000000  0  10  106.355012
0.46290000  -0.12000000  -1.19550000  0.00396695  0  0  0 1  0.10203205  0.25281077  0.00206184  -1.00000000  0  27  93.507300
0.40310000  -0.08520000  -1.25000000  0.00648436  0  0  0 1  0.11630941  0.11929402  0.00369706  -1.00000000  0  46  11.767537
0.48790000  -0.06320000  -1.22990000  0.00362531  0  0  0 1  0.16406587  0.49436064  0.00352677  -1.00000000  0  82  115.479454
0.46560000  -0.11110000  -1.19660000  0.00391943  0  0  0 0  0.00000000  0.00000000  0.00000000  -1.00000000  0  0  92.015547
0.48090000  -0.03290000  -1.20510000  0.00384785  0  0  0 0  0.00000000  0.00000000  0.00000000  -1.00000000  0  0  93.816547
0.46550000  -0.06980000  -1.17680000  0.00370832  0  0  0 3  0.11650210  0.29575138  0.00234049  0.00618602  1  42  84.760606
0.47600000  -0.07580000  -1.20500000  0.00345877  0  0  0 0  0.00000000  0.00000000  0.00000000  -1.00000000  0  0  100.625559
0.46770000  -0.09300000  -1.19230000  0.00379284  0  0  0 0  0.00000000  0.00000000  0.00000000  -1.00000000  0  0  95.808853
0.49930000  -0.01340000  -1.24860000  0.00434951  0  0  0 0  0.00000000  0.00000000  0.00000000  -1.00000000  0  0  38.135230
0.48200000  -0.03820000  -1.20870000  0.00386214  0  0  0 1  0.13645534  0.28961450  0.00406566  -1.00000000  0  54  94.684202
0.47760000  -0.04050000  -1.19820000  0.00409381  0  0  0 1  0.09290985  0.29388541  0.00254736  -1.00000000  0  23  90.172812
0.49340000  -0.00270000  -1.23360000  0.00371306  0  0  0 0  0.00000000  0.00000000  0.00000000  -1.00000000  0  0  110.159739
0.47280000  -0.09080000  -1.20370000  0.00375115  0  0  0 0  0.00000000  0.00000000  0.00000000  -1.00000000  0  0  98.257283
0.48720000  -0.04840000  -1.22410000  0.00375253  0  0  0 1  0.13406856  0.57589814  0.00285608  -1.00000000  0  44  114.900958
-0.49570000  0.01300000  -1.25000000  0.00450587  0  0  0 0  0.00000000  0.00000000  0.00000000  -1.00000000  0  0  33.520095
-0.44830000  0.11100000  -1.15460000  0.00920282  0  0  0 8  0.10053616  0.09827815  0.00255532  0.14735033  2  21  108.825677
-0.45000000  0.04850000  -1.25000000  0.00445458  0  0  0 2  0.09629772  0.19959481  0.00266312  0.00000000  1  18  20.192709
-0.46190000  0.12560000  -1.19650000  0.00492167  0  0  0 2  0.07766087  0.27012853  0.00213124  0.00000000  1  12  98.865892
-0.42210000  0.02970000  -1.25000000  0.00506340  0  0  0 3  0.15261497  0.15590141  0.00276799  0.00188748  1  74  11.391086
-0.47110000  0.00920000  -1.17800000  0.00458794  0  0  0 1  0.08547011  0.18315554  0.00251150  -1.00000000  0  22  98.520457
-0.48500000  0.07380000  -1.22640000  0.00390366  0  0  0 0  0.00000000  0.00000000  0.00000000  -1.00000000  0  0  74.787995
-0.49540000  0.04260000  -1.24300000  0.00400295  0  0  0 0  0.00000000  0.00000000  0.00000000  -1.00000000  0  0  65.445605
-0.42080000  0.05180000  -1.25000000  0.00528663  0  0  0 3  0.20907666  0.08255756  0.00239650  0.00080486  1  135  11.061906
-0.47270000  0.03840000  -1.18570000  0.00443927  0  0  0 2  0.10053586  0.19737315  0.00223756  -0.00000000  1  27  98.125580
-0.45510000  0.01470000  -1.25000000  0.00450055  0  0  0 0  0.00000000  0.00000000  0.00000000  -1.00000000  0  0  23.630568
-0.45110000  0.01550000  -1.25000000  0.00450055  0  0  0 0  0.00000000  0.00000000  0.00000000  -1.00000000  0  0  23.630568
-0.47760000  0.12510000  -1.23430000  0.00421443  0  0  0 0  0.00000000  0.00000000  0.00000000  -1.00000000  0  0  77.871833
-0.37570000  0.12400000  -1.25000000  0.00695789  0  0  0 4  0.05875526  0.17243792  0.00149502  0.03437229  2  13  9.956644
-0.49060000  0.07010000  -1.23900000  0.00389656  0  0  0 0  0.00000000  0.00000000  0.00000000  -1.00000000  0  0  54.605543
-0.38820000  0.12370000  -1.25000000  0.00638116  0  0  0 2  0.04240212  0.19129579  0.00055056  0.00000000  1  6  11.048878
-0.46520000  0.09150000  -1.25000000  0.00431358  0  0  0 0  0.00000000  0.00000000  0.00000000  -1.00000000  0  0  27.061524
-0.47390000  0.06820000  -1.25000000  0.00414300  0  0  0 1  0.12059274  0.84140369  0.00212190  -1.00000000  0  30  42.331047
-0.48950000  0.06480000  -1.23440000  0.00379928  0  0  0 0  0.00000000  0.00000000  0.00000000  -1.00000000  0  0  66.379135
-0.48300000  0.08510000  -1.25000000  0.00424165  0  0  0 0  0.00000000  0.00000000  0.00000000  -1.00000000  0  0  35.346652
-0.47330000  0.01640000  -1.18380000  0.00419500  0  0  0 0  0.00000000  0.00000000  0.00000000  -1.00000000  0  0  96.211642
-0.48380000  0.10950000  -1.24010000  0.00397937  0  0  0 0  0.00000000  0.00000000  0.00000000  -1.00000000  0  0  60.934852
-0.46110000  0.07740000  -1.25000000  0.00424168  0  0  0 1  0.04135674  0.91857918  0.00257772  -1.00000000  0  1  23.781917
-0.43740000  0.02160000  -1.25000000  0.00497776  0  0  0 0  0.00000000  0.00000000  0.00000000  -1.00000000  0  0  13.216551
-0.47930000  0.11540000  -1.23240000  0.00408784  0  0  0 0  0.00000000  0.00000000  0.00000000  -1.00000000  0  0  74.619047
-0.48800000  0.03260000  -1.22270000  0.00401606  0  0  0 1  0.03416475  0.75008732  0.00431034  -1.00000000  0  3  73.355492
-0.48960000  0.07020000  -1.25000000  0.00414300  0  0  0 0  0.00000000  0.00000000  0.00000000  -1.00000000  0  0  42.331047
-0.48210000  0.11400000  -1.23860000  0.00408784  0  0  0 0  0.00000000  0.00000000  0.00000000  -1.00000000  0  0  74.619047
0.46800000  0.11070000  -1.20230000  0.00431382  0  0  0 1  0.10821488  0.24674787  0.00311362  -1.00000000  0  38  94.182145
0.48530000  0.09310000  -1.23540000  0.00451656  0  0  0 0  0.00000000  0.00000000  0.00000000  -1.00000000  0  0  109.021357
0.45550000  0.00780000  -1.25000000  0.00441206  0  0  0 0  0.00000000  0.00000000  0.00000000  -1.00000000  0  0  23.961286
0.47620000  0.11140000  -1.22250000  0.00421062  0  0  0 2  0.10464851  0.76670085  0.00386826  0.00000000  1  32  108.028162
0.42660000  0.06420000  -1.25000000  0.00519307  0  0  0 1  0.06874096  0.19544248  0.00337878  -1.00000000  0  18  17.948411
0.45940000  0.04070000  -1.25000000  0.00441245  0  0  0 1  0.16679835  0.17177645  0.00508388  -1.00000000  0  82  26.689135
0.49350000  0.05420000  -1.24110000  0.00395341  0  0  0 1  0.17949454  0.50539261  0.00300229  -1.00000000  0  79  125.582402
0.49160000  0.02500000  -1.25000000  0.00414599  0  0  0 1  0.13044547  0.91933794  0.00476478  -1.00000000  0  39  39.609899
0.48670000  0.10140000  -1.24290000  0.00452069  0  0  0 0  0.00000000  0.00000000  0.00000000  -1.00000000  0  0  123.115739
0.48180000  0.11050000  -1.23580000  0.00423153  0  0  0 1  0.19581565  0.52769396  0.00400905  -1.00000000  0  118  111.980608
0.47070000  0.07240000  -1.25000000  0.00451606  0  0  0 0  0.00000000  0.00000000  0.00000000  -1.00000000  0  0  28.192607
0.43950000  0.03580000  -1.25000000  0.00468407  0  0  0 1  0.16336768  0.17791344  0.00421944  -1.00000000  0  95  17.320004
0.47850000  0.06020000  -1.25000000  0.00411486  0  0  0 0  0.00000000  0.00000000  0.00000000  -1.00000000  0  0  37.288775
0.41800000  0.03010000  -1.25000000  0.00592386  0  0  0 3  0.18403011  0.20199179  0.00172918  0.00030724  1  125  12.206313
0.47170000  0.10770000  -1.25000000  0.00434180  0  0  0 2  0.07450409  0.88551037  0.00488285  0.00000000  1  14  43.801676
0.46060000  0.05560000  -1.15980000  0.00769334  0  0  0 5  0.06090993  0.17270046  0.00170420  0.01920745  2  9  76.585369
0.39250000  0.01910000  -1.25000000  0.01578765  0  0  0 23  0.15623937  0.06547485  0.00212746  0.19732980  2  74  1.575045
0.46770000  0.10940000  -1.20070000  0.00431382  0  0  0 0  0.00000000  0.00000000  0.00000000  -1.00000000  0  0  94.182145
0.44100000  0.11050000  -1.25000000  0.00432332  0  0  0 1  0.09527067  0.31915625  0.00360788  -1.00000000  0  34  26.117794
0.48700000  0.09330000  -1.23970000  0.00461594  0  0  0 0  0.00000000  0.00000000  0.00000000  -1.00000000  0  0  113.021960
0.48350000  0.04460000  -1.21400000  0.00394723  0  0  0 1  0.09950176  0.46132304  0.00357259  -1.00000000  0  33  103.257698
0.39090000  0.06180000  -1.25000000  0.04473393  0  0  0 44  0.17714957  0.03193883  0.00154783  0.68025032  2  91  0.710290
0.44120000  0.12420000  -1.25000000  0.00446559  0  0  0 0  0.00000000  0.00000000  0.00000000  -1.00000000  0  0  33.813972
0.45440000  0.03780000  -1.13980000  0.03227294  0  0  0 25  0.16303257  0.14567148  0.00275982  0.41848253  2  69  68.206961
0.46250000  0.01220000  -1.25000000  0.00408095  0  0  0 0  0.00000000  0.00000000  0.00000000  -1.00000000  0  0  27.193202
-0.44880000  0.15630000  -1.18800000  0.00476673  0  0  0 1  0.07540524  0.19781264  0.00242603  -1.00000000  0  14  99.084118
-0.42710000  0.20910000  -1.18880000  0.00401291  0  0  0 1  0.12834286  0.14573515  0.00192863  -1.00000000  0  57  96.547127
-0.47560000  0.13770000  -1.23790000  0.00383096  0  0  0 0  0.00000000  0.00000000  0.00000000  -1.00000000  0  0  56.671021
-0.44760000  0.17990000  -1.20600000  0.00476267  0  0  0 0  0.00000000  0.00000000  0.00000000  -1.00000000  0  0  96.900346
-0.47140000  0.13670000  -1.22700000  0.00376040  0  0  0 2  0.12643057  0.70140199  0.00303418  0.00000000  1  36  74.141055
-0.42930000  0.24790000  -1.23930000  0.00434347  0  0  0 0  0.00000000  0.00000000  0.00000000  -1.00000000  0  0  79.390930
-0.45920000  0.17640000  -1.22980000  0.00372783  0  0  0 0  0.00000000  0.00000000  0.00000000  -1.00000000  0  0  78.853971
-0.45940000  0.18550000  -1.25000000  0.00387328  0  0  0 0  0.00000000  0.00000000  0.00000000  -1.00000000  0  0  41.810720
-0.39610000  0.18810000  -1.25000000  0.00466839  0  0  0 0  0.00000000  0.00000000  0.00000000  -1.00000000  0  0  16.760217
-0.42900000  0.13010000  -1.25000000  0.00524918  0  0  0 0  0.00000000  0.00000000  0.00000000  -1.00000000  0  0  14.695072
-0.45160000  0.20890000  -1.24400000  0.00390423  0  0  0 0  0.00000000  0.00000000  0.00000000  -1.00000000  0  0  76.198596
-0.46050000  0.19060000  -1.24590000  0.00397699  0  0  0 0  0.00000000  0.00000000  0.00000000  -1.00000000  0  0  62.673120
-0.41750000  0.23350000  -1.19600000  0.00580128  0  0  0 2  0.10852272  0.22228486  0.00236856  0.00000000  1  43  102.727263
-0.45660000  0.19880000  -1.24500000  0.00395822  0  0  0 0  0.00000000  0.00000000  0.00000000  -1.00000000  0  0  64.532740
-0.42340000  0.19070000  -1.16090000  0.00701455  0  0  0 6  0.06943601  0.13769902  0.00207462  0.13063621  2  10  106.850132
-0.42130000  0.25360000  -1.22930000  0.00428745  0  0  0 0  0.00000000  0.00000000  0.00000000  -1.00000000  0  0  89.710091
-0.45610000  0.15940000  -1.20780000  0.00368175  0  0  0 0  0.00000000  0.00000000  0.00000000  -1.00000000  0  0  83.479266
-0.41650000  0.23690000  -1.25000000  0.00449962  0  0  0 1  0.03180849  1.17027125  0.00351816  -1.00000000  0  3  23.354155
-0.46030000  0.18840000  -1.24340000  0.00375169  0  0  0 0  0.00000000  0.00000000  0.00000000  -1.00000000  0  0  59.919726
-0.40670000  0.24030000  -1.18090000  0.00928278  0  0  0 11  0.09717783  0.11010608  0.00244596  0.85168785  2  25  108.687333
-0.41880000  0.18430000  -1.25000000  0.00404091  0  0  0 0  0.00000000  0.00000000  0.00000000  -1.00000000  0  0  25.218983
-0.45160000  0.20670000  -1.24170000  0.00390423  0  0  0 1  0.13467093  0.80374138  0.00424916  -1.00000000  0  45  76.198596
-0.34260000  0.20970000  -1.25000000  0.00984759  0  0  0 6  0.09528274  0.10421673  0.00284293  0.05965644  2  31  6.250110
-0.15090000  0.14550000  -1.25000000  0.25000000  0  0  0 157  0.24003385  0.00125542  0.00125542  0.69805352  2  34  0.000000
0.12680000  0.14000000  -1.25000000  0.25000000  0  0  0 166  0.23087161  0.00114242  0.00114242  0.49951493  2  8  0.000000
0.34400000  0.21490000  -1.25000000  0.01808116  0  0  0 37  0.23323280  0.08031851  0.00156298  0.12596834  2  175  1.670244
0.43230000  0.18330000  -1.25000000  0.00456952  0  0  0 3  0.15260803  0.69515346  0.00320374  0.00392291  1  106  33.658099
0.44890000  0.15480000  -1.25000000  0.00487264  0  0  0 0  0.00000000  0.00000000  0.00000000  -1.00000000  0  0  32.104316
0.38770000  0.25250000  -1.25000000  0.00538550  0  0  0 0  0.00000000  0.00000000  0.00000000  -1.00000000  0  0  21.512630
0.44360000  0.22610000  -1.24480000  0.00530529  0  0  0 0  0.00000000  0.00000000  0.00000000  -1.00000000  0  0  105.558027
0.45060000  0.14950000  -1.18680000  0.00771422  0  0  0 3  0.06690785  0.17497057  0.00166432  0.09978612  2  23  79.038335
0.42160000  0.20570000  -1.17280000  0.00810765  0  0  0 6  0.09255080  0.15662117  0.00261683  0.08941511  2  45  75.568487
0.44250000  0.20590000  -1.22010000  0.00560429  0  0  0 1  0.05662058  0.92322466  0.00233666  -1.00000000  0  20  99.936357
-0.39860000  0.29490000  -1.23960000  0.00425173  0  0  0 0  0.00000000  0.00000000  0.00000000  -1.00000000  0  0  62.422955
-0.39610000  0.28000000  -1.21270000  0.00416565  0  0  0 2  0.11752289  0.26529962  0.00310468  0.00000000  1  45  93.866956
-0.39110000  0.30710000  -1.24320000  0.00432677  0  0  0 0  0.00000000  0.00000000  0.00000000  -1.00000000  0  0  42.906624
-0.41270000  0.28010000  -1.24710000  0.00401292  0  0  0 0  0.00000000  0.00000000  0.00000000  -1.00000000  0  0  48.147487
-0.40810000  0.25920000  -1.20870000  0.00424466  0  0  0 2  0.08808802  0.22363988  0.00287723  0.00000000  1  22  90.716758
-0.38990000  0.30530000  -1.25000000  0.00432677  0  0  0 0  0.00000000  0.00000000  0.00000000  -1.00000000  0  0  42.906624
-0.39640000  0.29290000  -1.23210000  0.00412531  0  0  0 0  0.00000000  0.00000000  0.00000000  -1.00000000  0  0  54.003179
-0.39420000  0.29000000  -1.22340000  0.00420302  0  0  0 3  0.09644071  0.68441540  0.00305161  0.00013792  1  22  75.286525
-0.37920000  0.29920000  -1.20760000  0.00405971  0  0  0 0  0.00000000  0.00000000  0.00000000  -1.00000000  0  0  79.667422
-0.41410000  0.27860000  -1.24760000  0.00428973  0  0  0 0  0.00000000  0.00000000  0.00000000  -1.00000000  0  0  35.975676
-0.38610000  0.29220000  -1.21040000  0.00413062  0  0  0 1  0.06820953  0.25823255  0.00414818  -1.00000000  0  12  83.727926
-0.41050000  0.27340000  -1.23290000  0.00404830  0  0  0 0  0.00000000  0.00000000  0.00000000  -1.00000000  0  0  80.585674
-0.35570000  0.32100000  -1.25000000  0.00443509  0  0  0 0  0.00000000  0.00000000  0.00000000  -1.00000000  0  0  30.826950
-0.35110000  0.33150000  -1.20720000  0.00441803  0  0  0 0  0.00000000  0.00000000  0.00000000  -1.00000000  0  0  98.331309
-0.36320000  0.34310000  -1.24900000  0.00423569  0  0  0 0  0.00000000  0.00000000  0.00000000  -1.00000000  0  0  124.285315
-0.30570000  0.36260000  -1.18570000  0.00556519  0  0  0 0  0.00000000  0.00000000  0.00000000  -1.00000000  0  0  86.369849
-0.29340000  0.36110000  -1.16320000  0.00656710  0  0  0 2  0.08221150  0.25382098  0.00151591  0.00000000  1  14  82.354867
-0.35410000  0.33990000  -1.25000000  0.00450288  0  0  0 0  0.00000000  0.00000000  0.00000000  -1.00000000  0  0  44.855534
-0.35870000  0.33560000  -1.25000000  0.00442789  0  0  0 1  0.11023711  0.99899738  0.00246105  -1.00000000  0  26  40.312250
-0.36950000  0.32860000  -1.23600000  0.00423920  0  0  0 2  0.06510822  0.73851013  0.00326598  0.00000000  1  11  124.375396
-0.35680000  0.25800000  -1.25000000  0.00643195  0  0  0 5  0.14900745  0.22176774  0.00266533  0.00927716  1  82  10.826041
-0.32190000  0.33140000  -1.15510000  0.00689099  0  0  0 3  0.09871910  0.17081436  0.00230076  0.05125197  2  28  76.195328
-0.35940000  0.27230000  -1.25000000  0.00605856  0  0  0 0  0.00000000  0.00000000  0.00000000  -1.00000000  0  0  11.769366
-0.34470000  0.35350000  -1.23440000  0.00454595  0  0  0 2  0.14277566  0.39025431  0.00369417  0.00000000  1  54  101.747645
-0.34530000  0.32110000  -1.17890000  0.00473453  0  0  0 1  0.08150620  0.22581223  0.00121968  -1.00000000  0  19  80.955765
-0.28500000  0.34920000  -1.25000000  0.00439062  0  0  0 1  0.09554711  0.23640514  0.00530615  -1.00000000  0  29  20.814213
-0.29030000  0.34620000  -1.25000000  0.00441480  0  0  0 0  0.00000000  0.00000000  0.00000000  -1.00000000  0  0  19.585441
-0.29100000  0.29930000  -1.25000000  0.00711017  0  0  0 8  0.12531440  0.08375712  0.00235725  0.06324998  2  65  6.639561
-0.20050000  0.35710000  -1.25000000  0.01479152  0  0  0 23  0.12860560  0.10430161  0.00185455  0.17467673  2  59  2.218899
-0.24030000  0.37670000  -1.25000000  0.00493260  0  0  0 0  0.00000000  0.00000000  0.00000000  -1.00000000  0  0  20.694699
0.16700000  0.37490000  -1.25000000  0.00862823  0  0  0 13  0.11191014  0.08701288  0.00156658  0.05319009  2  40  5.412533
0.34490000  0.34120000  -1.25000000  0.00384014  0  0  0 0  0.00000000  0.00000000  0.00000000  -1.00000000  0  0  131.727589
0.35730000  0.33220000  -1.25000000  0.00409790  0  0  0 0  0.00000000  0.00000000  0.00000000  -1.00000000  0  0  121.562989
0.38120000  0.30830000  -1.22560000  0.00477869  0  0  0 0  0.00000000  0.00000000  0.00000000  -1.00000000  0  0  100.043523
0.36250000  0.27990000  -1.25000000  0.00411609  0  0  0 0  0.00000000  0.00000000  0.00000000  -1.00000000  0  0  31.347734
0.33430000  0.34930000  -1.25000000  0.00389482  0  0  0 1  0.14812488  0.59767867  0.00347754  -1.00000000  0  71  126.728617
0.26010000  0.35360000  -1.25000000  0.00435684  0  0  0 0  0.00000000  0.00000000  0.00000000  -1.00000000  0  0  15.699477
0.34070000  0.31810000  -1.16520000  0.01092811  0  0  0 8  0.09428860  0.14603409  0.00198391  0.19225410  2  28  74.171954
0.37120000  0.29530000  -1.25000000  0.00402741  0  0  0 3  0.09311310  0.81369251  0.00384840  0.00129979  1  30  43.130332
0.32920000  0.31160000  -1.25000000  0.00394624  0  0  0 2  0.17919626  0.21434917  0.00337907  0.00000000  1  115  31.193549
0.30790000  0.37650000  -1.25000000  0.00391756  0  0  0 1  0.10254687  0.40201143  0.00409388  -1.00000000  0  18  112.365317
0.36320000  0.32190000  -1.25000000  0.00384838  0  0  0 4  0.16959260  0.63532031  0.00321200  0.00162962  1  94  132.275696
0.34330000  0.32130000  -1.25000000  0.00390914  0  0  0 0  0.00000000  0.00000000  0.00000000  -1.00000000  0  0  32.773739
0.38150000  0.30030000  -1.25000000  0.00410811  0  0  0 0  0.00000000  0.00000000  0.00000000  -1.00000000  0  0  124.618528
0.34960000  0.33330000  -1.20760000  0.00454884  0  0  0 0  0.00000000  0.00000000  0.00000000  -1.00000000  0  0  89.341969
0.28130000  0.36680000  -1.25000000  0.00358151  0  0  0 0  0.00000000  0.00000000  0.00000000  -1.00000000  0  0  36.545481
0.37970000  0.30330000  -1.25000000  0.00410811  0  0  0 0  0.00000000  0.00000000  0.00000000  -1.00000000  0  0  124.618528
0.28550000  0.34130000  -1.25000000  0.00454554  0  0  0 1  0.09788085  0.18041848  0.00237895  -1.00000000  0  27  15.401842
0.31540000  0.37790000  -1.25000000  0.00424900  0  0  0 0  0.00000000  0.00000000  0.00000000  -1.00000000  0  0  103.956663
0.31400000  0.37570000  -1.22400000  0.00539800  0  0  0 2  0.13870883  0.34958523  0.00388005  0.00000000  1  62  87.022860
0.27620000  0.35310000  -1.25000000  0.00379228  0  0  0 0  0.00000000  0.00000000  0.00000000  -1.00000000  0  0  20.619045
0.34170000  0.33490000  -1.19600000  0.00490945  0  0  0 0  0.00000000  0.00000000  0.00000000  -1.00000000  0  0  86.714930
0.30660000  0.34460000  -1.15310000  0.02330417  0  0  0 14  0.10515379  0.15098910  0.00249190  0.85469763  2  34  69.165000
0.31410000  0.35400000  -1.25000000  0.00419356  0  0  0 1  0.15378183  0.20973545  0.00341111  -1.00000000  0  79  30.062845
0.40690000  0.26810000  -1.25000000  0.00479460  0  0  0 0  0.00000000  0.00000000  0.00000000  -1.00000000  0  0  43.902570
0.41120000  0.25820000  -1.21400000  0.00580099  0  0  0 1  0.10937555  0.22613454  0.00385226  -1.00000000  0  57  89.759150
0.39980000  0.26380000  -1.25000000  0.00481880  0  0  0 0  0.00000000  0.00000000  0.00000000  -1.00000000  0  0  42.621099
0.39930000  0.26030000  -1.19170000  0.00664119  0  0  0 2  0.12037629  0.22967866  0.00348236  -0.00000000  1  71  82.351863
0.38920000  0.30080000  -1.25000000  0.00427277  0  0  0 0  0.00000000  0.00000000  0.00000000  -1.00000000  0  0  119.098024
0.38340000  0.31640000  -1.24270000  0.00479449  0  0  0 0  0.00000000  0.00000000  0.00000000  -1.00000000  0  0  102.931648
0.40020000  0.25640000  -1.18840000  0.00676450  0  0  0 2  0.06480224  0.20278582  0.00243302  -0.00000000  1  15  82.677461
-0.28150000  0.39530000  -1.21330000  0.00421416  0  0  0 0  0.00000000  0.00000000  0.00000000  -1.00000000  0  0  99.053979
-0.25470000  0.40620000  -1.19860000  0.00475062  0  0  0 1  0.11890219  0.27530945  0.00405298  -1.00000000  0  47  88.879171
-0.25210000  0.39550000  -1.25000000  0.00479510  0  0  0 0  0.00000000  0.00000000  0.00000000  -1.00000000  0  0  29.706394
-0.27400000  0.38190000  -1.17500000  0.00631113  0  0  0 0  0.00000000  0.00000000  0.00000000  -1.00000000  0  0  83.137519
-0.27670000  0.39850000  -1.21300000  0.00417426  0  0  0 1  0.09418227  0.40870127  0.00240208  -1.00000000  0  24  98.210026
-0.25010000  0.38790000  -1.25000000  0.00479510  0  0  0 1  0.13481413  0.37102600  0.00191133  -1.00000000  0  51  29.706394
-0.20100000  0.43820000  -1.20510000  0.00422798  0  0  0 0  0.00000000  0.00000000  0.00000000  -1.00000000  0  0  88.486187
-0.23220000  0.40950000  -1.17680000  0.00523492  0  0  0 2  0.09699010  0.19070553  0.00384468  0.00000000  1  32  82.830882
-0.23750000  0.43090000  -1.23010000  0.00400397  0  0  0 0  0.00000000  0.00000000  0.00000000  -1.00000000  0  0  103.302637
-0.19640000  0.44550000  -1.21720000  0.00423833  0  0  0 0  0.00000000  0.00000000  0.00000000  -1.00000000  0  0  91.714785
-0.14410000  0.46870000  -1.22590000  0.00507667  0  0  0 0  0.00000000  0.00000000  0.00000000  -1.00000000  0  0  91.201774
-0.22070000  0.41570000  -1.25000000  0.00484799  0  0  0 2  0.18025094  0.28611143  0.00364451  0.00000000  1  104  24.946369
-0.23080000  0.43150000  -1.22350000  0.00400397  0  0  0 1  0.06496907  0.84762475  0.00176025  -1.00000000  0  9  103.302637
-0.15020000  0.46670000  -1.25000000  0.00463957  0  0  0 0  0.00000000  0.00000000  0.00000000  -1.00000000  0  0  125.289845
-0.23550000  0.44050000  -1.25000000  0.00487775  0  0  0 3  0.17204372  0.50202620  0.00356222  0.21758753  2  84  34.666530
-0.12450000  0.44850000  -1.25000000  0.00461434  0  0  0 4  0.12471423  0.44045746  0.00348865  0.01563486  2  75  32.107847
-0.20480000  0.41080000  -1.14770000  0.01129123  0  0  0 6  0.07122493  0.10404493  0.00212564  0.21629660  2  13  71.352822
-0.17030000  0.42860000  -1.15290000  0.01473634  0  0  0 6  0.10728886  0.10757266  0.00248284  0.44734480  2  43  69.537549
-0.24180000  0.42090000  -1.21350000  0.00398085  0  0  0 0  0.00000000  0.00000000  0.00000000  -1.00000000  0  0  99.745019
-0.15380000  0.47570000  -1.24980000  0.00468852  0  0  0 0  0.00000000  0.00000000  0.00000000  -1.00000000  0  0  121.437371
-0.16750000  0.45320000  -1.25000000  0.00468326  0  0  0 0  0.00000000  0.00000000  0.00000000  -1.00000000  0  0  39.862867
-0.22920000  0.43520000  -1.25000000  0.00487775  0  0  0 1  0.11478097  0.61630100  0.00409682  -1.00000000  0  39  34.666530
-0.20680000  0.45490000  -1.25000000  0.00474327  0  0  0 0  0.00000000  0.00000000  0.00000000  -1.00000000  0  0  40.160091
-0.13470000  0.43990000  -1.25000000  0.00471117  0  0  0 1  0.10788976  0.26525887  0.00374664  -1.00000000  0  62  28.087902
-0.14710000  0.47110000  -1.25000000  0.00472167  0  0  0 0  0.00000000  0.00000000  0.00000000  -1.00000000  0  0  120.631786
-0.12160000  0.47380000  -1.22300000  0.00465102  0  0  0 1  0.08102987  0.79695929  0.00345240  -1.00000000  0  33  105.849681
-0.20100000  0.44880000  -1.22940000  0.00433332  0  0  0 0  0.00000000  0.00000000  0.00000000  -1.00000000  0  0  103.351123
-0.12280000  0.45690000  -1.18270000  0.00698577  0  0  0 4  0.09124242  0.16223270  0.00284653  0.05805209  2  39  76.797666
-0.21520000  0.43670000  -1.21720000  0.00398512  0  0  0 0  0.00000000  0.00000000  0.00000000  -1.00000000  0  0  99.945898
-0.18930000  0.45040000  -1.25000000  0.00464650  0  0  0 0  0.00000000  0.00000000  0.00000000  -1.00000000  0  0  37.578321
-0.16410000  0.46830000  -1.24050000  0.00452338  0  0  0 0  0.00000000  0.00000000  0.00000000  -1.00000000  0  0  104.474440
-0.06280000  0.44400000  -1.25000000  0.00545873  0  0  0 0  0.00000000  0.00000000  0.00000000  -1.00000000  0  0  31.267134
-0.02140000  0.45670000  -1.25000000  0.00479757  0  0  0 2  0.16837699  0.58124436  0.00305963  0.00000000  1  91  28.799489
-0.03870000  0.48480000  -1.21580000  0.00476580  0  0  0 2  0.10269596  0.43154306  0.00456189  0.00000000  1  46  103.889249
-0.05050000  0.48110000  -1.20930000  0.00518756  0  0  0 1  0.04839700  0.93470261  0.00514835  -1.00000000  0  12  95.425816
-0.09260000  0.43110000  -1.25000000  0.00528191  0  0  0 0  0.00000000  0.00000000  0.00000000  -1.00000000  0  0  23.691597
-0.02510000  0.47720000  -1.19480000  0.00479950  0  0  0 0  0.00000000  0.00000000  0.00000000  -1.00000000  0  0  92.579213
-0.02650000  0.48740000  -1.22030000  0.00462308  0  0  0 1  0.11805596  0.54809878  0.00362946  -1.00000000  0  60  109.404595
-0.06830000  0.40680000  -1.25000000  0.01468892  0  0  0 30  0.09632263  0.12703453  0.00221824  0.27719126  2  23  2.750740
-0.00860000  0.47590000  -1.18990000  0.00500242  0  0  0 1  0.08427075  0.20811500  0.00378324  -1.00000000  0  27  90.323183
-0.06670000  0.46100000  -1.16440000  0.01047913  0  0  0 15  0.08084436  0.12077707  0.00249160  0.35003793  2  17  72.951137
-0.06000000  0.45660000  -1.25000000  0.00529550  0  0  0 2  0.04952232  0.89285189  0.00412372  0.00000000  1  14  32.212853
-0.10810000  0.46330000  -1.18940000  0.00634772  0  0  0 5  0.07528898  0.23677692  0.00248591  0.00536912  1  30  78.611885
-0.00790000  0.45320000  -1.25000000  0.00465115  0  0  0 1  0.15874621  0.15557031  0.00436081  -1.00000000  0  80  23.076513
0.01050000  0.49300000  -1.23290000  0.00439376  0  0  0 0  0.00000000  0.00000000  0.00000000  -1.00000000  0  0  116.313254
0.10740000  0.48280000  -1.23660000  0.00374239  0  0  0 0  0.00000000  0.00000000  0.00000000  -1.00000000  0  0  128.444258
0.09300000  0.49070000  -1.25000000  0.00428846  0  0  0 0  0.00000000  0.00000000  0.00000000  -1.00000000  0  0  27.382986
0.11170000  0.41240000  -1.25000000  0.00681737  0  0  0 7  0.09121058  0.14333772  0.00214659  0.00691036  1  22  11.198459
0.07030000  0.47490000  -1.20020000  0.00355057  0  0  0 1  0.14950910  0.27910658  0.00516664  -1.00000000  0  82  105.357334
0.09800000  0.48110000  -1.22750000  0.00359894  0  0  0 3  0.06211940  0.78972359  0.00308664  0.00271175  1  3  117.739458
0.04280000  0.49710000  -1.25000000  0.00392672  0  0  0 0  0.00000000  0.00000000  0.00000000  -1.00000000  0  0  127.745126
0.13010000  0.45580000  -1.25000000  0.00494240  0  0  0 0  0.00000000  0.00000000  0.00000000  -1.00000000  0  0  20.476379
0.08640000  0.48130000  -1.22240000  0.00368210  0  0  0 2  0.17431885  0.54347151  0.00347716  0.00000000  1  104  133.282889
0.04350000  0.48120000  -1.25000000  0.00431692  0  0  0 0  0.00000000  0.00000000  0.00000000  -1.00000000  0  0  31.833880
0.05630000  0.49360000  -1.25000000  0.00419508  0  0  0 0  0.00000000  0.00000000  0.00000000  -1.00000000  0  0  40.935120
0.10530000  0.46800000  -1.19910000  0.00447096  0  0  0 0  0.00000000  0.00000000  0.00000000  -1.00000000  0  0  84.158620
0.12460000  0.46820000  -1.25000000  0.00435333  0  0  0 0  0.00000000  0.00000000  0.00000000  -1.00000000  0  0  30.311303
0.10960000  0.47030000  -1.25000000  0.00399028  0  0  0 0  0.00000000  0.00000000  0.00000000  -1.00000000  0  0  31.237586
0.03690000  0.45910000  -1.15150000  0.01025908  0  0  0 6  0.11091627  0.12308287  0.00366543  0.63189976  2  35  71.312713
0.03340000  0.43500000  -1.25000000  0.00499359  0  0  0 3  0.11841203  0.23719844  0.00208217  0.00032852  1  43  16.694395
0.05450000  0.46630000  -1.25000000  0.00442877  0  0  0 0  0.00000000  0.00000000  0.00000000  -1.00000000  0  0  29.625644
0.11460000  0.47340000  -1.21760000  0.00379712  0  0  0 0  0.00000000  0.00000000  0.00000000  -1.00000000  0  0  112.695390
0.05270000  0.48600000  -1.22210000  0.00395400  0  0  0 2  0.16007539  0.55355616  0.00318600  0.00000000  1  81  134.311970
0.08180000  0.47710000  -1.21000000  0.00349053  0  0  0 0  0.00000000  0.00000000  0.00000000  -1.00000000  0  0  103.263023
0.07210000  0.47770000  -1.20780000  0.00347387  0  0  0 0  0.00000000  0.00000000  0.00000000  -1.00000000  0  0  117.602768
0.03210000  0.47160000  -1.18180000  0.00419207  0  0  0 0  0.00000000  0.00000000  0.00000000  -1.00000000  0  0  86.167145
0.23670000  0.43130000  -1.23000000  0.00394603  0  0  0 1  0.12367287  0.99258144  0.00220352  -1.00000000  0  47  96.315622
0.17270000  0.43440000  -1.16870000  0.00933764  0  0  0 9  0.07205838  0.10963803  0.00160529  0.08604835  2  9  72.468394
0.22020000  0.43150000  -1.25000000  0.00393088  0  0  0 0  0.00000000  0.00000000  0.00000000  -1.00000000  0  0  42.943217
0.20870000  0.43210000  -1.19970000  0.00451292  0  0  0 1  0.09912991  0.29321355  0.00268996  -1.00000000  0  39  83.181852
0.21390000  0.44080000  -1.25000000  0.00383196  0  0  0 0  0.00000000  0.00000000  0.00000000  -1.00000000  0  0  132.030293
0.24140000  0.39620000  -1.25000000  0.00378191  0  0  0 0  0.00000000  0.00000000  0.00000000  -1.00000000  0  0  31.596964
0.14490000  0.44180000  -1.25000000  0.00446569  0  0  0 0  0.00000000  0.00000000  0.00000000  -1.00000000  0  0  24.020871
0.24600000  0.43280000  -1.25000000  0.00394302  0  0  0 0  0.00000000  0.00000000  0.00000000  -1.00000000  0  0  124.247261
0.15730000  0.47030000  -1.23970000  0.00403544  0  0  0 0  0.00000000  0.00000000  0.00000000  -1.00000000  0  0  132.458575
0.15630000  0.44990000  -1.19070000  0.00475154  0  0  0 0  0.00000000  0.00000000  0.00000000  -1.00000000  0  0  83.462405
0.23780000  0.40560000  -1.25000000  0.00384377  0  0  0 1  0.12458607  0.58756065  0.00341877  -1.00000000  0  45  41.574400
0.14910000  0.43870000  -1.15840000  0.01030550  0  0  0 5  0.07616522  0.11348372  0.00221355  0.00404790  1  18  73.167938
0.14000000  0.44820000  -1.25000000  0.00490994  0  0  0 0  0.00000000  0.00000000  0.00000000  -1.00000000  0  0  21.149837
0.19080000  0.45370000  -1.23060000  0.00404465  0  0  0 0  0.00000000  0.00000000  0.00000000  -1.00000000  0  0  103.784794
0.20350000  0.42760000  -1.18400000  0.00511379  0  0  0 2  0.05012574  0.20222852  0.00196416  0.00000000  1  5  79.427750
0.15520000  0.47210000  -1.24240000  0.00403478  0  0  0 0  0.00000000  0.00000000  0.00000000  -1.00000000  0  0  131.228765
0.15440000  0.42130000  -1.25000000  0.00483124  0  0  0 0  0.00000000  0.00000000  0.00000000  -1.00000000  0  0  14.776674
0.21320000  0.41890000  -1.17500000  0.00699135  0  0  0 7  0.10742691  0.16084796  0.00216448  0.06432895  2  52  74.997518
0.21320000  0.42270000  -1.18350000  0.00540719  0  0  0 1  0.07808643  0.24805439  0.00151036  -1.00000000  0  25  79.095663
0.17000000  0.46890000  -1.24680000  0.00423589  0  0  0 0  0.00000000  0.00000000  0.00000000  -1.00000000  0  0  133.587831
0.22770000  0.44420000  -1.24780000  0.00394239  0  0  0 0  0.00000000  0.00000000  0.00000000  -1.00000000  0  0  119.633544
0.21770000  0.39670000  -1.25000000  0.00386041  0  0  0 1  0.09826052  0.22148592  0.00471645  -1.00000000  0  33  20.606578
0.18110000  0.44080000  -1.19150000  0.00490368  0  0  0 2  0.07769961  0.22536079  0.00216639  0.00000000  1  24  83.340575
0.28830000  0.40410000  -1.24100000  0.00507486  0  0  0 0  0.00000000  0.00000000  0.00000000  -1.00000000  0  0  89.749862
0.27970000  0.40330000  -1.25000000  0.00467030  0  0  0 0  0.00000000  0.00000000  0.00000000  -1.00000000  0  0  92.377735
0.27230000  0.39080000  -1.25000000  0.00352344  0  0  0 2  0.13772509  0.73327657  0.00268766  -0.00000000  1  40  33.593060
-0.22230000  -0.38840000  -1.11880000  0.02966293  0  0  0 20  0.20755792  0.10166318  0.00288122  0.27625326  2  164  111.899524
-0.05960000  -0.40670000  -1.02760000  0.02930073  0  0  0 14  0.13482218  0.13557221  0.00208736  0.72498571  2  64  111.975513
0.07520000  -0.40510000  -1.03000000  0.02704235  0  0  0 37  0.16072277  0.09213339  0.00271746  0.22072232  2  80  111.118706
-0.24450000  -0.32990000  -1.02660000  0.02447282  0  0  0 14  0.12446076  0.13765547  0.00260753  0.37933680  2  48  111.547764
0.28430000  -0.29770000  -1.02920000  0.03076231  0  0  0 29  0.11907489  0.08062070  0.00247866  0.41133865  2  45  67.737402
-0.34370000  -0.22190000  -1.02280000  0.04460846  0  0  0 49  0.16081536  0.06958903  0.00214173  0.30420000  2  68  111.264918
0.36110000  -0.17990000  -1.00850000  0.04151636  0  0  0 51  0.14716107  0.08055503  0.00233068  0.28432354  2  80  68.453236
0.39710000  -0.05240000  -1.00150000  0.03855161  0  0  0 51  0.13850993  0.07287397  0.00248547  0.19512840  2  67  67.976340
-0.43170000  0.04570000  -1.08530000  0.03397768  0  0  0 32  0.21782622  0.07135027  0.00230338  0.27682052  2  188  111.285043
-0.35140000  0.21090000  -1.02460000  0.02926581  0  0  0 27  0.16332342  0.10751067  0.00229712  0.33462727  2  108  111.695099
0.40980000  0.17420000  -1.11310000  0.03638305  0  0  0 34  0.25032287  0.10785342  0.00239161  0.12887023  2  278  68.726038
-0.25410000  0.31040000  -1.00280000  0.02438132  0  0  0 15  0.14882507  0.12516340  0.00199595  0.37051984  2  76  67.926201
-0.31800000  0.27990000  -1.05910000  0.03055213  0  0  0 15  0.10101351  0.11082732  0.00228925  0.61392722  2  27  111.898251
-0.17320000  0.36180000  -1.00270000  0.02356866  0  0  0 9  0.14760640  0.13014143  0.00210328  0.66849680  2  71  68.719810
-0.19770000  0.35500000  -1.01590000  0.02412334  0  0  0 10  0.15577702  0.12417493  0.00211375  0.09486889  2  83  68.578670
0.20600000  0.35600000  -1.02820000  0.04011848  0  0  0 41  0.10627836  0.06233951  0.00235946  0.43790479  2  26  68.190706
0.29460000  0.27790000  -1.01250000  0.03110538  0  0  0 18  0.14374370  0.09501439  0.00227483  0.40933604  2  74  68.257059
0.31720000  0.26130000  -1.02750000  0.02755434  0  0  0 28  0.14520678  0.10635346  0.00209124  0.17199992  2  63  68.136915
-0.04020000  0.39860000  -1.00160000  0.03113363  0  0  0 40  0.13004261  0.08998383  0.00261970  0.40007067  2  31  68.600678
0.08240000  0.39610000  -1.01130000  0.03419360  0  0  0 34  0.13440153  0.09241741  0.00223096  0.36646934  2  66  68.017205
-0.08960000  -0.38180000  -0.98030000  0.02650012  0  0  0 24  0.21358584  0.11522823  0.00260081  0.19999528  2  142  111.753037
-0.22250000  -0.28560000  -0.90520000  0.03481160  0  0  0 32  0.18789619  0.09541954  0.00215293  0.31261843  2  129  111.849385
-0.10850000  -0.35120000  -0.91890000  0.02655871  0  0  0 17  0.13712214  0.12480452  0.00236461  0.27503263  2  62  112.345624
0.02890000  -0.36500000  -0.91540000  0.02871375  0  0  0 25  0.20300034  0.11163299  0.00216388  0.14034502  2  132  111.896203
0.18490000  -0.34840000  -0.98610000  0.02929085  0  0  0 30  0.15479270  0.09235094  0.00279813  0.18464552  2  74  111.740202
0.21350000  -0.29650000  -0.91350000  0.02805808  0  0  0 20  0.18963349  0.11890615  0.00263297  0.34727077  2  138  112.286974
-0.32000000  -0.14540000  -0.87880000  0.02472267  0  0  0 16  0.12162179  0.12954981  0.00214481  0.71243801  2  51  111.439865
0.32200000  -0.18100000  -0.92350000  0.03717907  0  0  0 38  0.21472443  0.09201598  0.00225571  0.17696385  2  173  68.316031
-0.38930000  -0.03780000  -0.97770000  0.03040682  0  0  0 26  0.13646663  0.07862255  0.00259270  0.24645453  2  55  111.634498
-0.36890000  0.08550000  -0.94670000  0.03124478  0  0  0 52  0.21313869  0.06848411  0.00230752  0.11390715  2  160  111.804013
0.36970000  0.04690000  -0.93150000  0.04271010  0  0  0 54  0.24604619  0.07982614  0.00240934  0.08422220  2  169  68.084957
0.34830000  0.12370000  -0.92410000  0.02563774  0  0  0 20  0.20862601  0.10814965  0.00271289  0.21123756  2  173  67.840000
-0.32670000  0.17130000  -0.92230000  0.03797398  0  0  0 39  0.24643752  0.07720679  0.00254406  0.15860396  2  199  111.398622
0.26010000  0.24410000  -0.89170000  0.03344022  0  0  0 24  0.14396711  0.11362732  0.00223218  0.35316699  2  65  67.656610
-0.16520000  0.31280000  -0.88440000  0.02633894  0  0  0 12  0.12013738  0.13101854  0.00200521  0.30732884  2  67  67.375765
-0.19610000  0.30280000  -0.90190000  0.03830143  0  0  0 23  0.19457690  0.10804794  0.00205511  0.28332005  2  161  67.685606
0.12550000  0.34830000  -0.92560000  0.03013744  0  0  0 22  0.14472595  0.12136080  0.00205520  0.45476286  2  64  67.940948
0.16510000  0.30800000  -0.87360000  0.02671947  0  0  0 11  0.10537120  0.12160941  0.00193900  0.26513840  2  36  67.829374
-0.17330000  -0.25380000  -0.76830000  0.02729338  0  0  0 29  0.16840220  0.12682456  0.00249738  0.22819822  2  108  112.045748
0.06220000  -0.32850000  -0.83600000  0.03413241  0  0  0 27  0.18922880  0.11190828  0.00248803  0.51780312  2  120  111.526889
0.18240000  -0.27010000  -0.81470000  0.02483577  0  0  0 15  0.21037695  0.14336810  0.00278133  0.15851139  2  153  111.794923
-0.27790000  -0.16500000  -0.80800000  0.02679374  0  0  0 12  0.13860281  0.16903248  0.00203944  0.00423873  1  84  112.275047
-0.21530000  -0.21890000  -0.76760000  0.02967496  0  0  0 37  0.17714810  0.10480281  0.00242032  0.13737936  2  124  111.615796
0.27720000  -0.18300000  -0.83030000  0.02708514  0  0  0 21  0.15450647  0.12164208  0.00215396  0.35731729  2  80  68.545194
-0.33460000  -0.02410000  -0.83870000  0.03560457  0  0  0 40  0.19974319  0.07877758  0.00252726  0.11523299  2  143  111.506038
-0.28920000  -0.08380000  -0.75270000  0.03041484  0  0  0 25  0.20913118  0.12623707  0.00216675  0.28288368  2  165  111.603401
0.32860000  -0.00160000  -0.82150000  0.02823896  0  0  0 19  0.20305068  0.12061324  0.00223947  0.17054234  2  154  67.884512
0.28490000  0.11200000  -0.76530000  0.02362561  0  0  0 18  0.16024725  0.15412402  0.00274395  0.60616591  2  99  68.169209
0.30640000  0.06540000  -0.78320000  0.02134033  0  0  0 16  0.23391721  0.14167760  0.00283068  0.13688071  2  200  67.577074
-0.25960000  0.15580000  -0.75690000  0.02835497  0  0  0 20  0.12765399  0.12777844  0.00192988  0.19289868  2  64  112.313953
-0.19820000  0.25530000  -0.80800000  0.03029984  0  0  0 28  0.20011372  0.09579300  0.00231494  0.25443920  2  170  68.463825
0.21310000  0.23650000  -0.79600000  0.02581175  0  0  0 23  0.18384706  0.11874393  0.00295238  0.31508737  2  118  68.705583
0.18500000  0.24810000  -0.77380000  0.02370369  0  0  0 17  0.17099722  0.13695695  0.00257446  0.13997182  2  109  67.623456
-0.07060000  0.33140000  -0.84710000  0.03281519  0  0  0 28  0.24128036  0.10331849  0.00228715  0.06680064  2  170  67.943355
-0.08740000  0.31720000  -0.82260000  0.02726933  0  0  0 41  0.21870542  0.09739313  0.00303001  0.08823517  2  146  68.362948
0.05110000  0.32040000  -0.81120000  0.01903102  0  0  0 8  0.12972987  0.17756129  0.00258675  0.57654755  2  52  67.768488
0.06410000  0.29330000  -0.75050000  0.02079163  0  0  0 8  0.11537734  0.16524457  0.00206687  0.52137888  2  40  67.218466
0.08770000  0.32290000  -0.83660000  0.02022622  0  0  0 19  0.23164797  0.13910404  0.00289578  0.20599700  2  154  69.140729
-0.01080000  -0.27780000  -0.69510000  0.01887814  0  0  0 23  0.18783743  0.15529662  0.00254964  0.22269083  2  116  111.802958
-0.02490000  -0.25880000  -0.65000000  0.01951218  0  0  0 26  0.18503065  0.15726191  0.00279427  0.18347385  2  114  111.842259
0.15490000  -0.24790000  -0.73080000  0.02070331  0  0  0 21  0.17565002  0.15588910  0.00196856  0.30621550  2  79  111.814233
0.14220000  -0.25370000  -0.72710000  0.02141631  0  0  0 10  0.16025764  0.15330402  0.00194481  0.23701367  2  83  112.144131
-0.21280000  -0.16260000  -0.66960000  0.02386636  0  0  0 16  0.19940213  0.15309282  0.00242625  0.22443781  2  165  111.751306
-0.10500000  -0.24360000  -0.66320000  0.02190933  0  0  0 14  0.21091870  0.16994461  0.00230338  0.23240676  2  185  112.660254
0.15910000  -0.20230000  -0.64340000  0.02148062  0  0  0 14  0.12682937  0.15474604  0.00239785  0.19383912  2  60  111.525607
0.18400000  -0.17900000  -0.64170000  0.01441989  0  0  0 6  0.09228288  0.18474207  0.00286456  0.29097084  2  24  66.647207
-0.26070000  -0.11180000  -0.70920000  0.02359778  0  0  0 15  0.18471735  0.13465694  0.00265310  0.14103500  2  135  112.033032
-0.23780000  -0.11570000  -0.66120000  0.02400395  0  0  0 21  0.15969499  0.15573732  0.00248852  0.35037570  2  99  112.614011
0.26410000  -0.05970000  -0.67680000  0.02052073  0  0  0 26  0.20179358  0.15170369  0.00271423  0.16472190  2  128  67.583111
0.27250000  -0.09730000  -0.72330000  0.02558110  0  0  0 25  0.16379045  0.14957912  0.00226273  0.25861390  2  84  67.669491
-0.26530000  0.11730000  -0.72520000  0.02392206  0  0  0 23  0.17525205  0.14214311  0.00274332  0.21726803  2  118  112.508627
-0.26160000  0.07470000  -0.68020000  0.01991728  0  0  0 9  0.14208483  0.15792705  0.00298385  0.28954413  2  90  112.566350
0.24540000  0.07130000  -0.63890000  0.01521866  0  0  0 11  0.14851057  0.18670498  0.00254868  0.48595888  2  77  69.066540
0.26760000  0.08090000  -0.69890000  0.02081117  0  0  0 11  0.19101762  0.15406095  0.00276827  0.19590524  2  145  68.406009
-0.18020000  0.21980000  -0.71060000  0.02538886  0  0  0 19  0.14326291  0.12815892  0.00225215  0.40872128  2  88  67.650701
-0.19250000  0.17760000  -0.65480000  0.02248986  0  0  0 15  0.13592020  0.14160616  0.00201281  0.18742642  2  78  67.049335
0.17920000  0.21520000  -0.70010000  0.02142353  0  0  0 18  0.13540846  0.14182200  0.00241912  0.33804993  2  67  67.661030
0.02050000  0.26130000  -0.65520000  0.02122695  0  0  0 24  0.22027948  0.15817452  0.00246794  0.21220340  2  177  68.631723
-0.12970000  -0.17820000  -0.55090000  0.01974292  0  0  0 17  0.13086749  0.18390889  0.00201946  0.36186734  2  70  112.226603
-0.05640000  -0.19350000  -0.50390000  0.01357885  0  0  0 12  0.24539489  0.22148467  0.00309139  0.10549931  2  215  112.415414
-0.08270000  -0.22860000  -0.60770000  0.02195801  0  0  0 17  0.18041724  0.18997029  0.00262903  0.16062131  2  134  111.971198
0.09220000  -0.20070000  -0.55200000  0.02113503  0  0  0 21  0.24195962  0.18237822  0.00282717  0.16261621  2  210  112.699162
0.12440000  -0.18410000  -0.55550000  0.02120326  0  0  0 13  0.22178677  0.17915000  0.00229939  0.17341231  2  199  111.357021
-0.19060000  -0.06250000  -0.50160000  0.01441069  0  0  0 5  0.12756692  0.23024399  0.00261994  0.34719020  2  78  111.891025
-0.19850000  -0.05170000  -0.51290000  0.01607517  0  0  0 7  0.18104684  0.19637427  0.00364973  0.17777926  2  153  111.263161
0.18240000  -0.09490000  -0.51400000  0.02301861  0  0  0 10  0.18046720  0.19476054  0.00200373  0.14011673  2  138  69.418459
0.20250000  -0.09160000  -0.55560000  0.01927969  0  0  0 19  0.16129510  0.18778590  0.00199254  0.38889573  2  100  68.799025
0.24430000  -0.04080000  -0.61940000  0.02006052  0  0  0 21  0.20960062  0.16413337  0.00235715  0.08554564  2  152  67.754833
-0.20510000  0.07450000  -0.54560000  0.01990014  0  0  0 21  0.18069115  0.17261727  0.00250156  0.40629727  2  125  111.101158
-0.21150000  0.11320000  -0.59960000  0.02250765  0  0  0 16  0.18133858  0.15476189  0.00262563  0.24677968  2  131  111.170641
0.18900000  0.08930000  -0.52270000  0.01819039  0  0  0 15  0.16560631  0.19329955  0.00288428  0.18619588  2  124  68.385266
0.19070000  0.10140000  -0.53990000  0.02103415  0  0  0 16  0.13840524  0.19050803  0.00247853  0.41262109  2  79  68.323049
-0.11820000  0.19460000  -0.56920000  0.02198436  0  0  0 17  0.15050841  0.16867760  0.00258966  0.23402219  2  103  68.394229
-0.04230000  0.19320000  -0.49450000  0.02047889  0  0  0 10  0.13141423  0.17618973  0.00227491  0.23272352  2  105  70.043781
-0.01310000  0.20250000  -0.50740000  0.02394787  0  0  0 26  0.15943607  0.17063456  0.00254689  0.23021832  2  135  67.634802
0.12710000  0.19070000  -0.57290000  0.02203229  0  0  0 10  0.16017640  0.18864491  0.00218030  0.27632024  2  124  67.281554
0.03620000  0.23000000  -0.58200000  0.03216532  0  0  0 26  0.23490164  0.12779804  0.00202083  0.11640057  2  197  68.666188
-0.14040000  -0.12430000  -0.46880000  0.01449161  0  0  0 13  0.15669419  0.20927858  0.00203811  0.13541363  2  81  112.416171
-0.07790000  -0.15510000  -0.43390000  0.01466269  0  0  0 8  0.15302843  0.27509300  0.00262034  0.27175013  2  88  113.083930
-0.03720000  -0.15790000  -0.40550000  0.00930872  0  0  0 2  0.07631337  0.39017212  0.00310720  0.00000000  1  17  113.342624
-0.10270000  -0.14670000  -0.44780000  0.01886647  0  0  0 12  0.08914236  0.23075721  0.00236942  0.45172877  2  28  113.344808
0.09720000  -0.13300000  -0.41190000  0.01491109  0  0  0 5  0.18458632  0.24716226  0.00266656  0.01242479  2  146  112.394112
0.00610000  -0.19140000  -0.47880000  0.01347375  0  0  0 8  0.13436555  0.25694668  0.00163225  0.48779128  2  51  112.734226
0.07390000  -0.16220000  -0.44560000  0.01259517  0  0  0 7  0.19779699  0.22670845  0.00326693  0.66377336  2  158  111.270453
-0.15130000  -0.11190000  -0.47040000  0.01803776  0  0  0 14  0.16121780  0.23069408  0.00242989  0.25835076  2  108  112.217987
-0.16640000  -0.04010000  -0.42790000  0.01697340  0  0  0 8  0.09682092  0.24551393  0.00189523  0.58928230  2  47  111.842614
-0.16520000  -0.06210000  -0.44120000  0.01780588  0  0  0 11  0.16831307  0.24504919  0.00219926  0.13364173  2  131  111.594822
-0.09150000  -0.11920000  -0.37580000  0.01317997  0  0  0 4  0.08165911  0.29022443  0.00252855  0.02705778  2  32  112.404397
0.11160000  -0.09800000  -0.37140000  0.01371375  0  0  0 15  0.15471684  0.22143301  0.00333784  0.19543972  2  104  69.640308
0.16280000  -0.02880000  -0.41330000  0.01456841  0  0  0 14  0.13629960  0.27447607  0.00297802  0.26889258  2  101  67.863516
0.15540000  -0.06170000  -0.41820000  0.01470567  0  0  0 12  0.14453802  0.21820128  0.00306644  0.16014292  2  102  66.721476
0.13420000  -0.08160000  -0.39270000  0.01485531  0  0  0 5  0.14533262  0.23160999  0.00318933  0.01268068  2  97  68.982058
-0.13770000  0.05930000  -0.37490000  0.01515427  0  0  0 10  0.11037115  0.28839303  0.00239089  0.64750280  2  68  111.019340
-0.12680000  0.11210000  -0.42330000  0.01515489  0  0  0 13  0.17712784  0.24524778  0.00292023  0.16637996  2  167  112.296011
-0.17170000  0.00930000  -0.42980000  0.01914172  0  0  0 16  0.15845820  0.22216758  0.00236649  0.22394634  2  114  112.090799
-0.17260000  0.02900000  -0.43750000  0.02275249  0  0  0 13  0.11791501  0.18703814  0.00203787  0.20714093  2  73  111.841118
0.12220000  0.10540000  -0.40350000  0.01585209  0  0  0 12  0.20998148  0.21807123  0.00301895  0.18749992  2  223  66.775941
0.16250000  0.05970000  -0.43280000  0.01567880  0  0  0 8  0.17868134  0.23233590  0.00233427  0.17265200  2  158  65.930508
0.15300000  0.02540000  -0.38770000  0.01409297  0  0  0 10  0.14594403  0.29249751  0.00268185  0.20442631  2  94  67.822908
0.16950000  0.02410000  -0.42800000  0.01688881  0  0  0 12  0.19950754  0.21032505  0.00224114  0.10497681  2  186  67.028232
-0.05930000  0.14970000  -0.40250000  0.01362909  0  0  0 3  0.10941814  0.32023567  0.00181329  0.00014568  1  65  68.216945
-0.03440000  0.14360000  -0.36920000  0.01274629  0  0  0 3  0.06678293  0.37263808  0.00329771  0.05120570  2  18  67.262689
-0.06710000  0.13770000  -0.38300000  0.01263088  0  0  0 9  0.15686497  0.29173283  0.00293116  0.00787339  1  136  67.731672
-0.11920000  0.14850000  -0.47600000  0.01763797  0  0  0 11  0.14310517  0.21194784  0.00255301  0.11583009  2  101  112.398230
-0.06400000  0.17830000  -0.47350000  0.02197559  0  0  0 16  0.24442248  0.19908485  0.00251925  0.12891348  2  272  68.345846
0.04080000  0.17330000  -0.44500000  0.01850660  0  0  0 14  0.15565854  0.20373259  0.00242260  0.11568999  2  129  69.246906
0.07410000  0.16920000  -0.46170000  0.01783738  0  0  0 23  0.23670693  0.22969683  0.00266776  0.08778772  2  248  67.897600
0.02080000  0.14990000  -0.37820000  0.01741922  0  0  0 13  0.10313258  0.18998363  0.00326231  0.26430220  2  55  67.399163
-0.01210000  -0.12910000  -0.32420000  0.01218426  0  0  0 8  0.15103887  0.37044258  0.00296907  0.35506227  2  90  111.532341
-0.09600000  -0.07710000  -0.30770000  0.00969318  0  0  0 3  0.05175925  0.34899650  0.00198994  0.00279185  1  11  112.348021
-0.08010000  -0.06120000  -0.25200000  0.00816880  0  0  0 4  0.09843973  0.34738022  0.00255489  0.00903785  1  42  115.555787
-0.09710000  -0.04210000  -0.26460000  0.00879511  0  0  0 1  0.06891444  0.43295888  0.00077378  -1.00000000  0  17  113.423821
-0.10220000  -0.05170000  -0.28650000  0.00983513  0  0  0 9  0.07932270  0.39413417  0.00274017  0.35041146  2  19  111.886298
-0.10430000  -0.02360000  -0.26730000  0.01127622  0  0  0 9  0.18850838  0.36025340  0.00237125  0.20595938  2  162  111.042242
-0.05030000  -0.08370000  -0.24420000  0.01001322  0  0  0 4  0.07270110  0.42573208  0.00255975  0.09592978  2  26  113.248671
-0.04400000  -0.10730000  -0.28980000  0.01087399  0  0  0 2  0.05796370  0.35127643  0.00231000  0.00000000  1  18  113.826837
0.10580000  -0.07260000  -0.32080000  0.01268379  0  0  0 9  0.17990334  0.29019356  0.00197694  0.15952502  2  133  68.413764
0.04210000  -0.11360000  -0.30280000  0.01259598  0  0  0 6  0.16599066  0.30425011  0.00252334  0.33347751  2  119  110.286560
0.05320000  -0.10260000  -0.28890000  0.01455638  0  0  0 8  0.06808531  0.28196228  0.00232142  0.13183051  2  25  111.455679
0.04820000  -0.08470000  -0.24380000  0.01105009  0  0  0 8  0.24114450  0.31353235  0.00212645  0.07465418  2  214  112.284074
0.02290000  -0.09920000  -0.25460000  0.01215582  0  0  0 8  0.18869353  0.32203316  0.00314598  0.08019438  2  162  111.699156
-0.00800000  0.11080000  -0.27770000  0.00820867  0  0  0 2  0.08203956  0.31271711  0.00281741  0.00000000  1  26  62.826423
-0.09630000  0.02410000  -0.24810000  0.00860625  0  0  0 5  0.07378082  0.38218982  0.00238682  0.00092830  1  21  113.899930
-0.08320000  0.07260000  -0.27610000  0.01031192  0  0  0 6  0.08341355  0.36558289  0.00267552  0.68002719  2  29  65.364158
0.00100000  0.10710000  -0.26790000  0.00780238  0  0  0 8  0.11978564  0.32250307  0.00259549  0.47640118  2  60  62.931270
-0.10030000  0.01010000  -0.25200000  0.00955417  0  0  0 8  0.18973113  0.39393544  0.00349189  0.10980831  2  170  111.853357
-0.10800000  0.00480000  -0.27020000  0.00964078  0  0  0 6  0.11114625  0.38130125  0.00308006  0.71773863  2  56  111.374808
0.08270000  0.06720000  -0.26640000  0.00768002  0  0  0 1  0.05005707  0.46458026  0.00359616  -1.00000000  0  11  67.714268
0.08660000  0.07250000  -0.28250000  0.00837985  0  0  0 2  0.22915353  0.31805688  0.00206931  0.00000000  1  251  67.874224
0.08690000  0.05580000  -0.25820000  0.00867692  0  0  0 8  0.11987740  0.42968679  0.00391350  0.45130105  2  54  67.688490
0.13650000  0.03270000  -0.35080000  0.01061996  0  0  0 10  0.12487550  0.29618641  0.00276601  0.29768042  2  56  66.418052
-0.06890000  0.00080000  -0.17230000  0.00565183  0  0  0 0  0.00000000  0.00000000  0.00000000  -1.00000000  0  0  119.136428
0.00330000  -0.04750000  -0.11910000  0.00464549  0  0  0 0  0.00000000  0.00000000  0.00000000  -1.00000000  0  0  126.399695
-0.00840000  -0.05310000  -0.13450000  0.00448120  0  0  0 1  0.04846947  0.87435687  0.00218356  -1.00000000  0  7  122.206191
-0.05900000  -0.05990000  -0.21020000  0.00809347  0  0  0 2  0.11122612  0.48725144  0.00259143  0.00000000  1  58  112.419680
-0.01280000  -0.06300000  -0.16070000  0.00559801  0  0  0 2  0.08962461  0.55033272  0.00200408  0.00000000  1  37  112.302930
-0.03730000  -0.03980000  -0.13640000  0.00583727  0  0  0 5  0.07565111  0.74410889  0.00336981  0.38625463  2  16  116.208862
-0.00550000  -0.05560000  -0.13960000  0.00522953  0  0  0 0  0.00000000  0.00000000  0.00000000  -1.00000000  0  0  119.826699
-0.00390000  -0.04640000  -0.11640000  0.00486178  0  0  0 0  0.00000000  0.00000000  0.00000000  -1.00000000  0  0  127.873635
0.00530000  -0.06070000  -0.15220000  0.00693875  0  0  0 2  0.06271220  0.70646371  0.00205799  0.00000000  1  17  113.888446
-0.06690000  0.00420000  -0.16760000  0.00560589  0  0  0 0  0.00000000  0.00000000  0.00000000  -1.00000000  0  0  117.913177
0.09500000  -0.00600000  -0.23800000  0.00727945  0  0  0 2  0.06768641  0.46797112  0.00245887  0.00000000  1  11  66.342584
0.06170000  -0.02130000  -0.16310000  0.00558451  0  0  0 2  0.06552816  0.58060516  0.00367130  0.00000000  1  16  60.419137
0.01190000  -0.08970000  -0.22620000  0.01071919  0  0  0 4  0.05366312  0.39067713  0.00317445  0.04334331  2  15  112.582989
0.01980000  -0.08370000  -0.21510000  0.01045008  0  0  0 4  0.12409569  0.39381267  0.00328716  0.15963089  2  75  113.758750
0.05840000  -0.01180000  -0.14900000  0.00502853  0  0  0 1  0.07566102  0.58798322  0.00338290  -1.00000000  0  21  61.430460
-0.03730000  0.03860000  -0.13420000  0.00441894  0  0  0 1  0.05804920  0.64914083  0.00308554  -1.00000000  0  8  61.677362
-0.03990000  0.06380000  -0.18820000  0.00525024  0  0  0 0  0.00000000  0.00000000  0.00000000  -1.00000000  0  0  65.561755
-0.01960000  0.05880000  -0.15510000  0.00577526  0  0  0 0  0.00000000  0.00000000  0.00000000  -1.00000000  0  0  67.867857
-0.04820000  0.05740000  -0.18750000  0.00544465  0  0  0 2  0.10955939  0.62050143  0.00275902  0.00000000  1  41  66.049678
-0.02770000  0.04310000  -0.12800000  0.00467396  0  0  0 2  0.05258469  1.05687981  0.00285366  0.00000000  1  7  63.950432
-0.04680000  0.05460000  -0.17980000  0.00499128  0  0  0 0  0.00000000  0.00000000  0.00000000  -1.00000000  0  0  64.621485
-0.01890000  0.05310000  -0.14080000  0.00567922  0  0  0 3  0.12873636  0.56724068  0.00266379  0.00248207  1  49  66.528164
-0.03120000  0.05640000  -0.16110000  0.00525390  0  0  0 1  0.05838544  0.63805186  0.00215424  -1.00000000  0  9  69.060972
-0.03990000  0.07520000  -0.21280000  0.00622571  0  0  0 2  0.16525447  0.89191479  0.00334500  0.00000000  1  103  65.050799
0.00570000  0.08850000  -0.22170000  0.00744719  0  0  0 1  0.13988313  0.34199175  0.00442197  -1.00000000  0  63  65.933461
0.04370000  0.02610000  -0.12720000  0.00431953  0  0  0 0  0.00000000  0.00000000  0.00000000  -1.00000000  0  0  57.026502
0.04230000  0.05410000  -0.17170000  0.00474437  0  0  0 2  0.04812754  0.73545004  0.00357618  0.00000000  1  12  62.908341
0.05570000  0.01810000  -0.14630000  0.00508927  0  0  0 6  0.15965904  0.62409798  0.00377368  0.40353186  2  78  64.491288
0.05390000  0.06940000  -0.21950000  0.00721139  0  0  0 1  0.04512250  0.52469975  0.00148807  -1.00000000  0  10  67.110603
0.04640000  0.04480000  -0.16130000  0.00499974  0  0  0 1  0.05030914  0.63155518  0.00394568  -1.00000000  0  13  62.636610
0.04730000  0.02360000  -0.13210000  0.00450270  0  0  0 0  0.00000000  0.00000000  0.00000000  -1.00000000  0  0  59.705424
0.02570000  0.06620000  -0.17750000  0.00561729  0  0  0 2  0.07190772  0.52364295  0.00310299  0.00000000  1  14  63.453751
-0.04350000  0.00250000  -0.10890000  0.00438817  0  0  0 0  0.00000000  0.00000000  0.00000000  -1.00000000  0  0  118.276246
-0.01340000  0.00320000  -0.03440000  0.00336314  0  0  0 0  0.00000000  0.00000000  0.00000000  -1.00000000  0  0  91.013842
-0.02990000  -0.01910000  -0.08860000  0.00404934  0  0  0 1  0.12457440  0.69977441  0.00190313  -1.00000000  0  29  112.691222
-0.00880000  -0.03060000  -0.07950000  0.00373349  0  0  0 0  0.00000000  0.00000000  0.00000000  -1.00000000  0  0  114.463422
-0.00380000  -0.03390000  -0.08530000  0.00379695  0  0  0 1  0.17092557  0.28366332  0.00283907  -1.00000000  0  51  120.497635
0.01510000  -0.00220000  -0.03810000  0.00337901  0  0  0 0  0.00000000  0.00000000  0.00000000  -1.00000000  0  0  78.454417
0.00640000  -0.03030000  -0.07750000  0.00369645  0  0  0 1  0.07933379  1.13403112  0.00320075  -1.00000000  0  9  113.971798
0.02350000  -0.03470000  -0.10470000  0.00481363  0  0  0 1  0.05757543  0.94663735  0.00302336  -1.00000000  0  3  56.445121
-0.01350000  0.01090000  -0.04330000  0.00336314  0  0  0 0  0.00000000  0.00000000  0.00000000  -1.00000000  0  0  91.013842
-0.03900000  0.01990000  -0.10950000  0.00388420  0  0  0 2  0.04290932  1.14751620  0.00363173  0.00000000  1  3  120.366085
-0.01650000  0.02790000  -0.08110000  0.00370742  0  0  0 1  0.08149706  0.80006615  0.00322376  -1.00000000  0  12  66.079127
-0.01450000  0.01830000  -0.05850000  0.00334460  0  0  0 0  0.00000000  0.00000000  0.00000000  -1.00000000  0  0  97.665739
-0.00180000  0.01190000  -0.03000000  0.00336314  0  0  0 1  0.03518139  0.08148629  0.00190148  -1.00000000  0  1  91.013842
-0.02610000  0.00610000  -0.06700000  0.00339344  0  0  0 1  0.06664000  1.40072230  0.00462486  -1.00000000  0  6  94.299685
-0.01990000  0.01520000  -0.06260000  0.00334460  0  0  0 0  0.00000000  0.00000000  0.00000000  -1.00000000  0  0  97.665739
-0.01040000  0.03090000  -0.08150000  0.00370742  0  0  0 2  0.12582897  0.81527226  0.00403594  0.00000000  1  30  66.079127
0.00260000  0.00830000  -0.02180000  0.00336314  0  0  0 1  0.02156177  0.00021562  0.00214990  -1.00000000  0  0  91.013842
0.01340000  0.03030000  -0.08280000  0.00383388  0  0  0 0  0.00000000  0.00000000  0.00000000  -1.00000000  0  0  65.855386
0.01540000  0.01600000  -0.05550000  0.00326738  0  0  0 0  0.00000000  0.00000000  0.00000000  -1.00000000  0  0  70.701750
0.04130000  0.01370000  -0.10870000  0.00432912  0  0  0 0  0.00000000  0.00000000  0.00000000  -1.00000000  0  0  55.765229
0.03470000  0.00580000  -0.08780000  0.00380875  0  0  0 0  0.00000000  0.00000000  0.00000000  -1.00000000  0  0  58.144839
0.02300000  0.00830000  -0.06120000  0.00326738  0  0  0 1  0.14703884  1.02943980  0.00340705  -1.00000000  0  33  70.701750
0.02520000  0.00430000  -0.06400000  0.00341854  0  0  0 0  0.00000000  0.00000000  0.00000000  -1.00000000  0  0  66.130730
