-0.32880000  -0.32260000  -1.25000000  0.00431747  0  0  0 1  0.17580000  0.27692655  0.00262667  -1.00000000  0  73  21.636194
-0.40800000  -0.26620000  -1.21780000  0.00395881  0  0  0 0  0.00000000  0.00000000  0.00000000  -1.00000000  0  0  91.012421
-0.30620000  -0.35350000  -1.16920000  0.00735905  0  0  0 1  0.18230000  0.13943715  0.00522359  -1.00000000  0  64  103.114194
-0.30100000  -0.38780000  -1.25000000  0.00507725  0  0  0 0  0.00000000  0.00000000  0.00000000  -1.00000000  0  0  44.610903
-0.27530000  -0.38210000  -1.25000000  0.00491552  0  0  0 1  0.07640000  0.82807478  0.00321251  -1.00000000  0  19  36.159852
-0.28580000  -0.39770000  -1.22440000  0.00454212  0  0  0 1  0.08470000  0.88481179  0.00390767  -1.00000000  0  8  77.123917
-0.36380000  -0.34050000  -1.24580000  0.00408095  0  0  0 0  0.00000000  0.00000000  0.00000000  -1.00000000  0  0  52.281365
-0.36990000  -0.29340000  -1.18040000  0.00508486  0  0  0 0  0.00000000  0.00000000  0.00000000  -1.00000000  0  0  97.548690
-0.26060000  -0.42470000  -1.24560000  0.00467738  0  0  0 0  0.00000000  0.00000000  0.00000000  -1.00000000  0  0  40.552496
-0.29590000  -0.39700000  -1.23800000  0.00466900  0  0  0 0  0.00000000  0.00000000  0.00000000  -1.00000000  0  0  66.049584
-0.31760000  -0.33100000  -1.14680000  0.03438146  0  0  0 31  0.19440000  0.10415679  0.00288646  0.46588485  2  46  111.570084
-0.32900000  -0.34440000  -1.19080000  0.00528971  0  0  0 0  0.00000000  0.00000000  0.00000000  -1.00000000  0  0  95.249856
-0.39610000  -0.29810000  -1.25000000  0.00411585  0  0  0 0  0.00000000  0.00000000  0.00000000  -1.00000000  0  0  42.631598
-0.40500000  -0.28990000  -1.24520000  0.00416284  0  0  0 0  0.00000000  0.00000000  0.00000000  -1.00000000  0  0  65.535044
-0.34500000  -0.33370000  -1.19980000  0.00456759  0  0  0 0  0.00000000  0.00000000  0.00000000  -1.00000000  0  0  92.337077
-0.33550000  -0.27850000  -1.25000000  0.00492027  0  0  0 0  0.00000000  0.00000000  0.00000000  -1.00000000  0  0  12.821274
-0.26800000  -0.39490000  -1.19320000  0.00460918  0  0  0 2  0.10120000  0.32936213  0.00296964  0.00000000  1  13  90.819619
-0.35900000  -0.29660000  -1.16410000  0.00849359  0  0  0 3  0.09810000  0.12272783  0.00184544  0.07838358  2  11  106.374244
-0.38230000  -0.32220000  -1.24990000  0.00407275  0  0  0 0  0.00000000  0.00000000  0.00000000  -1.00000000  0  0  52.046725
-0.28890000  -0.27670000  -1.00010000  0.03278958  0  0  0 9  0.16930000  0.10165055  0.00264037  0.15786214  2  61  112.575079
-0.29650000  -0.39820000  -1.24110000  0.00474407  0  0  0 0  0.00000000  0.00000000  0.00000000  -1.00000000  0  0  60.953037
-0.26040000  -0.41770000  -1.25000000  0.00520362  0  0  0 0  0.00000000  0.00000000  0.00000000  -1.00000000  0  0  31.140921
-0.33180000  -0.32060000  -1.25000000  0.00432944  0  0  0 0  0.00000000  0.00000000  0.00000000  -1.00000000  0  0  22.494697
-0.40550000  -0.27300000  -1.22220000  0.00393026  0  0  0 1  0.09230000  1.11240473  0.00303611  -1.00000000  0  4  88.629706
-0.37980000  -0.32120000  -1.24360000  0.00399768  0  0  0 0  0.00000000  0.00000000  0.00000000  -1.00000000  0  0  56.606372
-0.38230000  -0.32080000  -1.24770000  0.00406170  0  0  0 0  0.00000000  0.00000000  0.00000000  -1.00000000  0  0  52.233586
-0.25090000  -0.41880000  -1.22040000  0.00422450  0  0  0 1  0.22810000  0.28212835  0.00361333  -1.00000000  0  104  73.599468
-0.32680000  -0.32490000  -1.25000000  0.00430425  0  0  0 0  0.00000000  0.00000000  0.00000000  -1.00000000  0  0  22.332837
-0.35390000  -0.25760000  -1.25000000  0.00504672  0  0  0 1  0.04230000  0.19175042  0.00049484  -1.00000000  0  3  11.072983
-0.27970000  -0.39100000  -1.20180000  0.00450101  0  0  0 1  0.11670000  0.36421360  0.00264023  -1.00000000  0  25  87.967694
-0.34930000  -0.29160000  -1.25000000  0.00391648  0  0  0 0  0.00000000  0.00000000  0.00000000  -1.00000000  0  0  32.033634
-0.35920000  -0.31270000  -1.25000000  0.00392926  0  0  0 0  0.00000000  0.00000000  0.00000000  -1.00000000  0  0  40.979326
-0.29510000  -0.39010000  -1.22280000  0.00458796  0  0  0 0  0.00000000  0.00000000  0.00000000  -1.00000000  0  0  73.545135
-0.31810000  -0.28610000  -1.25000000  0.00633954  0  0  0 8  0.10860000  0.14885924  0.00182114  0.01683029  2  21  8.300700
-0.31470000  -0.37820000  -1.25000000  0.00492064  0  0  0 0  0.00000000  0.00000000  0.00000000  -1.00000000  0  0  52.494423
-0.34450000  -0.35830000  -1.24270000  0.00435018  0  0  0 0  0.00000000  0.00000000  0.00000000  -1.00000000  0  0  61.173622
-0.28490000  -0.39760000  -1.22290000  0.00454212  0  0  0 0  0.00000000  0.00000000  0.00000000  -1.00000000  0  0  77.123917
-0.34040000  -0.25260000  -1.25000000  0.00892634  0  0  0 11  0.18180000  0.16290042  0.00230528  0.01185002  2  78  5.219102
-0.36290000  -0.30040000  -1.25000000  0.00391412  0  0  0 0  0.00000000  0.00000000  0.00000000  -1.00000000  0  0  38.099652
-0.20710000  -0.44120000  -1.21850000  0.00432055  0  0  0 0  0.00000000  0.00000000  0.00000000  -1.00000000  0  0  85.793689
-0.17690000  -0.46350000  -1.25000000  0.00454520  0  0  0 0  0.00000000  0.00000000  0.00000000  -1.00000000  0  0  51.915621
-0.22890000  -0.35470000  -1.25000000  0.01056828  0  0  0 11  0.18140000  0.09549299  0.00275968  0.04923394  2  97  6.130671
-0.12900000  -0.45930000  -1.19260000  0.00790350  0  0  0 2  0.12620000  0.18730449  0.00277671  0.00000000  1  39  102.174838
-0.01590000  -0.42670000  -1.25000000  0.00518442  0  0  0 1  0.09980000  0.12878594  0.00211482  -1.00000000  0  16  13.561035
-0.19050000  -0.45740000  -1.23880000  0.00466499  0  0  0 0  0.00000000  0.00000000  0.00000000  -1.00000000  0  0  62.928595
-0.16750000  -0.44880000  -1.25000000  0.00465474  0  0  0 1  0.20110000  0.31833368  0.00500383  -1.00000000  0  96  32.340848
-0.10670000  -0.43650000  -1.25000000  0.00476347  0  0  0 3  0.21210000  0.24271159  0.00356140  0.00012280  1  139  25.273525
-0.06430000  -0.48790000  -1.25000000  0.00447934  0  0  0 0  0.00000000  0.00000000  0.00000000  -1.00000000  0  0  59.773487
-0.21550000  -0.40270000  -1.25000000  0.00678348  0  0  0 2  0.13820000  0.51417261  0.00318330  0.00000000  1  48  12.481867
-0.06070000  -0.47810000  -1.25000000  0.00431750  0  0  0 0  0.00000000  0.00000000  0.00000000  -1.00000000  0  0  40.690353
-0.18560000  -0.39480000  -1.25000000  0.00737186  0  0  0 7  0.11570000  0.11324337  0.00309034  0.04516014  2  32  9.211287
-0.11080000  -0.47140000  -1.21060000  0.00665495  0  0  0 1  0.14840000  0.17509612  0.00177061  -1.00000000  0  47  100.448047
-0.11440000  -0.44170000  -1.25000000  0.00483977  0  0  0 1  0.16030000  0.17592799  0.00227953  -1.00000000  0  75  26.690678
-0.14110000  -0.47940000  -1.24940000  0.00512196  0  0  0 0  0.00000000  0.00000000  0.00000000  -1.00000000  0  0  69.956175
-0.04440000  -0.48650000  -1.25000000  0.00457858  0  0  0 3  0.06980000  0.76344405  0.00279917  0.00298718  1  2  61.650003
-0.02930000  -0.49860000  -1.24880000  0.00448362  0  0  0 1  0.12820000  0.71839165  0.00402139  -1.00000000  0  27  63.791094
-0.01590000  -0.49100000  -1.22820000  0.00432176  0  0  0 2  0.10240000  0.75885263  0.00327726  0.00000000  1  18  85.529956
-0.05140000  -0.42160000  -1.06190000  0.02615396  0  0  0 20  0.16070000  0.09680648  0.00268845  0.84086666  2  31  112.493013
-0.20130000  -0.43340000  -1.25000000  0.00494799  0  0  0 0  0.00000000  0.00000000  0.00000000  -1.00000000  0  0  20.547570
-0.06760000  -0.47680000  -1.25000000  0.00444052  0  0  0 1  0.17300000  0.38500660  0.00404868  -1.00000000  0  71  30.074942
-0.17940000  -0.45440000  -1.22150000  0.00475413  0  0  0 0  0.00000000  0.00000000  0.00000000  -1.00000000  0  0  87.292545
-0.22570000  -0.42760000  -1.20860000  0.00475591  0  0  0 2  0.18690000  0.26584031  0.00472318  -0.00000000  1  65  88.042569
-0.14740000  -0.42490000  -1.25000000  0.00513965  0  0  0 1  0.12490000  0.14724747  0.00345320  -1.00000000  0  40  14.899868
-0.21400000  -0.44430000  -1.23290000  0.00437358  0  0  0 0  0.00000000  0.00000000  0.00000000  -1.00000000  0  0  67.487272
-0.22610000  -0.43030000  -1.25000000  0.00529624  0  0  0 0  0.00000000  0.00000000  0.00000000  -1.00000000  0  0  30.038632
-0.04080000  -0.49580000  -1.25000000  0.00457858  0  0  0 0  0.00000000  0.00000000  0.00000000  -1.00000000  0  0  61.650003
-0.10690000  -0.45460000  -1.25000000  0.00473377  0  0  0 1  0.17310000  0.30835679  0.00309142  -1.00000000  0  80  30.461239
-0.05250000  -0.41240000  -1.25000000  0.00630187  0  0  0 2  0.14930000  0.25972285  0.00375492  0.00000000  1  60  10.096177
-0.12960000  -0.48220000  -1.24820000  0.00528193  0  0  0 0  0.00000000  0.00000000  0.00000000  -1.00000000  0  0  67.535256
-0.02680000  -0.49260000  -1.23330000  0.00436121  0  0  0 1  0.11220000  0.48067722  0.00299139  -1.00000000  0  24  84.264044
-0.04720000  -0.48380000  -1.25000000  0.00448171  0  0  0 0  0.00000000  0.00000000  0.00000000  -1.00000000  0  0  38.655870
-0.16100000  -0.43970000  -1.17060000  0.00732536  0  0  0 6  0.11620000  0.16670380  0.00269097  0.07007207  2  19  104.065814
-0.19490000  -0.40370000  -1.12070000  0.02965351  0  0  0 13  0.19670000  0.10708092  0.00266551  0.85500733  2  63  111.707523
-0.07270000  -0.49210000  -1.24370000  0.00449866  0  0  0 1  0.17120000  0.66298044  0.00308379  -1.00000000  0  54  88.586275
-0.16110000  -0.43130000  -1.25000000  0.00512200  0  0  0 3  0.19000000  0.30074266  0.00280290  0.00006252  1  94  19.601141
-0.13560000  -0.45310000  -1.18240000  0.00710576  0  0  0 1  0.11730000  0.15796402  0.00192270  -1.00000000  0  32  100.915655
-0.21140000  -0.45180000  -1.24700000  0.00450818  0  0  0 1  0.17510000  0.67588827  0.00409862  -1.00000000  0  50  58.404646
-0.05860000  -0.46780000  -1.17860000  0.01684136  0  0  0 23  0.11820000  0.10548310  0.00252966  0.77570439  2  18  108.085962
-0.10700000  -0.46570000  -1.25000000  0.00483190  0  0  0 1  0.06230000  0.83172057  0.00125962  -1.00000000  0  8  42.488856
-0.14560000  -0.44500000  -1.25000000  0.00458217  0  0  0 1  0.17800000  0.18220642  0.00269698  -1.00000000  0  81  28.561938
-0.11280000  -0.47300000  -1.25000000  0.00502836  0  0  0 3  0.13890000  0.79678534  0.00261261  0.00064354  1  36  52.976674
-0.07930000  -0.49050000  -1.25000000  0.00416328  0  0  0 0  0.00000000  0.00000000  0.00000000  -1.00000000  0  0  69.017492
-0.16810000  -0.39280000  -1.06810000  0.02800885  0  0  0 18  0.25040000  0.14443692  0.00276542  0.30271471  2  109  111.971758
-0.17380000  -0.44140000  -1.18600000  0.00548152  0  0  0 0  0.00000000  0.00000000  0.00000000  -1.00000000  0  0  101.114912
-0.08540000  -0.35650000  -1.25000000  0.25000000  0  0  0 102  0.24380000  0.00856935  0.00143174  0.39595064  2  104  0.000000
-0.22970000  -0.41090000  -1.17690000  0.00539223  0  0  0 1  0.18620000  0.15221089  0.00200019  -1.00000000  0  67  98.306510
-0.03830000  -0.46260000  -1.25000000  0.00424201  0  0  0 0  0.00000000  0.00000000  0.00000000  -1.00000000  0  0  36.797837
0.09050000  -0.46900000  -1.19410000  0.00670770  0  0  0 1  0.10210000  0.24407064  0.00239967  -1.00000000  0  18  97.634008
0.06670000  -0.46080000  -1.25000000  0.00381130  0  0  0 0  0.00000000  0.00000000  0.00000000  -1.00000000  0  0  45.012172
0.18300000  -0.44000000  -1.19130000  0.00532819  0  0  0 2  0.10570000  0.20306066  0.00237180  0.00000000  1  20  97.660400
0.02610000  -0.49660000  -1.24320000  0.00434682  0  0  0 1  0.18820000  0.31324457  0.00438196  -1.00000000  0  54  43.342433
0.25530000  -0.42460000  -1.23870000  0.00398462  0  0  0 0  0.00000000  0.00000000  0.00000000  -1.00000000  0  0  48.281059
0.05080000  -0.48630000  -1.22230000  0.00374469  0  0  0 0  0.00000000  0.00000000  0.00000000  -1.00000000  0  0  77.440298
0.17660000  -0.42370000  -1.25000000  0.00399081  0  0  0 0  0.00000000  0.00000000  0.00000000  -1.00000000  0  0  27.768552
0.07120000  -0.48020000  -1.21370000  0.00436006  0  0  0 0  0.00000000  0.00000000  0.00000000  -1.00000000  0  0  86.644267
0.12450000  -0.47440000  -1.22610000  0.00525098  0  0  0 0  0.00000000  0.00000000  0.00000000  -1.00000000  0  0  88.829577
0.01190000  -0.48270000  -1.20700000  0.00451794  0  0  0 1  0.09260000  0.33283455  0.00306972  -1.00000000  0  14  90.477525
0.18890000  -0.42870000  -1.25000000  0.00421961  0  0  0 2  0.07010000  0.98841442  0.00314747  -0.00000000  1  5  30.983232
0.17590000  -0.46450000  -1.24170000  0.00456731  0  0  0 0  0.00000000  0.00000000  0.00000000  -1.00000000  0  0  80.144790
0.20650000  -0.45030000  -1.23850000  0.00409108  0  0  0 0  0.00000000  0.00000000  0.00000000  -1.00000000  0  0  71.692072
0.14710000  -0.44910000  -1.25000000  0.00377724  0  0  0 1  0.15440000  0.74562793  0.00292707  -1.00000000  0  51  46.649506
0.09350000  -0.46730000  -1.25000000  0.00385150  0  0  0 0  0.00000000  0.00000000  0.00000000  -1.00000000  0  0  43.607803
0.08010000  -0.44860000  -1.25000000  0.00396343  0  0  0 0  0.00000000  0.00000000  0.00000000  -1.00000000  0  0  29.333504
0.10690000  -0.44450000  -1.25000000  0.00387646  0  0  0 1  0.10160000  0.97510321  0.00392254  -1.00000000  0  15  25.890095
0.08970000  -0.44820000  -1.25000000  0.00392017  0  0  0 0  0.00000000  0.00000000  0.00000000  -1.00000000  0  0  27.194130
0.17090000  -0.44720000  -1.19680000  0.00486223  0  0  0 1  0.15500000  0.18992372  0.00434542  -1.00000000  0  43  95.396897
0.16670000  -0.46130000  -1.22630000  0.00475996  0  0  0 2  0.14940000  0.40490013  0.00286266  0.00000000  1  33  88.362824
0.12910000  -0.45800000  -1.25000000  0.00385996  0  0  0 0  0.00000000  0.00000000  0.00000000  -1.00000000  0  0  59.254434
0.22430000  -0.44130000  -1.23770000  0.00460780  0  0  0 0  0.00000000  0.00000000  0.00000000  -1.00000000  0  0  77.975459
0.24690000  -0.42610000  -1.25000000  0.00450808  0  0  0 0  0.00000000  0.00000000  0.00000000  -1.00000000  0  0  32.403734
0.14550000  -0.44310000  -1.25000000  0.00368080  0  0  0 0  0.00000000  0.00000000  0.00000000  -1.00000000  0  0  37.808325
0.20970000  -0.41420000  -1.16070000  0.01232489  0  0  0 17  0.17370000  0.07511405  0.00322118  0.60679338  2  44  110.440565
0.04700000  -0.47200000  -1.25000000  0.00425802  0  0  0 1  0.11460000  1.02287745  0.00283860  -1.00000000  0  21  26.865890
0.19520000  -0.46010000  -1.24930000  0.00408374  0  0  0 0  0.00000000  0.00000000  0.00000000  -1.00000000  0  0  75.019047
0.23770000  -0.42180000  -1.21050000  0.00510478  0  0  0 3  0.18520000  0.23159774  0.00391428  0.00045360  1  54  97.967590
0.07520000  -0.40510000  -1.03000000  0.02704235  0  0  0 29  0.20780000  0.08800662  0.00300535  0.23693285  2  59  111.118706
0.06030000  -0.49480000  -1.24610000  0.00400319  0  0  0 0  0.00000000  0.00000000  0.00000000  -1.00000000  0  0  61.585511
0.20830000  -0.34500000  -1.25000000  0.01791284  0  0  0 34  0.18650000  0.07897893  0.00182709  0.28332454  2  69  1.626615
0.08320000  -0.45920000  -1.16670000  0.00803059  0  0  0 11  0.13220000  0.16119273  0.00251868  0.06864764  2  31  101.637649
0.06350000  -0.45870000  -1.15760000  0.00844852  0  0  0 8  0.09680000  0.12122961  0.00326928  0.49198124  2  11  104.950258
0.07110000  -0.48590000  -1.25000000  0.00383134  0  0  0 0  0.00000000  0.00000000  0.00000000  -1.00000000  0  0  52.135608
0.06320000  -0.43740000  -1.25000000  0.00432920  0  0  0 1  0.13310000  0.23136285  0.00241678  -1.00000000  0  33  21.864717
0.06620000  -0.49020000  -1.23660000  0.00376511  0  0  0 0  0.00000000  0.00000000  0.00000000  -1.00000000  0  0  55.888952
0.25210000  -0.41480000  -1.21360000  0.00436936  0  0  0 1  0.15680000  0.29463188  0.00381301  -1.00000000  0  34  92.660127
0.21380000  -0.44580000  -1.25000000  0.00412843  0  0  0 0  0.00000000  0.00000000  0.00000000  -1.00000000  0  0  63.801117
0.06180000  -0.40580000  -1.25000000  0.00841453  0  0  0 9  0.11130000  0.10250583  0.00287496  0.03516185  2  22  6.211505
0.24030000  -0.43220000  -1.23640000  0.00420637  0  0  0 0  0.00000000  0.00000000  0.00000000  -1.00000000  0  0  65.724709
0.39120000  -0.30710000  -1.24340000  0.00419173  0  0  0 0  0.00000000  0.00000000  0.00000000  -1.00000000  0  0  119.038652
0.32960000  -0.28130000  -1.25000000  0.00522337  0  0  0 5  0.12100000  0.23570974  0.00240579  0.00062346  1  28  13.053481
0.34530000  -0.35380000  -1.23590000  0.00469299  0  0  0 0  0.00000000  0.00000000  0.00000000  -1.00000000  0  0  80.750361
0.32300000  -0.37970000  -1.24620000  0.00486635  0  0  0 0  0.00000000  0.00000000  0.00000000  -1.00000000  0  0  72.625153
0.30200000  -0.39540000  -1.25000000  0.00445352  0  0  0 0  0.00000000  0.00000000  0.00000000  -1.00000000  0  0  47.040659
0.39050000  -0.30190000  -1.25000000  0.00419173  0  0  0 0  0.00000000  0.00000000  0.00000000  -1.00000000  0  0  119.038652
0.29980000  -0.38990000  -1.22950000  0.00409498  0  0  0 0  0.00000000  0.00000000  0.00000000  -1.00000000  0  0  61.649153
0.30670000  -0.35680000  -1.17620000  0.00634329  0  0  0 3  0.12930000  0.17566934  0.00225802  0.00161130  1  22  102.805525
0.30770000  -0.34450000  -1.25000000  0.00437050  0  0  0 0  0.00000000  0.00000000  0.00000000  -1.00000000  0  0  22.970740
0.26070000  -0.38530000  -1.25000000  0.00463486  0  0  0 1  0.22720000  0.17186828  0.00444320  -1.00000000  0  113  19.909428
0.30730000  -0.37190000  -1.20610000  0.00486701  0  0  0 0  0.00000000  0.00000000  0.00000000  -1.00000000  0  0  91.435869
0.32370000  -0.31940000  -1.25000000  0.00508519  0  0  0 0  0.00000000  0.00000000  0.00000000  -1.00000000  0  0  15.325653
0.32570000  -0.36580000  -1.25000000  0.00466957  0  0  0 1  0.21030000  0.40300261  0.00297440  -1.00000000  0  86  68.254592
0.38740000  -0.31290000  -1.24500000  0.00411233  0  0  0 0  0.00000000  0.00000000  0.00000000  -1.00000000  0  0  110.089470
0.31140000  -0.33780000  -1.25000000  0.00437358  0  0  0 1  0.19560000  0.22642064  0.00369105  -1.00000000  0  81  21.595491
0.26890000  -0.41990000  -1.25000000  0.00417765  0  0  0 0  0.00000000  0.00000000  0.00000000  -1.00000000  0  0  43.573035
0.39840000  -0.29800000  -1.24370000  0.00408450  0  0  0 0  0.00000000  0.00000000  0.00000000  -1.00000000  0  0  104.981075
0.35910000  -0.29420000  -1.16050000  0.00885690  0  0  0 7  0.13120000  0.14586275  0.00254043  0.13356693  2  29  74.437294
0.42380000  -0.25600000  -1.23780000  0.00426463  0  0  0 0  0.00000000  0.00000000  0.00000000  -1.00000000  0  0  102.797813
0.26910000  -0.38970000  -1.18400000  0.00631582  0  0  0 4  0.13030000  0.19090636  0.00277144  0.01645423  2  26  102.136637
0.36090000  -0.30350000  -1.25000000  0.00403786  0  0  0 2  0.12320000  0.98405439  0.00401539  0.00000000  1  30  30.112238
0.37920000  -0.26930000  -1.16290000  0.00942278  0  0  0 9  0.15080000  0.12472362  0.00279062  0.03735278  2  30  72.702178
0.34170000  -0.31160000  -1.25000000  0.00393001  0  0  0 1  0.14040000  0.35442398  0.00366349  -1.00000000  0  41  28.023014
0.27460000  -0.35260000  -1.25000000  0.00450137  0  0  0 0  0.00000000  0.00000000  0.00000000  -1.00000000  0  0  17.504686
0.35170000  -0.28120000  -1.25000000  0.00569958  0  0  0 0  0.00000000  0.00000000  0.00000000  -1.00000000  0  0  11.935871
0.36750000  -0.28360000  -1.25000000  0.00439118  0  0  0 0  0.00000000  0.00000000  0.00000000  -1.00000000  0  0  22.361726
0.41730000  -0.27070000  -1.24350000  0.00432383  0  0  0 0  0.00000000  0.00000000  0.00000000  -1.00000000  0  0  108.263564
0.27470000  -0.36720000  -1.25000000  0.00417381  0  0  0 0  0.00000000  0.00000000  0.00000000  -1.00000000  0  0  22.387680
0.35630000  -0.34520000  -1.25000000  0.00428748  0  0  0 0  0.00000000  0.00000000  0.00000000  -1.00000000  0  0  105.514036
0.28430000  -0.29770000  -1.02920000  0.03076231  0  0  0 33  0.16390000  0.08130774  0.00289572  0.57817054  2  28  67.737402
0.37720000  -0.31040000  -1.22130000  0.00419616  0  0  0 0  0.00000000  0.00000000  0.00000000  -1.00000000  0  0  95.826148
0.29060000  -0.39830000  -1.23260000  0.00424177  0  0  0 1  0.06310000  0.99167068  0.00174927  -1.00000000  0  2  70.292036
0.34580000  -0.30210000  -1.25000000  0.00414298  0  0  0 0  0.00000000  0.00000000  0.00000000  -1.00000000  0  0  19.415956
0.37590000  -0.30170000  -1.25000000  0.00424004  0  0  0 0  0.00000000  0.00000000  0.00000000  -1.00000000  0  0  37.722929
0.36860000  -0.33530000  -1.25000000  0.00405982  0  0  0 1  0.24830000  0.46129506  0.00370194  -1.00000000  0  110  122.651837
0.38610000  -0.29240000  -1.21080000  0.00485400  0  0  0 2  0.17110000  0.24694635  0.00357032  0.00000000  1  49  87.389145
0.25850000  -0.41310000  -1.21830000  0.00470591  0  0  0 2  0.08330000  0.94767293  0.00378002  0.00000000  1  7  94.636673
-0.45060000  -0.18550000  -1.25000000  0.00379302  0  0  0 0  0.00000000  0.00000000  0.00000000  -1.00000000  0  0  43.334507
-0.45760000  -0.03340000  -1.25000000  0.00409076  0  0  0 0  0.00000000  0.00000000  0.00000000  -1.00000000  0  0  26.775929
-0.45670000  -0.13420000  -1.25000000  0.00373049  0  0  0 2  0.16690000  0.62235214  0.00351236  -0.00000000  1  54  46.874034
-0.45480000  -0.17730000  -1.25000000  0.00387915  0  0  0 0  0.00000000  0.00000000  0.00000000  -1.00000000  0  0  40.428439
-0.43910000  -0.21230000  -1.25000000  0.00396832  0  0  0 0  0.00000000  0.00000000  0.00000000  -1.00000000  0  0  34.288399
-0.46460000  -0.03970000  -1.16580000  0.00660533  0  0  0 3  0.10510000  0.16989409  0.00169449  0.01067847  2  17  103.989076
-0.46580000  -0.17740000  -1.25000000  0.00402664  0  0  0 0  0.00000000  0.00000000  0.00000000  -1.00000000  0  0  58.736564
-0.42880000  -0.23660000  -1.22420000  0.00402361  0  0  0 1  0.20030000  0.37705683  0.00410462  -1.00000000  0  64  86.164807
-0.41170000  -0.24580000  -1.19860000  0.00419177  0  0  0 0  0.00000000  0.00000000  0.00000000  -1.00000000  0  0  93.701533
-0.48070000  -0.08060000  -1.25000000  0.00397311  0  0  0 0  0.00000000  0.00000000  0.00000000  -1.00000000  0  0  43.203745
-0.49630000  -0.04240000  -1.24520000  0.00422320  0  0  0 0  0.00000000  0.00000000  0.00000000  -1.00000000  0  0  80.346192
-0.46260000  -0.03000000  -1.15900000  0.00850717  0  0  0 2  0.06490000  0.10898958  0.00339041  0.00000000  1  4  106.143329
-0.44230000  -0.04100000  -1.25000000  0.00444221  0  0  0 0  0.00000000  0.00000000  0.00000000  -1.00000000  0  0  15.588013
-0.44660000  -0.00650000  -1.25000000  0.00465759  0  0  0 1  0.09170000  0.14893603  0.00398646  -1.00000000  0  11  18.839215
-0.45000000  -0.20520000  -1.23650000  0.00429409  0  0  0 0  0.00000000  0.00000000  0.00000000  -1.00000000  0  0  79.729898
-0.48310000  -0.01140000  -1.20800000  0.00401208  0  0  0 1  0.13500000  0.37077303  0.00453754  -1.00000000  0  22  84.033400
-0.43500000  -0.21800000  -1.21650000  0.00441299  0  0  0 0  0.00000000  0.00000000  0.00000000  -1.00000000  0  0  93.172793
-0.44910000  -0.15400000  -1.18700000  0.00697585  0  0  0 2  0.11330000  0.16441469  0.00249573  0.00000000  1  25  102.848649
-0.48610000  -0.03230000  -1.21790000  0.00421776  0  0  0 1  0.11730000  0.32969028  0.00449951  -1.00000000  0  15  84.118677
-0.43440000  -0.21080000  -1.20720000  0.00443930  0  0  0 0  0.00000000  0.00000000  0.00000000  -1.00000000  0  0  94.212773
-0.45800000  -0.16900000  -1.25000000  0.00404548  0  0  0 1  0.15090000  0.90065310  0.00231440  -1.00000000  0  40  44.273444
-0.42970000  -0.24350000  -1.25000000  0.00401359  0  0  0 0  0.00000000  0.00000000  0.00000000  -1.00000000  0  0  44.971131
-0.47670000  -0.11590000  -1.25000000  0.00411358  0  0  0 0  0.00000000  0.00000000  0.00000000  -1.00000000  0  0  71.222598
-0.40850000  -0.04800000  -1.02830000  0.02797467  0  0  0 12  0.16430000  0.10709807  0.00361240  0.17009535  2  51  111.188820
-0.39120000  -0.06430000  -1.25000000  0.01552154  0  0  0 29  0.19430000  0.05591211  0.00230870  0.39142592  2  62  1.769424
-0.43150000  -0.14420000  -1.25000000  0.00427013  0  0  0 0  0.00000000  0.00000000  0.00000000  -1.00000000  0  0  21.486510
-0.42410000  -0.22700000  -1.20250000  0.00508898  0  0  0 1  0.10640000  0.27155249  0.00217391  -1.00000000  0  9  98.946465
-0.43140000  -0.23870000  -1.23260000  0.00382886  0  0  0 0  0.00000000  0.00000000  0.00000000  -1.00000000  0  0  77.698982
-0.40650000  -0.12950000  -1.25000000  0.00461983  0  0  0 0  0.00000000  0.00000000  0.00000000  -1.00000000  0  0  16.209750
-0.49260000  -0.07540000  -1.24580000  0.00418676  0  0  0 0  0.00000000  0.00000000  0.00000000  -1.00000000  0  0  71.230045
-0.49380000  -0.02390000  -1.23590000  0.00397150  0  0  0 0  0.00000000  0.00000000  0.00000000  -1.00000000  0  0  66.809793
-0.46210000  -0.16790000  -1.22920000  0.00516071  0  0  0 0  0.00000000  0.00000000  0.00000000  -1.00000000  0  0  91.337422
-0.48980000  -0.05330000  -1.23180000  0.00460910  0  0  0 0  0.00000000  0.00000000  0.00000000  -1.00000000  0  0  89.998535
-0.46310000  -0.15300000  -1.21920000  0.00512298  0  0  0 2  0.13230000  0.69633893  0.00235092  -0.00000000  1  28  95.863843
-0.47540000  -0.04640000  -1.25000000  0.00394423  0  0  0 1  0.09200000  1.06271636  0.00209636  -1.00000000  0  12  31.167042
-0.39570000  -0.23940000  -1.15620000  0.01058129  0  0  0 10  0.13340000  0.11050101  0.00252703  0.53242278  2  22  108.170416
-0.44480000  -0.02620000  -1.25000000  0.00446547  0  0  0 1  0.15590000  0.15389493  0.00391347  -1.00000000  0  48  19.904810
-0.43480000  -0.19810000  -1.19450000  0.00551011  0  0  0 3  0.13100000  0.15797933  0.00294050  0.00845726  1  26  100.782497
-0.42430000  -0.21890000  -1.25000000  0.00405406  0  0  0 0  0.00000000  0.00000000  0.00000000  -1.00000000  0  0  28.474052
-0.42300000  -0.19980000  -1.16950000  0.01171297  0  0  0 9  0.11620000  0.11579817  0.00276451  0.19363922  2  16  107.963079
-0.45640000  -0.08970000  -1.16280000  0.00843143  0  0  0 11  0.13480000  0.11705298  0.00301724  0.46129922  2  27  107.880452
-0.43950000  -0.20810000  -1.25000000  0.00396832  0  0  0 0  0.00000000  0.00000000  0.00000000  -1.00000000  0  0  34.288399
-0.43620000  -0.21620000  -1.21720000  0.00441671  0  0  0 0  0.00000000  0.00000000  0.00000000  -1.00000000  0  0  92.356826
-0.48570000  -0.08150000  -1.25000000  0.00437225  0  0  0 0  0.00000000  0.00000000  0.00000000  -1.00000000  0  0  66.938622
-0.47320000  -0.13370000  -1.22940000  0.00467137  0  0  0 0  0.00000000  0.00000000  0.00000000  -1.00000000  0  0  90.775794
-0.44900000  -0.19790000  -1.25000000  0.00380968  0  0  0 0  0.00000000  0.00000000  0.00000000  -1.00000000  0  0  44.887166
-0.44300000  -0.21900000  -1.23550000  0.00406920  0  0  0 0  0.00000000  0.00000000  0.00000000  -1.00000000  0  0  83.708352
-0.36730000  -0.15560000  -1.25000000  0.00948235  0  0  0 34  0.21930000  0.07331013  0.00228067  0.18750745  2  105  3.207912
-0.48690000  -0.09160000  -1.23870000  0.00449683  0  0  0 0  0.00000000  0.00000000  0.00000000  -1.00000000  0  0  80.614567
-0.36640000  -0.19290000  -1.03520000  0.04420678  0  0  0 35  0.18080000  0.08795912  0.00266377  0.58694842  2  47  111.742123
-0.46990000  -0.03040000  -1.25000000  0.00403341  0  0  0 2  0.20140000  0.29098180  0.00310807  0.00000000  1  72  28.045124
-0.48730000  -0.00800000  -1.21850000  0.00395164  0  0  0 0  0.00000000  0.00000000  0.00000000  -1.00000000  0  0  82.626871
-0.09600000  -0.06240000  -1.25000000  0.25000000  0  0  0 122  0.25190000  0.00944728  0.00134794  0.62685270  2  93  0.000000
0.18420000  -0.13510000  -1.25000000  0.25000000  0  0  0 121  0.24380000  0.00147529  0.00147529  0.58739626  2  77  0.000000
0.42300000  -0.24140000  -1.25000000  0.00434015  0  0  0 1  0.19430000  0.64337903  0.00406676  -1.00000000  0  71  130.421101
0.48230000  -0.10850000  -1.23600000  0.00404313  0  0  0 0  0.00000000  0.00000000  0.00000000  -1.00000000  0  0  134.584443
0.46240000  -0.11600000  -1.25000000  0.00436128  0  0  0 0  0.00000000  0.00000000  0.00000000  -1.00000000  0  0  34.574485
0.47240000  -0.11870000  -1.21780000  0.00383353  0  0  0 1  0.12410000  0.82723600  0.00144272  -1.00000000  0  14  106.355012
0.46290000  -0.12000000  -1.19550000  0.00396695  0  0  0 1  0.13700000  0.25316045  0.00241152  -1.00000000  0  24  93.507300
0.43320000  -0.17280000  -1.16610000  0.00712275  0  0  0 2  0.08280000  0.14188392  0.00149819  0.00000000  1  11  75.314020
0.47640000  -0.14020000  -1.24140000  0.00406931  0  0  0 0  0.00000000  0.00000000  0.00000000  -1.00000000  0  0  124.920966
0.44890000  -0.17180000  -1.25000000  0.00414491  0  0  0 0  0.00000000  0.00000000  0.00000000  -1.00000000  0  0  123.843769
0.42260000  -0.15060000  -1.25000000  0.00485596  0  0  0 0  0.00000000  0.00000000  0.00000000  -1.00000000  0  0  24.155235
0.44680000  -0.12590000  -1.16050000  0.00722754  0  0  0 5  0.09990000  0.16181817  0.00190606  0.02711252  2  11  75.976749
0.44150000  -0.22460000  -1.23830000  0.00418153  0  0  0 0  0.00000000  0.00000000  0.00000000  -1.00000000  0  0  110.232844
0.44120000  -0.21800000  -1.23030000  0.00418081  0  0  0 1  0.20300000  0.41383800  0.00397437  -1.00000000  0  69  110.408932
0.43060000  -0.19990000  -1.18690000  0.00528222  0  0  0 2  0.16810000  0.30662713  0.00362110  0.00000000  1  46  82.382430
0.42000000  -0.23490000  -1.20300000  0.00445511  0  0  0 1  0.14490000  0.24938040  0.00275845  -1.00000000  0  32  89.936407
0.44410000  -0.17230000  -1.19090000  0.00469939  0  0  0 0  0.00000000  0.00000000  0.00000000  -1.00000000  0  0  84.541478
0.43030000  -0.16700000  -1.25000000  0.00418050  0  0  0 2  0.20230000  0.48021968  0.00388911  -0.00000000  1  93  34.279833
0.48790000  -0.06320000  -1.22990000  0.00362531  0  0  0 1  0.22490000  0.49496899  0.00413512  -1.00000000  0  74  115.479454
0.40440000  -0.16970000  -1.25000000  0.00451993  0  0  0 0  0.00000000  0.00000000  0.00000000  -1.00000000  0  0  19.510913
0.36790000  -0.21150000  -1.25000000  0.00564596  0  0  0 3  0.16420000  0.16513296  0.00312368  0.00652907  1  76  15.419157
0.45090000  -0.20680000  -1.25000000  0.00401306  0  0  0 0  0.00000000  0.00000000  0.00000000  -1.00000000  0  0  123.098714
0.36110000  -0.17990000  -1.00850000  0.04151636  0  0  0 53  0.19760000  0.08322946  0.00272738  0.44207039  2  58  68.453236
0.48090000  -0.03290000  -1.20510000  0.00384785  0  0  0 0  0.00000000  0.00000000  0.00000000  -1.00000000  0  0  93.816547
0.34850000  -0.23800000  -1.25000000  0.01039272  0  0  0 2  0.11430000  0.09128393  0.00126301  0.00000000  1  30  6.458440
0.45560000  -0.20320000  -1.24710000  0.00425592  0  0  0 0  0.00000000  0.00000000  0.00000000  -1.00000000  0  0  116.302961
0.44340000  -0.20760000  -1.22400000  0.00415086  0  0  0 1  0.10170000  0.81795700  0.00317887  -1.00000000  0  12  104.650516
0.47800000  -0.01290000  -1.19540000  0.00477562  0  0  0 0  0.00000000  0.00000000  0.00000000  -1.00000000  0  0  85.518904
0.46550000  -0.06980000  -1.17680000  0.00370832  0  0  0 2  0.07730000  0.30155201  0.00236407  0.00000000  1  5  84.760606
0.47600000  -0.07580000  -1.20500000  0.00345877  0  0  0 0  0.00000000  0.00000000  0.00000000  -1.00000000  0  0  100.625559
0.46770000  -0.09300000  -1.19230000  0.00379284  0  0  0 0  0.00000000  0.00000000  0.00000000  -1.00000000  0  0  95.808853
0.41970000  -0.22650000  -1.19230000  0.00454197  0  0  0 1  0.13940000  0.20565474  0.00438952  -1.00000000  0  29  87.560668
0.49930000  -0.01340000  -1.24860000  0.00434951  0  0  0 0  0.00000000  0.00000000  0.00000000  -1.00000000  0  0  38.135230
0.48200000  -0.03820000  -1.20870000  0.00386214  0  0  0 1  0.16540000  0.28990394  0.00435511  -1.00000000  0  33  94.684202
0.42460000  -0.23970000  -1.21900000  0.00412635  0  0  0 2  0.15860000  0.70171718  0.00290658  0.00000000  1  38  103.050498
0.42470000  -0.19420000  -1.16750000  0.00764011  0  0  0 6  0.11440000  0.13051618  0.00284034  0.04404467  2  17  73.427068
0.42120000  -0.21640000  -1.18380000  0.00491527  0  0  0 0  0.00000000  0.00000000  0.00000000  -1.00000000  0  0  82.082952
0.40100000  -0.16930000  -1.25000000  0.00492883  0  0  0 1  0.11470000  0.23121841  0.00469015  -1.00000000  0  29  17.672644
0.41170000  -0.22400000  -1.17180000  0.00831211  0  0  0 5  0.12470000  0.16554762  0.00284588  0.02536026  2  23  74.144018
0.47760000  -0.04050000  -1.19820000  0.00409381  0  0  0 1  0.12760000  0.29423231  0.00289426  -1.00000000  0  14  90.172812
0.39710000  -0.05240000  -1.00150000  0.03855161  0  0  0 54  0.23270000  0.06810968  0.00278647  0.21111929  2  105  67.976340
0.49340000  -0.00270000  -1.23360000  0.00371306  0  0  0 0  0.00000000  0.00000000  0.00000000  -1.00000000  0  0  110.159739
0.36820000  -0.13540000  -1.25000000  0.25000000  0  0  0 38  0.23960000  0.06232117  0.00125452  0.25860311  2  128  0.000000
-0.49570000  0.01300000  -1.25000000  0.00450587  0  0  0 0  0.00000000  0.00000000  0.00000000  -1.00000000  0  0  33.520095
-0.44830000  0.11100000  -1.15460000  0.00920282  0  0  0 7  0.13240000  0.13323689  0.00259251  0.18189258  2  19  108.825677
-0.44880000  0.15630000  -1.18800000  0.00476673  0  0  0 1  0.12370000  0.19829559  0.00290897  -1.00000000  0  24  99.084118
-0.42710000  0.20910000  -1.18880000  0.00401291  0  0  0 3  0.16450000  0.23976670  0.00243284  0.00374183  1  37  96.547127
-0.47560000  0.13770000  -1.23790000  0.00383096  0  0  0 0  0.00000000  0.00000000  0.00000000  -1.00000000  0  0  56.671021
-0.48730000  0.05590000  -1.22630000  0.00400155  0  0  0 2  0.17660000  0.67815836  0.00305420  0.00000000  1  30  75.469215
-0.46140000  0.13440000  -1.20140000  0.00473241  0  0  0 0  0.00000000  0.00000000  0.00000000  -1.00000000  0  0  95.432072
-0.43350000  0.24190000  -1.24110000  0.00445438  0  0  0 1  0.20710000  0.39092574  0.00415362  -1.00000000  0  61  79.412221
-0.40850000  0.24160000  -1.18650000  0.00531213  0  0  0 4  0.09140000  0.16335519  0.00316279  0.03242404  2  9  101.537344
-0.44760000  0.17990000  -1.20600000  0.00476267  0  0  0 0  0.00000000  0.00000000  0.00000000  -1.00000000  0  0  96.900346
-0.45000000  0.04850000  -1.25000000  0.00445458  0  0  0 2  0.12110000  0.19983206  0.00290037  0.00000000  1  20  20.192709
-0.46190000  0.12560000  -1.19650000  0.00492167  0  0  0 3  0.12920000  0.24024415  0.00256204  0.00451780  1  17  98.865892
-0.47140000  0.13670000  -1.22700000  0.00376040  0  0  0 2  0.16670000  0.70177355  0.00340575  0.00000000  1  32  74.141055
-0.42930000  0.24790000  -1.23930000  0.00434347  0  0  0 0  0.00000000  0.00000000  0.00000000  -1.00000000  0  0  79.390930
-0.46750000  0.03390000  -1.25000000  0.00448762  0  0  0 1  0.10960000  0.29170847  0.00311881  -1.00000000  0  15  30.135847
-0.42210000  0.02970000  -1.25000000  0.00506340  0  0  0 3  0.16210000  0.15602584  0.00289242  0.00188748  1  48  11.391086
-0.46170000  0.02400000  -1.15590000  0.00765367  0  0  0 2  0.09880000  0.10377360  0.00265539  -0.00000000  1  9  106.075269
-0.47110000  0.00920000  -1.17800000  0.00458794  0  0  0 1  0.10080000  0.18330883  0.00266480  -1.00000000  0  11  98.520457
-0.48500000  0.07380000  -1.22640000  0.00390366  0  0  0 0  0.00000000  0.00000000  0.00000000  -1.00000000  0  0  74.787995
-0.49540000  0.04260000  -1.24300000  0.00400295  0  0  0 0  0.00000000  0.00000000  0.00000000  -1.00000000  0  0  65.445605
-0.45920000  0.17640000  -1.22980000  0.00372783  0  0  0 0  0.00000000  0.00000000  0.00000000  -1.00000000  0  0  78.853971
-0.35530000  0.19210000  -1.25000000  0.01116611  0  0  0 12  0.20580000  0.07854412  0.00349869  0.04448540  2  97  5.617208
-0.45940000  0.18550000  -1.25000000  0.00387328  0  0  0 1  0.25020000  1.33036661  0.00307715  -1.00000000  0  90  41.810720
-0.38980000  0.15490000  -1.25000000  0.00534739  0  0  0 0  0.00000000  0.00000000  0.00000000  -1.00000000  0  0  13.113846
-0.47270000  0.03840000  -1.18570000  0.00443927  0  0  0 2  0.11840000  0.19761855  0.00248296  -0.00000000  1  11  98.125580
-0.39610000  0.18810000  -1.25000000  0.00466839  0  0  0 0  0.00000000  0.00000000  0.00000000  -1.00000000  0  0  16.760217
-0.45510000  0.01470000  -1.25000000  0.00450055  0  0  0 0  0.00000000  0.00000000  0.00000000  -1.00000000  0  0  23.630568
-0.45110000  0.01550000  -1.25000000  0.00450055  0  0  0 0  0.00000000  0.00000000  0.00000000  -1.00000000  0  0  23.630568
-0.43100000  0.24720000  -1.24210000  0.00445438  0  0  0 0  0.00000000  0.00000000  0.00000000  -1.00000000  0  0  79.412221
-0.45160000  0.20890000  -1.24400000  0.00390423  0  0  0 0  0.00000000  0.00000000  0.00000000  -1.00000000  0  0  76.198596
-0.47760000  0.12510000  -1.23430000  0.00421443  0  0  0 0  0.00000000  0.00000000  0.00000000  -1.00000000  0  0  77.871833
-0.46050000  0.19060000  -1.24590000  0.00397699  0  0  0 0  0.00000000  0.00000000  0.00000000  -1.00000000  0  0  62.673120
-0.37570000  0.12400000  -1.25000000  0.00695789  0  0  0 3  0.06560000  0.17253079  0.00123578  0.01003568  1  12  9.956644
-0.45660000  0.19880000  -1.24500000  0.00395822  0  0  0 0  0.00000000  0.00000000  0.00000000  -1.00000000  0  0  64.532740
-0.49060000  0.07010000  -1.23900000  0.00389656  0  0  0 0  0.00000000  0.00000000  0.00000000  -1.00000000  0  0  54.605543
-0.38820000  0.12370000  -1.25000000  0.00638116  0  0  0 3  0.13710000  0.15578028  0.00146966  0.00046558  1  32  11.048878
-0.46520000  0.09150000  -1.25000000  0.00431358  0  0  0 0  0.00000000  0.00000000  0.00000000  -1.00000000  0  0  27.061524
-0.47390000  0.06820000  -1.25000000  0.00414300  0  0  0 1  0.15490000  0.84174676  0.00246497  -1.00000000  0  29  42.331047
-0.48950000  0.06480000  -1.23440000  0.00379928  0  0  0 0  0.00000000  0.00000000  0.00000000  -1.00000000  0  0  66.379135
-0.42130000  0.25360000  -1.22930000  0.00428745  0  0  0 0  0.00000000  0.00000000  0.00000000  -1.00000000  0  0  89.710091
-0.48300000  0.08510000  -1.25000000  0.00424165  0  0  0 0  0.00000000  0.00000000  0.00000000  -1.00000000  0  0  35.346652
-0.44050000  0.19150000  -1.20090000  0.00446309  0  0  0 0  0.00000000  0.00000000  0.00000000  -1.00000000  0  0  95.354564
-0.47330000  0.01640000  -1.18380000  0.00419500  0  0  0 0  0.00000000  0.00000000  0.00000000  -1.00000000  0  0  96.211642
-0.45610000  0.15940000  -1.20780000  0.00368175  0  0  0 0  0.00000000  0.00000000  0.00000000  -1.00000000  0  0  83.479266
-0.48380000  0.10950000  -1.24010000  0.00397937  0  0  0 0  0.00000000  0.00000000  0.00000000  -1.00000000  0  0  60.934852
-0.35140000  0.21090000  -1.02460000  0.02926581  0  0  0 21  0.24380000  0.10419180  0.00271038  0.30732008  2  121  111.695099
-0.43740000  0.02160000  -1.25000000  0.00497776  0  0  0 1  0.14320000  0.09863545  0.00234983  -1.00000000  0  35  13.216551
-0.47930000  0.11540000  -1.23240000  0.00408784  0  0  0 0  0.00000000  0.00000000  0.00000000  -1.00000000  0  0  74.619047
-0.42160000  0.03350000  -1.05720000  0.03407869  0  0  0 31  0.18200000  0.07382567  0.00263233  0.50737075  2  44  112.065526
-0.48800000  0.03260000  -1.22270000  0.00401606  0  0  0 0  0.00000000  0.00000000  0.00000000  -1.00000000  0  0  73.355492
-0.41650000  0.23690000  -1.25000000  0.00449962  0  0  0 1  0.05240000  1.17047716  0.00372408  -1.00000000  0  1  23.354155
-0.48960000  0.07020000  -1.25000000  0.00414300  0  0  0 0  0.00000000  0.00000000  0.00000000  -1.00000000  0  0  42.331047
-0.37540000  0.16320000  -1.02330000  0.03207608  0  0  0 29  0.22830000  0.10047134  0.00283607  0.50188186  2  100  111.647080
-0.32530000  0.25510000  -1.25000000  0.00785227  0  0  0 4  0.08690000  0.13273718  0.00102884  0.00158453  1  21  7.643224
-0.48210000  0.11400000  -1.23860000  0.00408784  0  0  0 0  0.00000000  0.00000000  0.00000000  -1.00000000  0  0  74.619047
-0.41880000  0.18430000  -1.25000000  0.00404091  0  0  0 0  0.00000000  0.00000000  0.00000000  -1.00000000  0  0  25.218983
-0.45160000  0.20670000  -1.24170000  0.00390423  0  0  0 0  0.00000000  0.00000000  0.00000000  -1.00000000  0  0  76.198596
-0.15090000  0.14550000  -1.25000000  0.25000000  0  0  0 122  0.25150000  0.00953521  0.00143263  0.69750190  2  95  0.000000
0.12020000  0.13940000  -1.25000000  0.25000000  0  0  0 176  0.26480000  0.01830104  0.00159423  0.88622657  2  74  0.000000
0.46800000  0.11070000  -1.20230000  0.00431382  0  0  0 1  0.14000000  0.24706572  0.00343148  -1.00000000  0  25  94.182145
0.45370000  0.11520000  -1.17030000  0.00929864  0  0  0 5  0.11770000  0.14007794  0.00200193  0.00899611  1  19  73.102604
0.47330000  0.05150000  -1.19020000  0.00530017  0  0  0 0  0.00000000  0.00000000  0.00000000  -1.00000000  0  0  86.604970
0.39960000  0.16730000  -1.08290000  0.03713707  0  0  0 37  0.24290000  0.06638596  0.00294999  0.25446839  2  118  68.289113
0.48530000  0.09310000  -1.23540000  0.00451656  0  0  0 0  0.00000000  0.00000000  0.00000000  -1.00000000  0  0  109.021357
0.45550000  0.00780000  -1.25000000  0.00441206  0  0  0 0  0.00000000  0.00000000  0.00000000  -1.00000000  0  0  23.961286
0.47620000  0.11140000  -1.22250000  0.00421062  0  0  0 2  0.16410000  0.76717906  0.00434647  0.00000000  1  35  108.028162
0.45600000  0.07150000  -1.15400000  0.01721698  0  0  0 15  0.15530000  0.09697084  0.00239046  0.60563841  2  37  69.299067
0.42660000  0.06420000  -1.25000000  0.00519307  0  0  0 2  0.08860000  0.25324868  0.00239753  0.00000000  1  17  17.948411
0.45940000  0.04070000  -1.25000000  0.00441245  0  0  0 0  0.00000000  0.00000000  0.00000000  -1.00000000  0  0  26.689135
0.49350000  0.05420000  -1.24110000  0.00395341  0  0  0 1  0.22950000  0.50589266  0.00350234  -1.00000000  0  75  125.582402
0.49160000  0.02500000  -1.25000000  0.00414599  0  0  0 0  0.00000000  0.00000000  0.00000000  -1.00000000  0  0  39.609899
0.48670000  0.10140000  -1.24290000  0.00452069  0  0  0 0  0.00000000  0.00000000  0.00000000  -1.00000000  0  0  123.115739
0.47080000  0.04630000  -1.18280000  0.00551999  0  0  0 1  0.10890000  0.27290817  0.00188446  -1.00000000  0  14  84.051150
0.43230000  0.18330000  -1.25000000  0.00456952  0  0  0 2  0.10930000  0.90715313  0.00318675  0.00000000  1  32  33.658099
0.48180000  0.11050000  -1.23580000  0.00423153  0  0  0 1  0.20970000  0.52783280  0.00414789  -1.00000000  0  78  111.980608
0.47070000  0.07240000  -1.25000000  0.00451606  0  0  0 0  0.00000000  0.00000000  0.00000000  -1.00000000  0  0  28.192607
0.43950000  0.03580000  -1.25000000  0.00468407  0  0  0 0  0.00000000  0.00000000  0.00000000  -1.00000000  0  0  17.320004
0.47850000  0.06020000  -1.25000000  0.00411486  0  0  0 0  0.00000000  0.00000000  0.00000000  -1.00000000  0  0  37.288775
0.41800000  0.03010000  -1.25000000  0.00592386  0  0  0 3  0.12850000  0.17720016  0.00185060  0.00001211  1  28  12.206313
0.48180000  0.04100000  -1.20890000  0.00405481  0  0  0 0  0.00000000  0.00000000  0.00000000  -1.00000000  0  0  95.968035
0.44890000  0.15480000  -1.25000000  0.00487264  0  0  0 0  0.00000000  0.00000000  0.00000000  -1.00000000  0  0  32.104316
0.47170000  0.10770000  -1.25000000  0.00434180  0  0  0 2  0.11900000  0.88594810  0.00532059  0.00000000  1  21  43.801676
0.40030000  0.05280000  -1.00940000  0.03736285  0  0  0 48  0.22650000  0.06423199  0.00264634  0.23306178  2  97  68.763628
0.38770000  0.25250000  -1.25000000  0.00538550  0  0  0 0  0.00000000  0.00000000  0.00000000  -1.00000000  0  0  21.512630
0.46280000  0.09570000  -1.18140000  0.00464512  0  0  0 1  0.12750000  0.15722859  0.00389512  -1.00000000  0  18  82.513814
0.39250000  0.01910000  -1.25000000  0.01578765  0  0  0 21  0.19000000  0.09904486  0.00205873  0.33798859  2  72  1.575045
0.46770000  0.10940000  -1.20070000  0.00431382  0  0  0 0  0.00000000  0.00000000  0.00000000  -1.00000000  0  0  94.182145
0.44100000  0.11050000  -1.25000000  0.00432332  0  0  0 1  0.10080000  0.31921154  0.00366318  -1.00000000  0  21  26.117794
0.44360000  0.22610000  -1.24480000  0.00530529  0  0  0 0  0.00000000  0.00000000  0.00000000  -1.00000000  0  0  105.558027
0.48700000  0.09330000  -1.23970000  0.00461594  0  0  0 0  0.00000000  0.00000000  0.00000000  -1.00000000  0  0  113.021960
0.48350000  0.04460000  -1.21400000  0.00394723  0  0  0 1  0.12420000  0.46157002  0.00381957  -1.00000000  0  13  103.257698
0.34400000  0.21490000  -1.25000000  0.01808116  0  0  0 35  0.21270000  0.07179760  0.00154372  0.23234444  2  120  1.670244
0.45690000  0.06000000  -1.25000000  0.00447024  0  0  0 0  0.00000000  0.00000000  0.00000000  -1.00000000  0  0  23.855341
0.46500000  0.08940000  -1.18370000  0.00465750  0  0  0 4  0.10610000  0.25824619  0.00232094  0.01813628  2  10  82.519798
0.44120000  0.12420000  -1.25000000  0.00446559  0  0  0 0  0.00000000  0.00000000  0.00000000  -1.00000000  0  0  33.813972
0.42160000  0.20570000  -1.17280000  0.00810765  0  0  0 7  0.14330000  0.15395720  0.00300367  0.09342145  2  45  75.568487
0.44250000  0.20590000  -1.22010000  0.00560429  0  0  0 2  0.24140000  0.68542418  0.00290387  0.00000000  1  119  99.936357
0.46250000  0.01220000  -1.25000000  0.00408095  0  0  0 0  0.00000000  0.00000000  0.00000000  -1.00000000  0  0  27.193202
-0.35570000  0.32100000  -1.25000000  0.00443509  0  0  0 0  0.00000000  0.00000000  0.00000000  -1.00000000  0  0  30.826950
-0.35110000  0.33150000  -1.20720000  0.00441803  0  0  0 0  0.00000000  0.00000000  0.00000000  -1.00000000  0  0  98.331309
-0.38610000  0.27950000  -1.19170000  0.00464222  0  0  0 2  0.14370000  0.19790840  0.00323730  -0.00000000  1  27  99.368145
-0.28150000  0.39530000  -1.21330000  0.00421416  0  0  0 0  0.00000000  0.00000000  0.00000000  -1.00000000  0  0  99.053979
-0.38120000  0.32140000  -1.24660000  0.00450026  0  0  0 0  0.00000000  0.00000000  0.00000000  -1.00000000  0  0  36.471499
-0.39860000  0.29490000  -1.23960000  0.00425173  0  0  0 0  0.00000000  0.00000000  0.00000000  -1.00000000  0  0  62.422955
-0.36320000  0.34310000  -1.24900000  0.00423569  0  0  0 0  0.00000000  0.00000000  0.00000000  -1.00000000  0  0  124.285315
-0.26990000  0.31690000  -1.04070000  0.02552400  0  0  0 14  0.24380000  0.11826439  0.00275057  0.54718824  2  76  111.840508
-0.39610000  0.28000000  -1.21270000  0.00416565  0  0  0 2  0.17010000  0.26581099  0.00361605  0.00000000  1  41  93.866956
-0.30570000  0.36260000  -1.18570000  0.00556519  0  0  0 0  0.00000000  0.00000000  0.00000000  -1.00000000  0  0  86.369849
-0.25470000  0.40620000  -1.19860000  0.00475062  0  0  0 0  0.00000000  0.00000000  0.00000000  -1.00000000  0  0  88.879171
-0.39110000  0.30710000  -1.24320000  0.00432677  0  0  0 0  0.00000000  0.00000000  0.00000000  -1.00000000  0  0  42.906624
-0.29340000  0.36110000  -1.16320000  0.00656710  0  0  0 2  0.12390000  0.25422428  0.00191921  0.00000000  1  17  82.354867
-0.32790000  0.27780000  -1.25000000  0.00652359  0  0  0 5  0.19350000  0.27520606  0.00352362  0.07473279  2  90  9.632054
-0.27400000  0.38190000  -1.17500000  0.00631113  0  0  0 0  0.00000000  0.00000000  0.00000000  -1.00000000  0  0  83.137519
-0.41270000  0.28010000  -1.24710000  0.00401292  0  0  0 0  0.00000000  0.00000000  0.00000000  -1.00000000  0  0  48.147487
-0.27670000  0.39850000  -1.21300000  0.00417426  0  0  0 1  0.13160000  0.40907545  0.00277626  -1.00000000  0  19  98.210026
-0.40810000  0.25920000  -1.20870000  0.00424466  0  0  0 1  0.12880000  0.23233243  0.00177389  -1.00000000  0  21  90.716758
-0.38990000  0.30530000  -1.25000000  0.00432677  0  0  0 0  0.00000000  0.00000000  0.00000000  -1.00000000  0  0  42.906624
-0.35410000  0.33990000  -1.25000000  0.00450288  0  0  0 0  0.00000000  0.00000000  0.00000000  -1.00000000  0  0  44.855534
-0.39640000  0.29290000  -1.23210000  0.00412531  0  0  0 1  0.12340000  0.62309272  0.00376060  -1.00000000  0  14  54.003179
-0.39420000  0.29000000  -1.22340000  0.00420302  0  0  0 3  0.15710000  0.68473519  0.00337141  0.00013792  1  24  75.286525
-0.37920000  0.29920000  -1.20760000  0.00405971  0  0  0 0  0.00000000  0.00000000  0.00000000  -1.00000000  0  0  79.667422
-0.35870000  0.33560000  -1.25000000  0.00442789  0  0  0 1  0.17280000  0.99962301  0.00308668  -1.00000000  0  43  40.312250
-0.36950000  0.32860000  -1.23600000  0.00423920  0  0  0 2  0.08940000  0.73872610  0.00348195  0.00000000  1  9  124.375396
-0.41410000  0.27860000  -1.24760000  0.00428973  0  0  0 0  0.00000000  0.00000000  0.00000000  -1.00000000  0  0  35.975676
-0.30240000  0.34750000  -1.15160000  0.00683774  0  0  0 2  0.10200000  0.20749220  0.00314186  -0.00000000  1  10  78.720341
-0.38610000  0.29220000  -1.21040000  0.00413062  0  0  0 1  0.10620000  0.25861245  0.00452809  -1.00000000  0  10  83.727926
-0.31260000  0.30940000  -1.25000000  0.00510351  0  0  0 2  0.06570000  0.19047827  0.00384080  0.00000000  1  6  13.358670
-0.32190000  0.33140000  -1.15510000  0.00689099  0  0  0 5  0.13960000  0.15948364  0.00332377  0.10511496  2  22  76.195328
-0.41050000  0.27340000  -1.23290000  0.00404830  0  0  0 0  0.00000000  0.00000000  0.00000000  -1.00000000  0  0  80.585674
-0.35940000  0.27230000  -1.25000000  0.00605856  0  0  0 0  0.00000000  0.00000000  0.00000000  -1.00000000  0  0  11.769366
-0.34530000  0.32110000  -1.17890000  0.00473453  0  0  0 2  0.13380000  0.22694537  0.00225952  0.00000000  1  19  80.955765
-0.26970000  0.37890000  -1.25000000  0.00448664  0  0  0 1  0.20800000  0.35182410  0.00318426  -1.00000000  0  97  28.767046
-0.31970000  0.31790000  -1.25000000  0.00482411  0  0  0 0  0.00000000  0.00000000  0.00000000  -1.00000000  0  0  17.739014
-0.36150000  0.29660000  -1.16900000  0.00643228  0  0  0 2  0.11720000  0.15133306  0.00307803  -0.00000000  1  14  105.133292
-0.06280000  0.44400000  -1.25000000  0.00545873  0  0  0 0  0.00000000  0.00000000  0.00000000  -1.00000000  0  0  31.267134
-0.20100000  0.43820000  -1.20510000  0.00422798  0  0  0 0  0.00000000  0.00000000  0.00000000  -1.00000000  0  0  88.486187
-0.23220000  0.40950000  -1.17680000  0.00523492  0  0  0 1  0.10400000  0.21603122  0.00328843  -1.00000000  0  13  82.830882
-0.23750000  0.43090000  -1.23010000  0.00400397  0  0  0 0  0.00000000  0.00000000  0.00000000  -1.00000000  0  0  103.302637
-0.02140000  0.45670000  -1.25000000  0.00479757  0  0  0 2  0.20790000  0.58165989  0.00347516  0.00000000  1  117  28.799489
-0.19640000  0.44550000  -1.21720000  0.00423833  0  0  0 0  0.00000000  0.00000000  0.00000000  -1.00000000  0  0  91.714785
-0.03870000  0.48480000  -1.21580000  0.00476580  0  0  0 2  0.12180000  0.43176691  0.00478574  0.00000000  1  26  103.889249
-0.14410000  0.46870000  -1.22590000  0.00507667  0  0  0 0  0.00000000  0.00000000  0.00000000  -1.00000000  0  0  91.201774
-0.22070000  0.41570000  -1.25000000  0.00484799  0  0  0 2  0.22760000  0.28656713  0.00410021  0.00000000  1  124  24.946369
-0.23080000  0.43150000  -1.22350000  0.00400397  0  0  0 1  0.10540000  0.84802906  0.00216456  -1.00000000  0  15  103.302637
-0.09260000  0.43110000  -1.25000000  0.00528191  0  0  0 0  0.00000000  0.00000000  0.00000000  -1.00000000  0  0  23.691597
-0.18920000  0.37500000  -1.25000000  0.00851138  0  0  0 6  0.24720000  0.20210178  0.00324606  0.00432020  1  182  9.611977
-0.02510000  0.47720000  -1.19480000  0.00479950  0  0  0 0  0.00000000  0.00000000  0.00000000  -1.00000000  0  0  92.579213
-0.15020000  0.46670000  -1.25000000  0.00463957  0  0  0 0  0.00000000  0.00000000  0.00000000  -1.00000000  0  0  125.289845
-0.23550000  0.44050000  -1.25000000  0.00487775  0  0  0 3  0.21120000  0.50243478  0.00397081  0.21758753  2  91  34.666530
-0.20050000  0.35710000  -1.25000000  0.01479152  0  0  0 21  0.14540000  0.07229380  0.00168168  0.28167555  2  44  2.218899
-0.12450000  0.44850000  -1.25000000  0.00461434  0  0  0 4  0.15180000  0.44068273  0.00371392  0.01563486  2  68  32.107847
-0.20480000  0.41080000  -1.14770000  0.01129123  0  0  0 6  0.10330000  0.10485381  0.00232662  0.45631456  2  11  71.352822
-0.17030000  0.42860000  -1.15290000  0.01473634  0  0  0 5  0.14190000  0.08523178  0.00292146  0.12472178  2  35  69.537549
-0.06830000  0.40680000  -1.25000000  0.01468892  0  0  0 42  0.19950000  0.10176273  0.00313529  0.45923211  2  95  2.750740
-0.00860000  0.47590000  -1.18990000  0.00500242  0  0  0 1  0.09940000  0.20826629  0.00393453  -1.00000000  0  13  90.323183
-0.24180000  0.42090000  -1.21350000  0.00398085  0  0  0 0  0.00000000  0.00000000  0.00000000  -1.00000000  0  0  99.745019
-0.15380000  0.47570000  -1.24980000  0.00468852  0  0  0 0  0.00000000  0.00000000  0.00000000  -1.00000000  0  0  121.437371
-0.16750000  0.45320000  -1.25000000  0.00468326  0  0  0 1  0.14790000  0.75855463  0.00312924  -1.00000000  0  56  39.862867
-0.03960000  0.40590000  -1.01950000  0.03580521  0  0  0 31  0.18740000  0.08303655  0.00272342  0.32528688  2  55  68.574379
-0.06670000  0.46100000  -1.16440000  0.01047913  0  0  0 13  0.12730000  0.12188457  0.00255937  0.36548475  2  29  72.951137
-0.22920000  0.43520000  -1.25000000  0.00487775  0  0  0 1  0.16230000  0.61677619  0.00457201  -1.00000000  0  44  34.666530
-0.20680000  0.45490000  -1.25000000  0.00474327  0  0  0 0  0.00000000  0.00000000  0.00000000  -1.00000000  0  0  40.160091
-0.13470000  0.43990000  -1.25000000  0.00471117  0  0  0 1  0.13420000  0.26552197  0.00400974  -1.00000000  0  63  28.087902
-0.14710000  0.47110000  -1.25000000  0.00472167  0  0  0 0  0.00000000  0.00000000  0.00000000  -1.00000000  0  0  120.631786
-0.16170000  0.38050000  -1.03350000  0.02518508  0  0  0 12  0.18200000  0.12555136  0.00260100  0.91264733  2  44  67.837062
-0.12160000  0.47380000  -1.22300000  0.00465102  0  0  0 1  0.12880000  0.79743699  0.00393010  -1.00000000  0  35  105.849681
-0.20100000  0.44880000  -1.22940000  0.00433332  0  0  0 0  0.00000000  0.00000000  0.00000000  -1.00000000  0  0  103.351123
-0.12280000  0.45690000  -1.18270000  0.00698577  0  0  0 3  0.12240000  0.14912711  0.00354942  0.64336334  2  35  76.797666
-0.21520000  0.43670000  -1.21720000  0.00398512  0  0  0 0  0.00000000  0.00000000  0.00000000  -1.00000000  0  0  99.945898
-0.06000000  0.45660000  -1.25000000  0.00529550  0  0  0 1  0.07400000  0.89853122  0.00452290  -1.00000000  0  15  32.212853
-0.07730000  0.46510000  -1.17870000  0.00603272  0  0  0 4  0.08120000  0.19601589  0.00239709  0.00539170  1  17  81.916103
-0.18930000  0.45040000  -1.25000000  0.00464650  0  0  0 0  0.00000000  0.00000000  0.00000000  -1.00000000  0  0  37.578321
-0.16410000  0.46830000  -1.24050000  0.00452338  0  0  0 0  0.00000000  0.00000000  0.00000000  -1.00000000  0  0  104.474440
-0.10810000  0.46330000  -1.18940000  0.00634772  0  0  0 7  0.13660000  0.30531137  0.00312015  0.01562146  2  41  78.611885
-0.00790000  0.45320000  -1.25000000  0.00465115  0  0  0 1  0.18540000  0.15583684  0.00462735  -1.00000000  0  98  23.076513
0.01050000  0.49300000  -1.23290000  0.00439376  0  0  0 0  0.00000000  0.00000000  0.00000000  -1.00000000  0  0  116.313254
0.23670000  0.43130000  -1.23000000  0.00394603  0  0  0 1  0.17100000  0.99305471  0.00267679  -1.00000000  0  39  96.315622
0.17270000  0.43440000  -1.16870000  0.00933764  0  0  0 11  0.12010000  0.10861088  0.00232553  0.17905517  2  13  72.468394
0.23720000  0.43480000  -1.23820000  0.00379328  0  0  0 1  0.13990000  0.87886938  0.00482878  -1.00000000  0  22  110.393948
0.10740000  0.48280000  -1.23660000  0.00374239  0  0  0 0  0.00000000  0.00000000  0.00000000  -1.00000000  0  0  128.444258
0.22020000  0.43150000  -1.25000000  0.00393088  0  0  0 0  0.00000000  0.00000000  0.00000000  -1.00000000  0  0  42.943217
0.20870000  0.43210000  -1.19970000  0.00451292  0  0  0 1  0.14820000  0.29370426  0.00318066  -1.00000000  0  36  83.181852
0.09300000  0.49070000  -1.25000000  0.00428846  0  0  0 0  0.00000000  0.00000000  0.00000000  -1.00000000  0  0  27.382986
0.21390000  0.44080000  -1.25000000  0.00383196  0  0  0 0  0.00000000  0.00000000  0.00000000  -1.00000000  0  0  132.030293
0.17330000  0.44390000  -1.25000000  0.00420943  0  0  0 0  0.00000000  0.00000000  0.00000000  -1.00000000  0  0  32.330742
0.11170000  0.41240000  -1.25000000  0.00681737  0  0  0 6  0.10930000  0.16276375  0.00187654  0.00102570  1  23  11.198459
0.07030000  0.47490000  -1.20020000  0.00355057  0  0  0 1  0.15150000  0.27912649  0.00518655  -1.00000000  0  18  105.357334
0.09800000  0.48110000  -1.22750000  0.00359894  0  0  0 3  0.10420000  0.79010242  0.00346547  0.00271175  1  6  117.739458
0.04280000  0.49710000  -1.25000000  0.00392672  0  0  0 0  0.00000000  0.00000000  0.00000000  -1.00000000  0  0  127.745126
0.15130000  0.42400000  -1.25000000  0.00470016  0  0  0 0  0.00000000  0.00000000  0.00000000  -1.00000000  0  0  17.503618
0.24780000  0.40230000  -1.18120000  0.00810929  0  0  0 7  0.11730000  0.15315477  0.00268478  0.10968840  2  16  75.105545
0.24140000  0.39620000  -1.25000000  0.00378191  0  0  0 0  0.00000000  0.00000000  0.00000000  -1.00000000  0  0  31.596964
0.08640000  0.48130000  -1.22240000  0.00368210  0  0  0 1  0.20600000  0.74685007  0.00330303  -1.00000000  0  61  133.282889
0.14490000  0.44180000  -1.25000000  0.00446569  0  0  0 1  0.20130000  0.19901327  0.00472774  -1.00000000  0  73  24.020871
0.24600000  0.43280000  -1.25000000  0.00394302  0  0  0 0  0.00000000  0.00000000  0.00000000  -1.00000000  0  0  124.247261
0.15730000  0.47030000  -1.23970000  0.00403544  0  0  0 0  0.00000000  0.00000000  0.00000000  -1.00000000  0  0  132.458575
0.17690000  0.35600000  -1.25000000  0.01239825  0  0  0 19  0.16690000  0.06252148  0.00164028  0.09874054  2  46  3.053934
0.07860000  0.39900000  -1.01670000  0.03501109  0  0  0 40  0.23800000  0.07374915  0.00307989  0.25026364  2  98  68.434065
0.04350000  0.48120000  -1.25000000  0.00431692  0  0  0 0  0.00000000  0.00000000  0.00000000  -1.00000000  0  0  31.833880
0.15630000  0.44990000  -1.19070000  0.00475154  0  0  0 0  0.00000000  0.00000000  0.00000000  -1.00000000  0  0  83.462405
0.23780000  0.40560000  -1.25000000  0.00384377  0  0  0 0  0.00000000  0.00000000  0.00000000  -1.00000000  0  0  41.574400
0.05630000  0.49360000  -1.25000000  0.00419508  0  0  0 0  0.00000000  0.00000000  0.00000000  -1.00000000  0  0  40.935120
0.14910000  0.43870000  -1.15840000  0.01030550  0  0  0 7  0.13470000  0.11462022  0.00288476  0.07994543  2  28  73.167938
0.10530000  0.46800000  -1.19910000  0.00447096  0  0  0 0  0.00000000  0.00000000  0.00000000  -1.00000000  0  0  84.158620
0.12460000  0.46820000  -1.25000000  0.00435333  0  0  0 0  0.00000000  0.00000000  0.00000000  -1.00000000  0  0  30.311303
0.10960000  0.47030000  -1.25000000  0.00399028  0  0  0 0  0.00000000  0.00000000  0.00000000  -1.00000000  0  0  31.237586
0.19900000  0.45240000  -1.23550000  0.00406798  0  0  0 0  0.00000000  0.00000000  0.00000000  -1.00000000  0  0  105.666155
0.14000000  0.44820000  -1.25000000  0.00490994  0  0  0 0  0.00000000  0.00000000  0.00000000  -1.00000000  0  0  21.149837
0.19080000  0.45370000  -1.23060000  0.00404465  0  0  0 0  0.00000000  0.00000000  0.00000000  -1.00000000  0  0  103.784794
0.20350000  0.42760000  -1.18400000  0.00511379  0  0  0 1  0.07600000  0.20372908  0.00221083  -1.00000000  0  6  79.427750
0.03690000  0.45910000  -1.15150000  0.01025908  0  0  0 6  0.15240000  0.10623498  0.00326768  0.38008443  2  27  71.312713
0.15520000  0.47210000  -1.24240000  0.00403478  0  0  0 0  0.00000000  0.00000000  0.00000000  -1.00000000  0  0  131.228765
0.03340000  0.43500000  -1.25000000  0.00499359  0  0  0 2  0.04910000  0.28892143  0.00089455  0.00000000  1  2  16.694395
0.05450000  0.46630000  -1.25000000  0.00442877  0  0  0 0  0.00000000  0.00000000  0.00000000  -1.00000000  0  0  29.625644
0.12030000  0.38990000  -1.25000000  0.00803938  0  0  0 10  0.14160000  0.08734935  0.00223911  0.08282817  2  37  6.314122
0.21320000  0.41890000  -1.17500000  0.00699135  0  0  0 7  0.16920000  0.16546636  0.00249195  0.13431078  2  52  74.997518
0.13520000  0.46630000  -1.21380000  0.00392244  0  0  0 0  0.00000000  0.00000000  0.00000000  -1.00000000  0  0  104.790597
0.21320000  0.42270000  -1.18350000  0.00540719  0  0  0 1  0.12110000  0.24848453  0.00194050  -1.00000000  0  23  79.095663
0.02590000  0.41300000  -1.25000000  0.00747064  0  0  0 8  0.12860000  0.13729794  0.00266572  0.06864605  2  42  8.029783
0.17000000  0.46890000  -1.24680000  0.00423589  0  0  0 0  0.00000000  0.00000000  0.00000000  -1.00000000  0  0  133.587831
0.11460000  0.47340000  -1.21760000  0.00379712  0  0  0 0  0.00000000  0.00000000  0.00000000  -1.00000000  0  0  112.695390
0.05270000  0.48600000  -1.22210000  0.00395400  0  0  0 2  0.20950000  0.55404818  0.00367803  0.00000000  1  75  134.311970
0.08180000  0.47710000  -1.21000000  0.00349053  0  0  0 0  0.00000000  0.00000000  0.00000000  -1.00000000  0  0  103.263023
0.07210000  0.47770000  -1.20780000  0.00347387  0  0  0 0  0.00000000  0.00000000  0.00000000  -1.00000000  0  0  117.602768
0.22770000  0.44420000  -1.24780000  0.00394239  0  0  0 0  0.00000000  0.00000000  0.00000000  -1.00000000  0  0  119.633544
0.21770000  0.39670000  -1.25000000  0.00386041  0  0  0 1  0.10800000  0.24642114  0.00457953  -1.00000000  0  20  20.606578
0.03210000  0.47160000  -1.18180000  0.00419207  0  0  0 0  0.00000000  0.00000000  0.00000000  -1.00000000  0  0  86.167145
0.34490000  0.34120000  -1.25000000  0.00384014  0  0  0 0  0.00000000  0.00000000  0.00000000  -1.00000000  0  0  131.727589
0.28830000  0.40410000  -1.24100000  0.00507486  0  0  0 0  0.00000000  0.00000000  0.00000000  -1.00000000  0  0  89.749862
0.40690000  0.26810000  -1.25000000  0.00479460  0  0  0 1  0.20600000  0.82160034  0.00223989  -1.00000000  0  97  43.902570
0.38120000  0.30830000  -1.22560000  0.00477869  0  0  0 0  0.00000000  0.00000000  0.00000000  -1.00000000  0  0  100.043523
0.36250000  0.27990000  -1.25000000  0.00411609  0  0  0 0  0.00000000  0.00000000  0.00000000  -1.00000000  0  0  31.347734
0.41120000  0.25820000  -1.21400000  0.00580099  0  0  0 1  0.14710000  0.22651179  0.00422951  -1.00000000  0  46  89.759150
0.39980000  0.26380000  -1.25000000  0.00481880  0  0  0 0  0.00000000  0.00000000  0.00000000  -1.00000000  0  0  42.621099
0.33430000  0.34930000  -1.25000000  0.00389482  0  0  0 0  0.00000000  0.00000000  0.00000000  -1.00000000  0  0  126.728617
0.27970000  0.40330000  -1.25000000  0.00467030  0  0  0 0  0.00000000  0.00000000  0.00000000  -1.00000000  0  0  92.377735
0.26010000  0.35360000  -1.25000000  0.00435684  0  0  0 0  0.00000000  0.00000000  0.00000000  -1.00000000  0  0  15.699477
0.39930000  0.26030000  -1.19170000  0.00664119  0  0  0 2  0.19990000  0.23028408  0.00408777  -0.00000000  1  89  82.351863
0.34070000  0.31810000  -1.16520000  0.01092811  0  0  0 7  0.13040000  0.14277117  0.00224072  0.22265182  2  21  74.171954
0.38920000  0.30080000  -1.25000000  0.00427277  0  0  0 0  0.00000000  0.00000000  0.00000000  -1.00000000  0  0  119.098024
0.37120000  0.29530000  -1.25000000  0.00402741  0  0  0 4  0.15070000  0.80116877  0.00437262  0.00103319  1  45  43.130332
0.32920000  0.31160000  -1.25000000  0.00394624  0  0  0 2  0.24860000  0.21501225  0.00404215  0.00000000  1  148  31.193549
0.30790000  0.37650000  -1.25000000  0.00391756  0  0  0 1  0.17580000  0.40274396  0.00482642  -1.00000000  0  44  112.365317
0.36320000  0.32190000  -1.25000000  0.00384838  0  0  0 3  0.23360000  0.68293163  0.00388947  0.00014889  1  110  132.275696
0.31940000  0.28170000  -1.25000000  0.00599756  0  0  0 4  0.17300000  0.21805477  0.00228465  0.00205118  1  77  8.607799
0.34330000  0.32130000  -1.25000000  0.00390914  0  0  0 0  0.00000000  0.00000000  0.00000000  -1.00000000  0  0  32.773739
0.38340000  0.31640000  -1.24270000  0.00479449  0  0  0 0  0.00000000  0.00000000  0.00000000  -1.00000000  0  0  102.931648
0.36550000  0.28940000  -1.25000000  0.00402741  0  0  0 0  0.00000000  0.00000000  0.00000000  -1.00000000  0  0  43.130332
0.38150000  0.30030000  -1.25000000  0.00410811  0  0  0 0  0.00000000  0.00000000  0.00000000  -1.00000000  0  0  124.618528
0.34960000  0.33330000  -1.20760000  0.00454884  0  0  0 0  0.00000000  0.00000000  0.00000000  -1.00000000  0  0  89.341969
0.29460000  0.27790000  -1.01250000  0.03110538  0  0  0 16  0.18100000  0.09832874  0.00259475  0.63587441  2  51  68.257059
0.28130000  0.36680000  -1.25000000  0.00358151  0  0  0 0  0.00000000  0.00000000  0.00000000  -1.00000000  0  0  36.545481
0.37970000  0.30330000  -1.25000000  0.00410811  0  0  0 0  0.00000000  0.00000000  0.00000000  -1.00000000  0  0  124.618528
0.31720000  0.26130000  -1.02750000  0.02755434  0  0  0 29  0.20560000  0.10387788  0.00257039  0.17197209  2  59  68.136915
0.28550000  0.34130000  -1.25000000  0.00454554  0  0  0 1  0.13660000  0.18080567  0.00276614  -1.00000000  0  36  15.401842
0.31540000  0.37790000  -1.25000000  0.00424900  0  0  0 0  0.00000000  0.00000000  0.00000000  -1.00000000  0  0  103.956663
0.31400000  0.37570000  -1.22400000  0.00539800  0  0  0 1  0.19760000  0.27322217  0.00438650  -1.00000000  0  59  87.022860
0.27620000  0.35310000  -1.25000000  0.00379228  0  0  0 0  0.00000000  0.00000000  0.00000000  -1.00000000  0  0  20.619045
0.40020000  0.25640000  -1.18840000  0.00676450  0  0  0 2  0.08930000  0.20303268  0.00267988  -0.00000000  1  14  82.677461
0.34620000  0.30930000  -1.25000000  0.00392033  0  0  0 0  0.00000000  0.00000000  0.00000000  -1.00000000  0  0  32.315572
0.27230000  0.39080000  -1.25000000  0.00352344  0  0  0 2  0.18560000  0.74875463  0.00278783  0.00000000  1  63  33.593060
0.34170000  0.33490000  -1.19600000  0.00490945  0  0  0 0  0.00000000  0.00000000  0.00000000  -1.00000000  0  0  86.714930
0.30660000  0.34460000  -1.15310000  0.02330417  0  0  0 14  0.16300000  0.15138755  0.00289035  0.85469763  2  34  69.165000
0.31410000  0.35400000  -1.25000000  0.00419356  0  0  0 1  0.21390000  0.21033663  0.00401230  -1.00000000  0  93  30.062845
-0.08960000  -0.38180000  -0.98030000  0.02650012  0  0  0 18  0.24820000  0.11965356  0.00276998  0.35026294  2  103  111.753037
-0.10430000  -0.32660000  -0.85710000  0.02802636  0  0  0 25  0.23740000  0.13642947  0.00317033  0.37475722  2  121  111.616209
-0.07720000  -0.29980000  -0.77400000  0.02025876  0  0  0 15  0.24940000  0.12957108  0.00302768  0.27896571  2  136  112.333816
-0.22250000  -0.28560000  -0.90520000  0.03481160  0  0  0 53  0.24560000  0.08196965  0.00278054  0.31854925  2  79  111.849385
0.18490000  -0.34840000  -0.98610000  0.02929085  0  0  0 17  0.22760000  0.09648076  0.00265125  0.27183615  2  89  111.740202
0.02890000  -0.36500000  -0.91540000  0.02871375  0  0  0 29  0.24990000  0.10377294  0.00272559  0.25337342  2  111  111.896203
0.23070000  -0.26270000  -0.87410000  0.02633272  0  0  0 19  0.19000000  0.12931495  0.00291190  0.53526428  2  55  112.229170
0.21350000  -0.29650000  -0.91350000  0.02805808  0  0  0 21  0.24630000  0.12103003  0.00296282  0.26952837  2  100  112.286974
0.08880000  -0.35220000  -0.90800000  0.02853339  0  0  0 18  0.24540000  0.12911950  0.00236996  0.40813983  2  117  111.953738
-0.30140000  -0.15560000  -0.84810000  0.02406826  0  0  0 16  0.20200000  0.12776521  0.00273866  0.51142233  2  85  112.194808
-0.31490000  -0.19250000  -0.92280000  0.02847304  0  0  0 25  0.22180000  0.09831128  0.00238099  0.22622153  2  88  112.780077
-0.28920000  -0.08380000  -0.75270000  0.03041484  0  0  0 29  0.21560000  0.12112693  0.00277735  0.46463064  2  87  111.603401
-0.33290000  -0.04710000  -0.84060000  0.03306549  0  0  0 28  0.21530000  0.08855562  0.00264496  0.17653738  2  95  112.420268
-0.37120000  -0.00330000  -0.92800000  0.03046372  0  0  0 27  0.23960000  0.10419116  0.00315103  0.34126005  2  128  112.081151
0.23040000  -0.20330000  -0.76830000  0.02939612  0  0  0 27  0.23020000  0.12613889  0.00292163  0.29239677  2  91  112.198457
0.31320000  -0.12520000  -0.84330000  0.03740138  0  0  0 52  0.23010000  0.08625992  0.00270100  0.29188266  2  93  67.857747
-0.35780000  0.09470000  -0.92540000  0.03435702  0  0  0 27  0.20270000  0.07729333  0.00229272  0.33950163  2  94  112.074964
-0.25960000  0.15580000  -0.75690000  0.02835497  0  0  0 20  0.22400000  0.12154753  0.00249014  0.12254971  2  111  112.313953
-0.28160000  0.20150000  -0.86570000  0.03186118  0  0  0 29  0.21960000  0.11488417  0.00269257  0.35549869  2  96  112.171161
-0.33980000  0.05940000  -0.86250000  0.03677768  0  0  0 20  0.21300000  0.10485161  0.00227943  0.35468282  2  118  112.629760
-0.19250000  0.25250000  -0.79370000  0.02932160  0  0  0 24  0.11750000  0.08146514  0.00266105  0.25631404  2  13  68.465802
0.18500000  0.24810000  -0.77380000  0.02370369  0  0  0 16  0.24860000  0.13009991  0.00281760  0.04395176  2  106  67.623456
0.29280000  0.08240000  -0.76060000  0.02093362  0  0  0 14  0.23980000  0.12782565  0.00358586  0.64837164  2  122  67.695084
0.26010000  0.24410000  -0.89170000  0.03344022  0  0  0 20  0.17470000  0.08505981  0.00262698  0.34785247  2  44  67.656610
0.31090000  0.05930000  -0.79130000  0.02377520  0  0  0 18  0.21540000  0.14057409  0.00304093  0.26104438  2  92  68.013921
0.28930000  0.15070000  -0.81550000  0.02588560  0  0  0 13  0.22210000  0.12394977  0.00267645  0.26852906  2  96  68.457768
0.28490000  0.11200000  -0.76530000  0.02362561  0  0  0 24  0.20780000  0.13848689  0.00325721  0.56459711  2  78  68.169209
-0.28600000  0.27520000  -0.99240000  0.02787046  0  0  0 18  0.20450000  0.11296944  0.00270858  0.48111147  2  61  67.391795
-0.18750000  0.34670000  -0.98540000  0.02893341  0  0  0 17  0.23510000  0.11411697  0.00284189  0.38054051  2  92  68.681086
-0.06410000  0.33930000  -0.86320000  0.02966248  0  0  0 34  0.23660000  0.09741545  0.00248047  0.14157118  2  83  67.832524
-0.19610000  0.30280000  -0.90190000  0.03830143  0  0  0 27  0.17420000  0.09913404  0.00254140  0.45072039  2  42  67.685606
-0.08740000  0.31720000  -0.82260000  0.02726933  0  0  0 16  0.18580000  0.10321099  0.00263440  0.25040826  2  70  68.362948
0.19460000  0.33840000  -0.97590000  0.03157951  0  0  0 40  0.21710000  0.06537749  0.00298459  0.39559927  2  73  67.488340
0.08450000  0.30000000  -0.77930000  0.01690703  0  0  0 9  0.24600000  0.17813278  0.00263406  0.21612713  2  106  68.608507
0.06550000  0.31270000  -0.79880000  0.01874871  0  0  0 10  0.19890000  0.15529005  0.00319319  0.04364670  2  58  68.223547
0.16510000  0.30800000  -0.87360000  0.02671947  0  0  0 22  0.24780000  0.11425639  0.00289425  0.19930887  2  109  67.829374
0.08770000  0.32290000  -0.83660000  0.02022622  0  0  0 16  0.19040000  0.13798254  0.00305415  0.29114917  2  56  69.140729
-0.11280000  -0.25140000  -0.68880000  0.01887787  0  0  0 25  0.21410000  0.15548359  0.00331753  0.27932635  2  89  112.036558
-0.07330000  -0.24810000  -0.64670000  0.02124921  0  0  0 18  0.22110000  0.17017250  0.00300103  0.38494389  2  102  112.072525
0.11010000  -0.26690000  -0.72190000  0.02053898  0  0  0 17  0.23710000  0.13649794  0.00267581  0.36448644  2  116  112.531210
0.04760000  -0.28310000  -0.71770000  0.02404177  0  0  0 25  0.23320000  0.14384933  0.00276904  0.55379857  2  109  112.594945
0.15490000  -0.24790000  -0.73080000  0.02070331  0  0  0 18  0.22490000  0.15940079  0.00266349  0.29268539  2  94  111.814233
0.06850000  -0.26020000  -0.67260000  0.02668573  0  0  0 19  0.24610000  0.14303461  0.00252113  0.32023898  2  124  110.818779
-0.29570000  -0.02060000  -0.74090000  0.02577947  0  0  0 14  0.17810000  0.15269936  0.00284292  0.39777346  2  63  112.002369
-0.25120000  -0.02560000  -0.63120000  0.01648364  0  0  0 6  0.14220000  0.15175537  0.00308437  0.01611948  2  39  113.158519
-0.24210000  -0.12260000  -0.67840000  0.02468240  0  0  0 14  0.17530000  0.16296743  0.00225013  0.48198805  2  56  112.148525
-0.21640000  -0.15390000  -0.66390000  0.02596493  0  0  0 26  0.23370000  0.13966943  0.00273784  0.22698005  2  106  111.606918
-0.22560000  -0.18970000  -0.73700000  0.02671826  0  0  0 28  0.20930000  0.12246842  0.00305860  0.36878951  2  83  111.899375
-0.20600000  -0.01350000  -0.51610000  0.01647184  0  0  0 15  0.23580000  0.21373203  0.00337158  0.50255841  2  114  110.940725
-0.10910000  -0.17080000  -0.50670000  0.02054390  0  0  0 20  0.24840000  0.20304354  0.00352935  0.31846603  2  120  112.307998
-0.03810000  -0.20350000  -0.51760000  0.01677386  0  0  0 14  0.16250000  0.21367362  0.00245513  0.62855445  2  46  111.656827
-0.19720000  -0.08580000  -0.53770000  0.01339596  0  0  0 6  0.12980000  0.21966374  0.00271427  0.49890169  2  23  113.931622
-0.19060000  -0.06250000  -0.50160000  0.01441069  0  0  0 11  0.22100000  0.22684257  0.00282185  0.32619724  2  111  111.891025
0.00090000  -0.23990000  -0.59990000  0.02220029  0  0  0 14  0.24220000  0.16377982  0.00284493  0.21147397  2  123  112.447986
0.15910000  -0.20230000  -0.64340000  0.02148062  0  0  0 14  0.21680000  0.16977176  0.00299758  0.55237247  2  89  111.525607
0.24950000  -0.04350000  -0.63320000  0.01884433  0  0  0 18  0.24260000  0.16519951  0.00278621  0.30202013  2  109  67.610434
0.07770000  -0.21690000  -0.57610000  0.01779047  0  0  0 13  0.24660000  0.19509234  0.00260457  0.23150574  2  126  111.674526
0.23440000  -0.08000000  -0.61930000  0.01498791  0  0  0 10  0.24960000  0.16503268  0.00333063  0.14630434  2  125  67.891373
0.15120000  -0.12730000  -0.49410000  0.02130572  0  0  0 12  0.17500000  0.19163066  0.00266507  0.42921931  2  70  68.507770
0.20250000  -0.09160000  -0.55560000  0.01927969  0  0  0 25  0.25000000  0.18747532  0.00258509  0.28878852  2  123  68.799025
0.10390000  -0.21490000  -0.59660000  0.02074722  0  0  0 19  0.19420000  0.15123424  0.00326487  0.39960766  2  71  111.058773
0.28660000  -0.07240000  -0.73900000  0.02390468  0  0  0 22  0.20370000  0.13828951  0.00286366  0.32504829  2  83  68.514424
-0.26530000  0.11730000  -0.72520000  0.02392206  0  0  0 17  0.20010000  0.11040118  0.00281498  0.14236121  2  77  112.508627
-0.27360000  0.00790000  -0.68420000  0.02078557  0  0  0 7  0.17770000  0.18034183  0.00285914  0.12963202  2  67  113.152647
-0.18020000  0.21980000  -0.71060000  0.02538886  0  0  0 14  0.21260000  0.14720755  0.00227175  0.31885402  2  95  67.650701
-0.20980000  0.15000000  -0.64470000  0.01875990  0  0  0 12  0.18380000  0.15746791  0.00293732  0.83060461  2  60  111.808097
-0.19250000  0.17760000  -0.65480000  0.02248986  0  0  0 17  0.21920000  0.14388944  0.00252445  0.30284368  2  92  67.049335
-0.10590000  0.21600000  -0.60140000  0.02327151  0  0  0 13  0.24430000  0.16353472  0.00259387  0.34395751  2  161  67.729897
-0.11820000  0.19460000  -0.56920000  0.02198436  0  0  0 27  0.22640000  0.16191347  0.00312093  0.07912861  2  118  68.394229
-0.19350000  0.10810000  -0.55420000  0.01640204  0  0  0 14  0.18740000  0.16645712  0.00299840  0.36094962  2  66  112.481744
-0.22410000  0.04450000  -0.57120000  0.01789533  0  0  0 11  0.20200000  0.20433042  0.00339063  0.14561275  2  78  111.491872
-0.04230000  0.19320000  -0.49450000  0.02047889  0  0  0 16  0.16140000  0.16439488  0.00300313  0.34083057  2  68  70.043781
-0.12920000  0.16520000  -0.52440000  0.01981143  0  0  0 12  0.23100000  0.21181732  0.00273384  0.29951060  2  130  111.830626
0.19470000  0.21240000  -0.72030000  0.02344213  0  0  0 19  0.24160000  0.13493323  0.00277868  0.16317052  2  106  67.952526
0.25150000  0.04900000  -0.64060000  0.01590376  0  0  0 11  0.19730000  0.20082653  0.00248019  0.27600093  2  68  68.390107
0.25440000  0.08040000  -0.66690000  0.01720518  0  0  0 15  0.24230000  0.17586711  0.00303228  0.36427053  2  111  67.663711
0.17920000  0.21520000  -0.70010000  0.02142353  0  0  0 14  0.19610000  0.13855017  0.00261774  0.31476006  2  69  67.661030
0.10990000  0.20470000  -0.58090000  0.01962572  0  0  0 18  0.20300000  0.16370412  0.00294780  0.51949234  2  99  66.954633
0.19540000  0.10000000  -0.54870000  0.02337054  0  0  0 22  0.17240000  0.16788649  0.00303048  0.49682230  2  53  68.290341
0.03620000  0.23000000  -0.58200000  0.03216532  0  0  0 26  0.21550000  0.13997395  0.00239640  0.27975702  2  105  68.666188
0.00960000  0.23670000  -0.59210000  0.03410457  0  0  0 35  0.24210000  0.12020459  0.00268180  0.21393002  2  122  68.319071
-0.05730000  0.26850000  -0.68650000  0.02315053  0  0  0 17  0.22090000  0.13662561  0.00263931  0.20930085  2  99  67.375610
-0.04620000  -0.18040000  -0.46550000  0.01394786  0  0  0 6  0.23660000  0.21705272  0.00402005  0.13176908  2  114  110.743791
-0.07820000  -0.09460000  -0.30680000  0.01067742  0  0  0 4  0.14610000  0.33985327  0.00304601  0.46801695  2  43  112.074203
-0.03720000  -0.15790000  -0.40550000  0.00930872  0  0  0 3  0.24070000  0.37128054  0.00365890  0.01411040  2  111  113.342624
-0.14040000  -0.12430000  -0.46880000  0.01449161  0  0  0 16  0.21750000  0.21184335  0.00253221  0.17624729  2  103  112.416171
-0.13820000  0.00220000  -0.34550000  0.01273849  0  0  0 5  0.16620000  0.25660941  0.00261810  0.17401923  2  65  113.408850
-0.07620000  -0.10930000  -0.33310000  0.01218976  0  0  0 5  0.15350000  0.33366310  0.00255022  0.14490519  2  45  110.907950
-0.00420000  -0.16700000  -0.41750000  0.00953536  0  0  0 4  0.21060000  0.28233399  0.00348617  0.00695909  1  80  114.086972
-0.02020000  -0.13840000  -0.34970000  0.00979032  0  0  0 2  0.19030000  0.35536639  0.00306198  0.00000000  1  66  112.008074
-0.12570000  -0.05910000  -0.34730000  0.01310199  0  0  0 7  0.24580000  0.26963673  0.00368129  0.35507073  2  137  113.151390
-0.15130000  -0.11190000  -0.47040000  0.01803776  0  0  0 14  0.21090000  0.24313264  0.00236002  0.26842927  2  96  112.217987
-0.02600000  -0.15680000  -0.39730000  0.00874707  0  0  0 1  0.09020000  0.32286996  0.00181397  -1.00000000  0  7  112.566524
-0.16410000  -0.04140000  -0.42310000  0.01639075  0  0  0 9  0.14970000  0.21689407  0.00300392  0.64919487  2  51  111.800367
-0.01210000  -0.12910000  -0.32420000  0.01218426  0  0  0 5  0.20960000  0.36420969  0.00280573  0.51124878  2  88  111.532341
-0.05900000  -0.10400000  -0.29900000  0.01090661  0  0  0 4  0.07260000  0.37360444  0.00209663  0.02142093  2  10  114.320658
-0.09710000  -0.04210000  -0.26460000  0.00879511  0  0  0 2  0.10560000  0.41793758  0.00144276  0.00000000  1  19  113.423821
-0.10430000  -0.02360000  -0.26730000  0.01127622  0  0  0 6  0.21220000  0.39655113  0.00237523  0.10176058  2  88  111.042242
-0.11600000  0.00140000  -0.29000000  0.00949241  0  0  0 3  0.10390000  0.35412268  0.00208895  0.00243179  1  19  113.564816
-0.04400000  -0.10730000  -0.28980000  0.01087399  0  0  0 4  0.23280000  0.29639055  0.00329310  0.15868011  2  120  113.826837
0.16980000  -0.02010000  -0.42760000  0.01386385  0  0  0 12  0.21700000  0.23173338  0.00284919  0.19108490  2  98  67.263802
0.11280000  -0.08070000  -0.34660000  0.01097526  0  0  0 11  0.24220000  0.25470984  0.00309738  0.09156102  2  131  67.819845
0.18330000  -0.00840000  -0.45890000  0.01591648  0  0  0 8  0.24120000  0.24013540  0.00341184  0.24759395  2  136  68.414602
0.06850000  -0.13810000  -0.38540000  0.01130563  0  0  0 1  0.08560000  0.33822151  0.00356128  -1.00000000  0  14  113.276927
0.11470000  -0.06760000  -0.33280000  0.01158863  0  0  0 4  0.22980000  0.22325710  0.00332961  0.00179744  1  123  67.870948
0.18370000  -0.06010000  -0.48320000  0.01954839  0  0  0 11  0.19000000  0.19943029  0.00242199  0.36822446  2  80  67.615435
0.09310000  -0.13520000  -0.41050000  0.01421827  0  0  0 8  0.20760000  0.18107615  0.00388062  0.17308242  2  84  112.824912
0.09950000  -0.09120000  -0.33750000  0.01308361  0  0  0 15  0.21700000  0.22388791  0.00410242  0.15935015  2  99  112.081587
0.13520000  -0.06030000  -0.37010000  0.01138822  0  0  0 3  0.12290000  0.27673084  0.00346443  0.09949033  2  27  68.726216
0.05320000  -0.10260000  -0.28890000  0.01455638  0  0  0 10  0.16880000  0.28570672  0.00299348  0.30554484  2  61  111.455679
0.09660000  -0.01940000  -0.24620000  0.00747672  0  0  0 1  0.13700000  0.34996668  0.00167857  -1.00000000  0  32  65.651827
0.02620000  -0.10300000  -0.26560000  0.01093051  0  0  0 7  0.14040000  0.37188796  0.00230741  0.35095931  2  46  111.219119
-0.05930000  0.14970000  -0.40250000  0.01362909  0  0  0 2  0.13370000  0.31166298  0.00200766  0.00000000  1  38  68.216945
-0.13770000  0.05930000  -0.37490000  0.01515427  0  0  0 11  0.20950000  0.28555642  0.00273479  0.47192754  2  102  111.019340
-0.12680000  0.11210000  -0.42330000  0.01515489  0  0  0 12  0.24290000  0.23564204  0.00305785  0.16116842  2  166  112.296011
-0.07340000  0.10860000  -0.32780000  0.01146004  0  0  0 4  0.11540000  0.34962103  0.00394282  0.03625255  2  26  68.743672
-0.12350000  0.12460000  -0.43860000  0.01393955  0  0  0 12  0.15850000  0.22320037  0.00275964  0.44824860  2  50  66.432722
-0.17170000  0.00930000  -0.42980000  0.01914172  0  0  0 17  0.18680000  0.20385987  0.00267820  0.33823035  2  77  112.090799
-0.04650000  0.11610000  -0.31280000  0.01055617  0  0  0 6  0.17860000  0.32589108  0.00311128  0.46813032  2  68  66.540036
-0.04440000  0.15970000  -0.41430000  0.01412601  0  0  0 2  0.16720000  0.25794285  0.00309265  0.00000000  1  74  67.158097
-0.11050000  0.02770000  -0.28480000  0.01095493  0  0  0 7  0.17210000  0.25715448  0.00364410  0.01354427  2  59  113.482187
-0.09690000  0.05250000  -0.27550000  0.01027101  0  0  0 3  0.20850000  0.34381601  0.00334232  0.02977803  2  93  113.084959
0.00100000  0.10710000  -0.26790000  0.00780238  0  0  0 6  0.18060000  0.37328310  0.00267324  0.24995170  2  67  62.931270
-0.04790000  0.09530000  -0.26660000  0.00897090  0  0  0 3  0.12940000  0.40101582  0.00324964  0.18900567  2  30  67.789310
0.14880000  0.10520000  -0.45550000  0.01953021  0  0  0 16  0.20980000  0.21832700  0.00279844  0.26710958  2  100  67.987267
0.16250000  0.05970000  -0.43280000  0.01567880  0  0  0 16  0.17700000  0.23567046  0.00328649  0.27382989  2  63  65.930508
0.15300000  0.02540000  -0.38770000  0.01409297  0  0  0 11  0.19710000  0.28569959  0.00297902  0.56997469  2  68  67.822908
0.10890000  0.15950000  -0.48300000  0.01645037  0  0  0 19  0.24510000  0.19849624  0.00310459  0.20539207  2  158  67.134852
0.05760000  0.15110000  -0.40430000  0.01914859  0  0  0 13  0.18360000  0.19930199  0.00261064  0.52649348  2  83  68.852625
0.03700000  0.14360000  -0.37080000  0.01823725  0  0  0 11  0.18270000  0.23248551  0.00277259  0.43811804  2  81  67.645178
0.00900000  0.13950000  -0.34960000  0.02447954  0  0  0 12  0.18840000  0.16087197  0.00282159  0.02211322  2  76  67.068701
0.08270000  0.06720000  -0.26640000  0.00768002  0  0  0 0  0.00000000  0.00000000  0.00000000  -1.00000000  0  0  67.714268
0.07300000  0.06720000  -0.24810000  0.00713208  0  0  0 4  0.18530000  0.46628740  0.00333806  0.02316039  2  66  68.915842
0.08660000  0.07250000  -0.28250000  0.00837985  0  0  0 1  0.13180000  0.33620453  0.00164547  -1.00000000  0  32  67.874224
0.11620000  0.02310000  -0.29620000  0.00936467  0  0  0 4  0.21560000  0.39844647  0.00294937  0.05843850  2  92  66.852211
-0.06890000  0.00080000  -0.17230000  0.00565183  0  0  0 0  0.00000000  0.00000000  0.00000000  -1.00000000  0  0  119.136428
-0.03920000  0.00140000  -0.09810000  0.00414995  0  0  0 0  0.00000000  0.00000000  0.00000000  -1.00000000  0  0  116.880809
0.00330000  -0.04750000  -0.11910000  0.00464549  0  0  0 0  0.00000000  0.00000000  0.00000000  -1.00000000  0  0  126.399695
-0.03330000  -0.04840000  -0.14700000  0.00594202  0  0  0 1  0.05610000  0.71671331  0.00212819  -1.00000000  0  5  115.958634
-0.00840000  -0.05310000  -0.13450000  0.00448120  0  0  0 1  0.07110000  0.87458318  0.00240987  -1.00000000  0  6  122.206191
-0.07230000  -0.02570000  -0.19190000  0.00718926  0  0  0 0  0.00000000  0.00000000  0.00000000  -1.00000000  0  0  118.691477
0.00200000  -0.06030000  -0.15080000  0.00566896  0  0  0 3  0.24540000  0.54177052  0.00365147  0.17657435  2  102  114.497825
-0.02690000  -0.01000000  -0.07180000  0.00360374  0  0  0 1  0.23920000  1.17502016  0.00337756  -1.00000000  0  54  103.476953
-0.08360000  -0.02800000  -0.22040000  0.00765647  0  0  0 2  0.08780000  0.47840002  0.00285034  0.00000000  1  11  115.196254
-0.04350000  0.00250000  -0.10890000  0.00438817  0  0  0 0  0.00000000  0.00000000  0.00000000  -1.00000000  0  0  118.276246
-0.05900000  -0.05990000  -0.21020000  0.00809347  0  0  0 1  0.07230000  0.52633656  0.00304137  -1.00000000  0  10  112.419680
-0.01340000  0.00320000  -0.03440000  0.00336314  0  0  0 0  0.00000000  0.00000000  0.00000000  -1.00000000  0  0  91.013842
-0.03730000  -0.03980000  -0.13640000  0.00583727  0  0  0 5  0.20260000  0.62890340  0.00309619  0.08392455  2  59  116.208862
-0.02990000  -0.01910000  -0.08860000  0.00404934  0  0  0 4  0.19860000  0.84782928  0.00367505  0.08727038  2  34  112.691222
-0.00050000  0.00060000  -0.00190000  0.00336314  0  0  0 1  0.03070000  0.00030700  0.00224128  -1.00000000  0  0  91.013842
-0.00880000  -0.03060000  -0.07950000  0.00373349  0  0  0 0  0.00000000  0.00000000  0.00000000  -1.00000000  0  0  114.463422
-0.00380000  -0.03390000  -0.08530000  0.00379695  0  0  0 0  0.00000000  0.00000000  0.00000000  -1.00000000  0  0  120.497635
-0.00550000  -0.05560000  -0.13960000  0.00522953  0  0  0 0  0.00000000  0.00000000  0.00000000  -1.00000000  0  0  119.826699
-0.09450000  -0.00250000  -0.23620000  0.00833041  0  0  0 5  0.12940000  0.44152600  0.00353690  0.39790712  2  25  112.340710
-0.00390000  -0.04640000  -0.11640000  0.00486178  0  0  0 0  0.00000000  0.00000000  0.00000000  -1.00000000  0  0  127.873635
-0.07650000  -0.03710000  -0.21270000  0.00777091  0  0  0 2  0.11980000  0.43143055  0.00328054  0.00000000  1  25  115.436514
-0.06690000  0.00420000  -0.16760000  0.00560589  0  0  0 0  0.00000000  0.00000000  0.00000000  -1.00000000  0  0  117.913177
0.07060000  -0.03260000  -0.19440000  0.00659159  0  0  0 0  0.00000000  0.00000000  0.00000000  -1.00000000  0  0  62.128608
0.03600000  -0.07670000  -0.21180000  0.00999382  0  0  0 4  0.11810000  0.42779575  0.00375272  0.00879574  1  33  113.817081
0.04670000  -0.06720000  -0.20460000  0.01146209  0  0  0 5  0.10580000  0.40094001  0.00260165  0.22470673  2  23  114.247986
0.03220000  -0.08790000  -0.23410000  0.01252643  0  0  0 3  0.14330000  0.47398092  0.00194501  0.00158420  1  52  113.698821
0.01510000  -0.00220000  -0.03810000  0.00337901  0  0  0 0  0.00000000  0.00000000  0.00000000  -1.00000000  0  0  78.454417
0.01190000  -0.08970000  -0.22620000  0.01071919  0  0  0 7  0.09130000  0.36020720  0.00402326  0.49708448  2  16  112.582989
0.07550000  -0.01070000  -0.19070000  0.00622060  0  0  0 2  0.14800000  0.55198068  0.00281004  -0.00000000  1  35  66.507406
0.01040000  -0.05530000  -0.14060000  0.00591156  0  0  0 0  0.00000000  0.00000000  0.00000000  -1.00000000  0  0  121.802214
0.01980000  -0.08370000  -0.21510000  0.01045008  0  0  0 3  0.11250000  0.44630306  0.00287926  0.13462361  2  34  113.758750
0.08410000  -0.00980000  -0.21180000  0.00704657  0  0  0 3  0.23500000  0.44714004  0.00298679  0.00027929  1  119  65.347527
0.00640000  -0.03030000  -0.07750000  0.00369645  0  0  0 1  0.13690000  1.13460679  0.00377642  -1.00000000  0  13  113.971798
-0.01350000  0.01090000  -0.04330000  0.00336314  0  0  0 0  0.00000000  0.00000000  0.00000000  -1.00000000  0  0  91.013842
-0.03900000  0.01990000  -0.10950000  0.00388420  0  0  0 2  0.06720000  1.14774683  0.00386236  0.00000000  1  1  120.366085
-0.03730000  0.03860000  -0.13420000  0.00441894  0  0  0 1  0.06990000  0.64925934  0.00320405  -1.00000000  0  6  61.677362
-0.03990000  0.06380000  -0.18820000  0.00525024  0  0  0 1  0.19170000  0.54030621  0.00449423  -1.00000000  0  64  65.561755
-0.04820000  0.05740000  -0.18750000  0.00544465  0  0  0 1  0.07920000  0.65805177  0.00180224  -1.00000000  0  8  66.049678
-0.04460000  0.01950000  -0.12160000  0.00428826  0  0  0 0  0.00000000  0.00000000  0.00000000  -1.00000000  0  0  119.304899
-0.01650000  0.02790000  -0.08110000  0.00370742  0  0  0 1  0.12430000  0.80049418  0.00365179  -1.00000000  0  11  66.079127
-0.07310000  0.06260000  -0.24060000  0.00787877  0  0  0 3  0.13230000  0.42501990  0.00264406  0.07616534  2  32  67.486321
-0.01450000  0.01830000  -0.05850000  0.00334460  0  0  0 0  0.00000000  0.00000000  0.00000000  -1.00000000  0  0  97.665739
-0.04680000  0.05460000  -0.17980000  0.00499128  0  0  0 0  0.00000000  0.00000000  0.00000000  -1.00000000  0  0  64.621485
-0.05170000  0.01100000  -0.13230000  0.00508552  0  0  0 1  0.06040000  1.03683312  0.00234780  -1.00000000  0  3  118.006376
-0.00180000  0.01190000  -0.03000000  0.00336314  0  0  0 1  0.05850000  0.08171947  0.00213467  -1.00000000  0  1  91.013842
-0.02610000  0.00610000  -0.06700000  0.00339344  0  0  0 0  0.00000000  0.00000000  0.00000000  -1.00000000  0  0  94.299685
-0.01990000  0.01520000  -0.06260000  0.00334460  0  0  0 0  0.00000000  0.00000000  0.00000000  -1.00000000  0  0  97.665739
-0.01040000  0.03090000  -0.08150000  0.00370742  0  0  0 2  0.19390000  0.81594549  0.00470917  0.00000000  1  31  66.079127
-0.03120000  0.05640000  -0.16110000  0.00525390  0  0  0 2  0.08310000  0.63917969  0.00240213  0.00000000  1  9  69.060972
0.01450000  0.04040000  -0.10720000  0.00474042  0  0  0 0  0.00000000  0.00000000  0.00000000  -1.00000000  0  0  58.643044
0.04370000  0.02610000  -0.12720000  0.00431953  0  0  0 0  0.00000000  0.00000000  0.00000000  -1.00000000  0  0  57.026502
0.04230000  0.05410000  -0.17170000  0.00474437  0  0  0 1  0.07520000  0.71985305  0.00347470  -1.00000000  0  12  62.908341
0.05390000  0.06940000  -0.21950000  0.00721139  0  0  0 3  0.23370000  0.41163163  0.00346469  0.20390999  2  116  67.110603
0.01340000  0.03030000  -0.08280000  0.00383388  0  0  0 0  0.00000000  0.00000000  0.00000000  -1.00000000  0  0  65.855386
0.03880000  0.06550000  -0.19030000  0.00583732  0  0  0 4  0.16120000  0.52789584  0.00346030  0.01558879  2  42  64.690765
0.01540000  0.01600000  -0.05550000  0.00326738  0  0  0 0  0.00000000  0.00000000  0.00000000  -1.00000000  0  0  70.701750
0.04130000  0.01370000  -0.10870000  0.00432912  0  0  0 0  0.00000000  0.00000000  0.00000000  -1.00000000  0  0  55.765229
0.06650000  0.06740000  -0.23670000  0.00716409  0  0  0 2  0.12000000  0.48636341  0.00325211  -0.00000000  1  23  69.772635
0.03470000  0.00580000  -0.08780000  0.00380875  0  0  0 0  0.00000000  0.00000000  0.00000000  -1.00000000  0  0  58.144839
0.02750000  0.05320000  -0.14980000  0.00505424  0  0  0 1  0.06680000  0.78793163  0.00125645  -1.00000000  0  9  62.267815
0.06970000  0.04090000  -0.20210000  0.00895332  0  0  0 7  0.14830000  0.49076945  0.00397709  0.08606193  2  32  67.788230
0.07590000  0.05190000  -0.22990000  0.00873562  0  0  0 7  0.21030000  0.40452170  0.00464894  0.34388060  2  85  68.105265
0.04640000  0.04480000  -0.16130000  0.00499974  0  0  0 1  0.08590000  0.63191109  0.00430159  -1.00000000  0  16  62.636610
0.02300000  0.00830000  -0.06120000  0.00326738  0  0  0 1  0.21380000  1.03010741  0.00407466  -1.00000000  0  35  70.701750
0.04510000  0.01640000  -0.12010000  0.00430040  0  0  0 1  0.08810000  0.94694260  0.00332860  -1.00000000  0  9  57.210790
0.02520000  0.00430000  -0.06400000  0.00341854  0  0  0 0  0.00000000  0.00000000  0.00000000  -1.00000000  0  0  66.130730
0.04730000  0.02360000  -0.13210000  0.00450270  0  0  0 0  0.00000000  0.00000000  0.00000000  -1.00000000  0  0  59.705424
