-2.98098873  -0.73677555  -10.00000000  1.00000000  0  0  0
-0.58232735  0.09202774  -10.00000000  1.00000000  0  0  0
1.50750754  1.59513456  -4.38954816  1.00000000  0  0  0
-1.52329649  -2.13257069  -5.24148451  1.00000000  0  0  0
2.50407711  3.78585679  -9.07813060  1.00000000  0  0  0
1.79276739  -1.02041034  -10.00000000  1.00000000  0  0  0
-4.77505907  1.08917460  -9.79540514  1.00000000  0  0  0
3.06418629  -0.24690644  -6.14823565  1.00000000  0  0  0
1.57787133  3.43442047  -7.55907981  1.00000000  0  0  0
0.88181337  -1.06017318  -2.75794271  1.00000000  0  0  0
0.38082755  4.23168736  -10.00000000  1.00000000  0  0  0
3.38069190  0.02233354  -10.00000000  1.00000000  0  0  0
2.77315093  3.34161490  -8.68487333  1.00000000  0  0  0
-2.39558035  4.14852149  -9.58103037  1.00000000  0  0  0
-2.35719520  0.30306361  -10.00000000  1.00000000  0  0  0
0.96458116  -1.52049187  -3.60128441  1.00000000  0  0  0
-2.68329890  0.38575914  -10.00000000  1.00000000  0  0  0
2.47323952  -3.66000067  -10.00000000  1.00000000  0  0  0
3.85046200  1.27035223  -8.10921757  1.00000000  0  0  0
3.82317904  1.06505531  -7.93751618  1.00000000  0  0  0
-0.08140664  -2.78783739  -5.57805140  1.00000000  0  0  0
-0.20072291  -4.59968666  -10.00000000  1.00000000  0  0  0
3.63382382  0.89180178  -10.00000000  1.00000000  0  0  0
4.31815735  1.79265412  -9.35095539  1.00000000  0  0  0
-0.42591556  4.94101669  -9.91867935  1.00000000  0  0  0
-1.16146494  2.28935746  -5.13426076  1.00000000  0  0  0
-1.71170365  -1.98508605  -10.00000000  1.00000000  0  0  0
2.29615569  -1.09137840  -5.08465841  1.00000000  0  0  0
1.08766688  4.71549553  -10.00000000  1.00000000  0  0  0
-0.61615770  -1.76043218  -3.73029316  1.00000000  0  0  0
-3.53030594  0.91887787  -7.29586090  1.00000000  0  0  0
3.12896051  0.48258152  -10.00000000  1.00000000  0  0  0
1.15713381  -0.67656739  -10.00000000  1.00000000  0  0  0
0.52811020  -1.83437652  -3.81776773  1.00000000  0  0  0
3.20942285  2.95154243  -8.72054993  1.00000000  0  0  0
1.83675811  -4.17116616  -9.11532938  1.00000000  0  0  0
-1.35116385  -3.72463797  -7.92428465  1.00000000  0  0  0
2.89371730  -0.51036790  -10.00000000  1.00000000  0  0  0
0.43858525  -1.43584197  -10.00000000  1.00000000  0  0  0
-1.77682612  -4.66244363  -10.00000000  1.00000000  0  0  0
-3.10576555  -2.13174771  -7.53395724  1.00000000  0  0  0
-4.24366294  -0.67970525  -8.59550449  1.00000000  0  0  0
-3.21356960  2.32794769  -10.00000000  1.00000000  0  0  0
2.42637486  0.59745846  -4.99770010  1.00000000  0  0  0
3.95025696  1.71150901  -8.61017842  1.00000000  0  0  0
3.41211410  1.41095012  -7.38466055  1.00000000  0  0  0
-2.51919619  0.27237378  -5.06775569  1.00000000  0  0  0
-2.99960289  -1.65181478  -6.84868149  1.00000000  0  0  0
-3.45387560  1.53335917  -7.55789575  1.00000000  0  0  0
2.43627322  -4.09512571  -9.53005388  1.00000000  0  0  0
3.18031792  1.65128042  -7.16690982  1.00000000  0  0  0
1.24165529  3.61617009  -10.00000000  1.00000000  0  0  0
-1.68147460  4.56245158  -9.72487969  1.00000000  0  0  0
1.85489423  4.33032512  -9.42175106  1.00000000  0  0  0
-1.42735677  -3.71034367  -7.95084839  1.00000000  0  0  0
-2.60478814  -2.07814388  -6.66441394  1.00000000  0  0  0
2.75859611  -3.92500618  -9.59489990  1.00000000  0  0  0
-2.94619325  -2.76430085  -8.07995393  1.00000000  0  0  0
-0.13474974  -1.10122232  -2.21887187  1.00000000  0  0  0
0.92979508  -2.20125662  -4.77914202  1.00000000  0  0  0
-3.17132068  1.17667499  -6.76515747  1.00000000  0  0  0
-3.41110385  -1.46813816  -10.00000000  1.00000000  0  0  0
-2.68863141  0.13867998  -5.38441121  1.00000000  0  0  0
-2.00463782  -2.61635278  -10.00000000  1.00000000  0  0  0
-0.30705861  2.22736144  -10.00000000  1.00000000  0  0  0
-2.53317743  3.24075050  -10.00000000  1.00000000  0  0  0
2.32405685  4.27330025  -9.72878930  1.00000000  0  0  0
3.39736827  2.43057193  -8.35458941  1.00000000  0  0  0
2.09013657  -2.37909929  -10.00000000  1.00000000  0  0  0
1.63659101  3.21280097  -10.00000000  1.00000000  0  0  0
2.62145338  -1.93692339  -6.51880051  1.00000000  0  0  0
0.77362596  4.53111030  -9.19335797  1.00000000  0  0  0
-0.56525221  0.34988464  -1.32955529  1.00000000  0  0  0
1.55403473  -2.75468136  -6.32559668  1.00000000  0  0  0
-0.02880136  0.99786181  -1.99655474  1.00000000  0  0  0
0.52566880  3.53360396  -10.00000000  1.00000000  0  0  0
3.69190058  -2.22974917  -8.62598661  1.00000000  0  0  0
-2.08027121  -2.61032415  -6.67572332  1.00000000  0  0  0
-1.98849542  2.56600385  -6.49260804  1.00000000  0  0  0
2.17482405  -2.08785842  -10.00000000  1.00000000  0  0  0
-0.22645552  4.69853030  -10.00000000  1.00000000  0  0  0
2.38605081  -2.64163508  -7.11940289  1.00000000  0  0  0
3.62018202  0.00401366  -7.24036849  1.00000000  0  0  0
-1.38756695  4.08368701  -10.00000000  1.00000000  0  0  0
-3.54373515  -3.47871777  -10.00000000  1.00000000  0  0  0
-2.79804041  2.79257600  -7.90632932  1.00000000  0  0  0
3.75563254  -0.58131853  -10.00000000  1.00000000  0  0  0
-0.35480746  -3.82091876  -7.67471393  1.00000000  0  0  0
-1.03974179  -4.81354697  -9.84912126  1.00000000  0  0  0
-1.81196718  0.63204708  -10.00000000  1.00000000  0  0  0
0.67716209  0.84740686  -2.16946711  1.00000000  0  0  0
2.68689107  -3.82042263  -9.34130884  1.00000000  0  0  0
-0.92928461  -3.42004591  -7.08809816  1.00000000  0  0  0
0.71404544  3.74709345  -7.62904194  1.00000000  0  0  0
0.45355474  -2.94920434  -10.00000000  1.00000000  0  0  0
1.23736906  0.47746107  -10.00000000  1.00000000  0  0  0
3.17562321  1.64339842  -7.15131907  1.00000000  0  0  0
2.47347704  -2.70889339  -10.00000000  1.00000000  0  0  0
-1.81146906  2.65013740  -10.00000000  1.00000000  0  0  0
1.18535966  2.36038032  -5.28260268  1.00000000  0  0  0
3.11124518  -1.52127636  -6.92650801  1.00000000  0  0  0
3.81442729  1.01303443  -7.89331219  1.00000000  0  0  0
-1.88592809  -1.36201664  -4.65266121  1.00000000  0  0  0
-0.60824992  3.38120217  -6.87095221  1.00000000  0  0  0
0.22029442  -0.48994193  -1.07437932  1.00000000  0  0  0
2.63240555  -3.39751591  -8.59596961  1.00000000  0  0  0
-0.97965953  4.33004858  -10.00000000  1.00000000  0  0  0
0.31851685  -0.87497922  -1.86230139  1.00000000  0  0  0
-3.44232530  -3.32269132  -9.56867412  1.00000000  0  0  0
3.27839472  -0.29975849  -6.58414066  1.00000000  0  0  0
0.21164297  3.87856601  -7.76867224  1.00000000  0  0  0
2.16999135  -1.56182234  -5.34720542  1.00000000  0  0  0
4.68553414  -0.80167208  -9.50724109  1.00000000  0  0  0
-2.86928658  -0.97426583  -6.06036283  1.00000000  0  0  0
-1.24263062  0.72292094  -2.87523602  1.00000000  0  0  0
1.73632180  0.59950125  -3.67380737  1.00000000  0  0  0
0.18697627  -3.71300494  -10.00000000  1.00000000  0  0  0
-4.10044757  -1.69394717  -8.87313411  1.00000000  0  0  0
1.02175489  -4.68414161  -9.58856938  1.00000000  0  0  0
-3.36257954  -0.54028517  -6.81141667  1.00000000  0  0  0
-1.56457557  0.53116497  -10.00000000  1.00000000  0  0  0
0.77909175  3.81764192  -7.79265649  1.00000000  0  0  0
-2.01306877  -1.69853950  -5.26782017  1.00000000  0  0  0
-2.30404941  -3.07952312  -7.69210149  1.00000000  0  0  0
-1.13520036  -0.31090713  -10.00000000  1.00000000  0  0  0
-0.17477364  3.45536610  -6.91956666  1.00000000  0  0  0
-3.19845851  0.51002440  -10.00000000  1.00000000  0  0  0
-2.14953389  4.02106838  -9.11909795  1.00000000  0  0  0
-1.39405266  -2.26764479  -5.32375646  1.00000000  0  0  0
1.48412580  -0.89152874  -3.46263072  1.00000000  0  0  0
-3.49639629  2.56966092  -8.67823582  1.00000000  0  0  0
-4.32045539  -0.10677686  -10.00000000  1.00000000  0  0  0
-4.32921004  1.98677956  -9.52666838  1.00000000  0  0  0
2.65465187  -1.43899134  -6.03916306  1.00000000  0  0  0
1.80509471  -4.28108995  -10.00000000  1.00000000  0  0  0
2.70615984  0.28631167  -10.00000000  1.00000000  0  0  0
-2.74560284  -0.90261011  -10.00000000  1.00000000  0  0  0
1.47126651  -3.37075874  -10.00000000  1.00000000  0  0  0
-1.05597841  3.68483395  -7.66631375  1.00000000  0  0  0
-3.47323728  -2.71832372  -8.82103420  1.00000000  0  0  0
-3.49078628  -2.90436646  -10.00000000  1.00000000  0  0  0
1.36823016  1.30153698  -10.00000000  1.00000000  0  0  0
-0.80667688  3.47605627  -7.13686059  1.00000000  0  0  0
-0.83272885  1.65583141  -3.70686659  1.00000000  0  0  0
2.04711123  -3.53114747  -10.00000000  1.00000000  0  0  0
-4.86142849  0.61182620  -9.79955475  1.00000000  0  0  0
-0.96424212  2.62089557  -5.58528656  1.00000000  0  0  0
2.12003362  -1.90723713  -10.00000000  1.00000000  0  0  0
-2.17187161  -2.22318630  -6.21597414  1.00000000  0  0  0
0.33227887  2.97611569  -5.98921492  1.00000000  0  0  0
1.52707411  -1.84801013  -4.79462065  1.00000000  0  0  0
1.06880706  -3.90266142  -8.09274111  1.00000000  0  0  0
-2.44330281  -1.07926643  -10.00000000  1.00000000  0  0  0
-3.22128257  -1.74858500  -7.33054184  1.00000000  0  0  0
-2.85267403  -4.01080849  -9.84364442  1.00000000  0  0  0
1.54174202  -0.38515330  -10.00000000  1.00000000  0  0  0
3.85662168  -3.15939544  -9.97102007  1.00000000  0  0  0
0.17587901  0.08358142  -0.38945747  1.00000000  0  0  0
-2.03781484  -1.28405818  -4.81725845  1.00000000  0  0  0
0.20824561  4.12224686  -8.25500707  1.00000000  0  0  0
-0.19796667  -3.60466964  -7.22020333  1.00000000  0  0  0
-1.31269812  -4.44202172  -9.26385088  1.00000000  0  0  0
2.09208351  -3.32829556  -7.86240796  1.00000000  0  0  0
-1.31917804  -2.16335829  -10.00000000  1.00000000  0  0  0
-1.23208240  1.45077528  -3.80671825  1.00000000  0  0  0
-1.90060582  1.59548667  -4.96301529  1.00000000  0  0  0
-3.41776523  -0.34495914  -6.87025938  1.00000000  0  0  0
-3.51167999  1.94457671  -10.00000000  1.00000000  0  0  0
-1.75897244  -1.00193109  -10.00000000  1.00000000  0  0  0
2.06747815  1.30051198  -4.88499635  1.00000000  0  0  0
-0.65149049  0.08617914  -1.31433131  1.00000000  0  0  0
-2.50157226  -4.17571591  -10.00000000  1.00000000  0  0  0
-2.25122467  -3.89308561  -8.99424885  1.00000000  0  0  0
3.59624091  1.69131656  -10.00000000  1.00000000  0  0  0
-2.51399691  -3.31940338  -8.32793353  1.00000000  0  0  0
-4.00642109  -2.36143771  -10.00000000  1.00000000  0  0  0
2.79422055  1.31619780  -6.17739269  1.00000000  0  0  0
1.18721643  4.31246644  -8.94580341  1.00000000  0  0  0
3.36580468  -1.05138653  -10.00000000  1.00000000  0  0  0
2.56450294  -3.56532711  -8.78367411  1.00000000  0  0  0
-2.52888868  -1.27611856  -10.00000000  1.00000000  0  0  0
3.37545029  0.50541699  -6.82615880  1.00000000  0  0  0
1.05543287  1.28255535  -3.32197939  1.00000000  0  0  0
-2.05217665  2.74745186  -6.85854816  1.00000000  0  0  0
-1.87535274  0.04037976  -3.75157482  1.00000000  0  0  0
1.79871226  -0.71307441  -3.86980149  1.00000000  0  0  0
0.03319313  1.23636752  -10.00000000  1.00000000  0  0  0
0.28750429  0.24826440  -10.00000000  1.00000000  0  0  0
0.20879549  -2.17269074  -10.00000000  1.00000000  0  0  0
-0.71761270  -0.57553881  -10.00000000  1.00000000  0  0  0
-1.38308460  2.86841207  -6.36889655  1.00000000  0  0  0
2.79997012  -0.50029642  -5.68863048  1.00000000  0  0  0
4.15473844  0.33919914  -10.00000000  1.00000000  0  0  0
4.34949901  2.06677005  -9.63113287  1.00000000  0  0  0
-4.32431229  1.52158098  -9.16839909  1.00000000  0  0  0
0.69965775  -0.36689225  -1.58003910  1.00000000  0  0  0
0.34565516  -0.56952032  -10.00000000  1.00000000  0  0  0
-4.16690769  -1.21796755  -10.00000000  1.00000000  0  0  0
3.41630458  0.03683233  -6.83300626  1.00000000  0  0  0
-0.06512143  -0.76498799  -10.00000000  1.00000000  0  0  0
2.67171056  1.15194785  -5.81894188  1.00000000  0  0  0
0.85347033  2.95734958  -10.00000000  1.00000000  0  0  0
-2.87052961  -2.27605945  -10.00000000  1.00000000  0  0  0
-1.52389156  -3.76226832  -8.11835165  1.00000000  0  0  0
-0.91716585  1.88375719  -4.19033857  1.00000000  0  0  0
2.38204699  3.71086424  -10.00000000  1.00000000  0  0  0
2.70692951  -2.33545230  -7.15033002  1.00000000  0  0  0
0.95655731  2.62283603  -5.58364424  1.00000000  0  0  0
-2.08684026  -4.18909828  -9.36022365  1.00000000  0  0  0
4.25922989  0.74096036  -10.00000000  1.00000000  0  0  0
3.99123734  2.76054487  -9.70578869  1.00000000  0  0  0
0.71070449  1.53230979  -3.37820910  1.00000000  0  0  0
-3.38088501  0.69287105  -6.90230505  1.00000000  0  0  0
0.19097091  -3.41570501  -6.84207881  1.00000000  0  0  0
2.22222073  4.11751261  -9.35781494  1.00000000  0  0  0
2.93535209  1.07231713  -10.00000000  1.00000000  0  0  0
0.46007826  4.35687322  -8.76219523  1.00000000  0  0  0
-2.79062164  0.73141740  -5.76976276  1.00000000  0  0  0
0.77253713  -3.14278994  -10.00000000  1.00000000  0  0  0
1.97414561  -3.30474074  -7.69897714  1.00000000  0  0  0
2.76945175  -2.26631417  -7.15710638  1.00000000  0  0  0
2.59865546  3.07892911  -8.05799346  1.00000000  0  0  0
-3.03237802  1.38572651  -10.00000000  1.00000000  0  0  0
1.66573443  2.05838025  -5.29588537  1.00000000  0  0  0
0.15992007  1.32113211  -10.00000000  1.00000000  0  0  0
-4.78669586  -0.60247866  -9.64892488  1.00000000  0  0  0
-0.08018947  -3.22619959  -6.45439203  1.00000000  0  0  0
-0.36129661  0.10267785  -0.75120698  1.00000000  0  0  0
3.37986294  -2.01077323  -7.86554067  1.00000000  0  0  0
0.08864964  3.47942688  -6.96111204  1.00000000  0  0  0
-0.37421475  1.76432497  -3.60714806  1.00000000  0  0  0
2.46714111  0.48937093  -5.03041517  1.00000000  0  0  0
3.76632145  1.58508566  -8.17255745  1.00000000  0  0  0
-3.63164125  -0.79201739  -7.43400557  1.00000000  0  0  0
4.25889082  1.14694121  -8.82125279  1.00000000  0  0  0
0.14661357  2.30778735  -4.62487966  1.00000000  0  0  0
-2.75142788  -1.96409456  -6.76107175  1.00000000  0  0  0
1.44511875  3.71741228  -7.97684706  1.00000000  0  0  0
-1.79534289  -3.61656002  -8.07533590  1.00000000  0  0  0
-0.95635903  -2.73079386  -5.78683255  1.00000000  0  0  0
-0.56887482  -4.74946647  -9.56682818  1.00000000  0  0  0
0.87062668  -0.56047915  -2.07087199  1.00000000  0  0  0
3.46799057  2.15826625  -8.16947288  1.00000000  0  0  0
4.34632255  1.94440517  -10.00000000  1.00000000  0  0  0
1.86769147  3.51987450  -10.00000000  1.00000000  0  0  0
-2.50225098  0.03539231  -10.00000000  1.00000000  0  0  0
0.72656660  -0.77613430  -10.00000000  1.00000000  0  0  0
-0.53332573  1.70010938  -3.56359832  1.00000000  0  0  0
0.66039243  3.31688804  -6.76398239  1.00000000  0  0  0
-3.00716931  -0.44101523  -6.07867146  1.00000000  0  0  0
-0.25204305  -4.26291811  -8.54072515  1.00000000  0  0  0
2.89414791  4.04824086  -10.00000000  1.00000000  0  0  0
-1.87168790  -0.50479628  -3.87713032  1.00000000  0  0  0
-3.59857981  -1.60999816  -10.00000000  1.00000000  0  0  0
1.57843132  -0.79165182  -10.00000000  1.00000000  0  0  0
-3.39978946  -3.19731707  -10.00000000  1.00000000  0  0  0
-4.38679699  0.79578268  -8.91678370  1.00000000  0  0  0
-2.88873756  0.18030803  -5.78871858  1.00000000  0  0  0
4.70953821  -1.05829307  -9.65395969  1.00000000  0  0  0
-4.09988160  -1.92120293  -10.00000000  1.00000000  0  0  0
-0.79162337  -0.41911036  -1.79144753  1.00000000  0  0  0
1.47657389  4.76451757  -10.00000000  1.00000000  0  0  0
-0.36071652  2.75879859  -10.00000000  1.00000000  0  0  0
2.34945460  1.09573473  -10.00000000  1.00000000  0  0  0
0.16111686  -1.22602115  -10.00000000  1.00000000  0  0  0
-3.87968057  1.83993398  -8.58773040  1.00000000  0  0  0
3.15502007  0.46001278  -6.37675886  1.00000000  0  0  0
-2.37220766  -1.44827544  -5.55873041  1.00000000  0  0  0
-2.14199485  0.39578487  -4.35650667  1.00000000  0  0  0
4.24943342  -1.72874861  -10.00000000  1.00000000  0  0  0
-1.34206881  4.26513006  -10.00000000  1.00000000  0  0  0
-0.61669302  2.85678998  -5.84518923  1.00000000  0  0  0
2.62848758  3.89334324  -9.39511970  1.00000000  0  0  0
-2.36672697  -1.08276546  -5.20529638  1.00000000  0  0  0
0.64044497  -3.31820490  -6.75889147  1.00000000  0  0  0
2.88475144  2.85095885  -10.00000000  1.00000000  0  0  0
-3.84188306  -1.45401542  -10.00000000  1.00000000  0  0  0
2.83823578  2.64521000  -7.75956656  1.00000000  0  0  0
-2.72225077  -1.49423294  -10.00000000  1.00000000  0  0  0
0.68392614  3.83387182  -7.78879404  1.00000000  0  0  0
4.14744881  -0.46231218  -10.00000000  1.00000000  0  0  0
0.44680108  -1.17434619  -10.00000000  1.00000000  0  0  0
-3.72367095  -0.25830261  -7.46523827  1.00000000  0  0  0
-2.78899036  -1.64392522  -10.00000000  1.00000000  0  0  0
-2.27589557  -3.48402318  -10.00000000  1.00000000  0  0  0
4.08116390  -0.12937283  -8.16642788  1.00000000  0  0  0
0.30123663  -1.93720307  -3.92096889  1.00000000  0  0  0
2.44169519  -0.36834312  -10.00000000  1.00000000  0  0  0
1.21491835  -1.23550435  -3.46554330  1.00000000  0  0  0
0.57289434  -2.66285937  -10.00000000  1.00000000  0  0  0
1.81938232  1.24515294  -4.40933459  1.00000000  0  0  0
-3.58729757  -2.39939874  -8.63152783  1.00000000  0  0  0
0.02365647  2.96674401  -5.93367665  1.00000000  0  0  0
3.25392356  0.40071775  -6.55700945  1.00000000  0  0  0
-0.15213268  -0.56039093  -1.16134810  1.00000000  0  0  0
0.73531035  3.90913347  -10.00000000  1.00000000  0  0  0
1.14763153  1.59924941  -10.00000000  1.00000000  0  0  0
-3.68366786  0.24935343  -7.38419557  1.00000000  0  0  0
3.33957691  -2.07489433  -7.86332256  1.00000000  0  0  0
0.38996307  3.53921771  -7.12127326  1.00000000  0  0  0
-0.76441333  3.74118312  -7.63695721  1.00000000  0  0  0
-2.15293634  -2.33693483  -10.00000000  1.00000000  0  0  0
-2.26786197  0.51000453  -10.00000000  1.00000000  0  0  0
-1.58524139  0.48342917  -3.31463062  1.00000000  0  0  0
-1.08686485  1.38969209  -10.00000000  1.00000000  0  0  0
-1.51023495  0.69313009  -3.32339520  1.00000000  0  0  0
-3.38587655  0.80722592  -6.96154400  1.00000000  0  0  0
2.22713783  -1.10714376  -4.97429803  1.00000000  0  0  0
0.83861588  0.83675335  -2.36933135  1.00000000  0  0  0
-2.03885214  1.56627881  -5.14204137  1.00000000  0  0  0
-0.99695477  4.04713615  -8.33624131  1.00000000  0  0  0
3.23587190  0.80963941  -10.00000000  1.00000000  0  0  0
2.50171571  -0.07295844  -5.00555869  1.00000000  0  0  0
-3.25497692  -3.35157828  -9.34407870  1.00000000  0  0  0
-0.56618906  -0.68449685  -1.77663276  1.00000000  0  0  0
1.64359125  3.40211045  -10.00000000  1.00000000  0  0  0
2.51488233  3.65248802  -8.86911537  1.00000000  0  0  0
-0.96042553  -0.52223702  -2.18645714  1.00000000  0  0  0
2.29556344  0.77706166  -4.84703470  1.00000000  0  0  0
1.98482708  1.90328684  -10.00000000  1.00000000  0  0  0
-2.74493150  -3.90031018  -9.53877736  1.00000000  0  0  0
-0.63282061  4.57836284  -10.00000000  1.00000000  0  0  0
4.82983682  0.09184472  -9.66142000  1.00000000  0  0  0
-3.83581435  -1.80555575  -10.00000000  1.00000000  0  0  0
-1.57187375  -1.42200733  -4.23928858  1.00000000  0  0  0
-2.26773577  -4.31703090  -10.00000000  1.00000000  0  0  0
3.86054947  0.12328964  -7.72503528  1.00000000  0  0  0
0.33246176  -4.53116060  -9.08668194  1.00000000  0  0  0
3.21562483  -2.41734555  -10.00000000  1.00000000  0  0  0
2.65515537  0.71718404  -5.50061924  1.00000000  0  0  0
-0.34942883  -0.21269041  -10.00000000  1.00000000  0  0  0
1.34691550  0.61172897  -2.95864409  1.00000000  0  0  0
1.18768067  -4.62000854  -9.54045373  1.00000000  0  0  0
-4.01011263  -1.32235783  -8.44503015  1.00000000  0  0  0
0.32055626  -4.91663541  -9.85414837  1.00000000  0  0  0
0.60541298  -2.63415830  -5.40566918  1.00000000  0  0  0
-2.63474290  2.86109513  -7.77887794  1.00000000  0  0  0
0.79739726  -0.08800089  -1.60447693  1.00000000  0  0  0
0.01741529  -2.96837191  -10.00000000  1.00000000  0  0  0
3.18508229  2.99955984  -8.75033907  1.00000000  0  0  0
3.37344528  -2.59850957  -10.00000000  1.00000000  0  0  0
2.94851822  -0.09707434  -5.90023157  1.00000000  0  0  0
1.88053476  3.04178632  -10.00000000  1.00000000  0  0  0
1.53381677  0.51686176  -3.23712216  1.00000000  0  0  0
2.71873511  0.00286624  -5.43747324  1.00000000  0  0  0
-0.05605196  -0.17734037  -10.00000000  1.00000000  0  0  0
4.66819538  0.84168451  -10.00000000  1.00000000  0  0  0
3.11839635  3.35837043  -9.16581644  1.00000000  0  0  0
0.69036519  -4.83835319  -10.00000000  1.00000000  0  0  0
1.11028406  0.41967731  -2.37390796  1.00000000  0  0  0
2.78985606  2.25234920  -7.17115717  1.00000000  0  0  0
2.17715095  -1.19202077  -10.00000000  1.00000000  0  0  0
-0.10609142  3.21597779  -6.43545445  1.00000000  0  0  0
1.46311850  -3.26858539  -7.16222484  1.00000000  0  0  0
1.80528095  1.83578760  -10.00000000  1.00000000  0  0  0
-0.63915106  -2.56521583  -5.28728525  1.00000000  0  0  0
1.11877368  4.04636114  -10.00000000  1.00000000  0  0  0
1.05638675  -0.94075954  -2.82912105  1.00000000  0  0  0
2.42276437  0.70943205  -5.04899238  1.00000000  0  0  0
-0.52147484  3.50554226  -7.08823322  1.00000000  0  0  0
0.90734668  -3.34527567  -6.93228600  1.00000000  0  0  0
-0.29956231  2.06327904  -4.16982397  1.00000000  0  0  0
-3.35756650  -2.74870276  -10.00000000  1.00000000  0  0  0
-2.19202695  2.57098966  -6.75720947  1.00000000  0  0  0
2.90020903  2.89526441  -10.00000000  1.00000000  0  0  0
1.04311396  3.61500856  -10.00000000  1.00000000  0  0  0
-0.44861473  2.09803650  -4.29092640  1.00000000  0  0  0
-4.74302964  -0.65677780  -9.57657292  1.00000000  0  0  0
-1.15398200  -1.45005955  -3.70639833  1.00000000  0  0  0
0.69715189  3.90087398  -7.92536146  1.00000000  0  0  0
-3.05319273  -3.90728559  -9.91743244  1.00000000  0  0  0
-4.20838818  1.56327854  -8.97872393  1.00000000  0  0  0
-0.86505261  4.42792698  -9.02327066  1.00000000  0  0  0
2.34473713  -0.98182867  -5.08400620  1.00000000  0  0  0
2.90087324  -0.24479232  -5.82236681  1.00000000  0  0  0
-4.09760765  0.43758915  -8.24181357  1.00000000  0  0  0
3.12126921  -0.81578308  -10.00000000  1.00000000  0  0  0
1.86846013  2.49164363  -10.00000000  1.00000000  0  0  0
1.27481770  -3.76111452  -7.94257959  1.00000000  0  0  0
1.39693900  0.94069392  -3.36828955  1.00000000  0  0  0
-4.09101495  -1.63888699  -8.81415994  1.00000000  0  0  0
3.03984007  0.02505552  -6.07988666  1.00000000  0  0  0
-3.05510305  2.53700341  -7.94230217  1.00000000  0  0  0
4.19735569  1.05891097  -8.65773347  1.00000000  0  0  0
2.83012257  2.06728387  -7.00949538  1.00000000  0  0  0
-2.11336855  -0.36009853  -4.28765557  1.00000000  0  0  0
2.10068739  -3.29194830  -10.00000000  1.00000000  0  0  0
-3.44533960  2.81561538  -8.89900104  1.00000000  0  0  0
-0.20830824  -3.58525978  -10.00000000  1.00000000  0  0  0
3.79870676  2.86386047  -9.51459297  1.00000000  0  0  0
-3.69246564  -2.50424655  -10.00000000  1.00000000  0  0  0
-0.04184927  4.72075795  -10.00000000  1.00000000  0  0  0
4.70849218  1.29295438  -9.76557825  1.00000000  0  0  0
-2.35337325  3.79674165  -8.93389340  1.00000000  0  0  0
-3.49223946  2.63489711  -8.74949581  1.00000000  0  0  0
-0.03854426  -3.90705819  -7.81449663  1.00000000  0  0  0
3.28480339  3.09529189  -9.02679683  1.00000000  0  0  0
2.97791890  2.47436483  -7.74350883  1.00000000  0  0  0
-3.05328564  3.47577645  -10.00000000  1.00000000  0  0  0
0.74367915  -3.75510642  -10.00000000  1.00000000  0  0  0
-0.50389469  -1.81870909  -10.00000000  1.00000000  0  0  0
0.77769511  4.15868016  -8.46154367  1.00000000  0  0  0
0.46433416  -0.01555987  -0.92918958  1.00000000  0  0  0
1.30175401  4.47508039  -10.00000000  1.00000000  0  0  0
3.12920086  -3.24831585  -9.02074363  1.00000000  0  0  0
2.73298999  -0.57980270  -10.00000000  1.00000000  0  0  0
0.68534040  3.07979553  -6.31025577  1.00000000  0  0  0
1.73000639  -0.72449278  -3.75116617  1.00000000  0  0  0
-1.70950275  2.39344684  -5.88251220  1.00000000  0  0  0
-2.83510176  2.96915562  -8.21064848  1.00000000  0  0  0
3.65472142  0.34869180  -7.34263566  1.00000000  0  0  0
-4.45337799  -0.82569200  -9.05855237  1.00000000  0  0  0
0.21305692  -3.07250233  -6.15976097  1.00000000  0  0  0
-1.45541643  2.64927026  -6.04545114  1.00000000  0  0  0
-0.53004549  4.84421839  -10.00000000  1.00000000  0  0  0
3.05904803  -3.78733416  -10.00000000  1.00000000  0  0  0
3.72496448  -0.26120750  -10.00000000  1.00000000  0  0  0
3.46391252  1.02236869  -7.22327562  1.00000000  0  0  0
-4.07058069  2.84736303  -9.93521079  1.00000000  0  0  0
-1.80360295  4.40882540  -9.52695649  1.00000000  0  0  0
2.70531780  4.10690814  -9.83573869  1.00000000  0  0  0
2.96490144  3.16231615  -10.00000000  1.00000000  0  0  0
-1.59696989  4.02354973  -10.00000000  1.00000000  0  0  0
-3.18673808  -1.03931148  -6.70386990  1.00000000  0  0  0
-3.28928195  1.66488342  -7.37325234  1.00000000  0  0  0
0.76577528  -2.47370540  -5.17904633  1.00000000  0  0  0
-0.09945038  -3.90990729  -10.00000000  1.00000000  0  0  0
-1.22718131  3.90709978  -8.19058060  1.00000000  0  0  0
1.06484226  -3.27041614  -6.87881117  1.00000000  0  0  0
-1.55737732  4.60736522  -9.72691902  1.00000000  0  0  0
1.42729464  4.63911606  -9.70743381  1.00000000  0  0  0
4.10218762  -1.63783283  -8.83412466  1.00000000  0  0  0
-0.06262349  4.13889328  -8.27873402  1.00000000  0  0  0
3.47009609  1.94821761  -7.95917552  1.00000000  0  0  0
-4.17405874  -2.69227965  -10.00000000  1.00000000  0  0  0
1.56068418  1.70560735  -10.00000000  1.00000000  0  0  0
-3.60474356  2.12178596  -8.36568032  1.00000000  0  0  0
2.09268166  1.80753593  -5.53046207  1.00000000  0  0  0
0.03178422  2.65330937  -5.30699947  1.00000000  0  0  0
-4.39830299  2.24411111  -9.87544508  1.00000000  0  0  0
-1.77887859  -1.36816630  -4.48833514  1.00000000  0  0  0
-2.51760872  -1.17621120  -5.55763491  1.00000000  0  0  0
1.29284686  -2.34046989  -5.34761716  1.00000000  0  0  0
2.77890023  3.17039234  -8.43176710  1.00000000  0  0  0
-1.15545282  -1.37025162  -3.58477934  1.00000000  0  0  0
-0.33295074  3.01837265  -6.07336139  1.00000000  0  0  0
-0.17535659  4.06894676  -8.14544724  1.00000000  0  0  0
-3.12090997  -0.48295195  -10.00000000  1.00000000  0  0  0
-3.31512816  -1.37975404  -7.18158643  1.00000000  0  0  0
2.90757620  -1.29381202  -6.36488771  1.00000000  0  0  0
-1.90023857  -0.55794501  -10.00000000  1.00000000  0  0  0
-2.93788936  -0.56590428  -10.00000000  1.00000000  0  0  0
0.86163915  1.13654958  -10.00000000  1.00000000  0  0  0
-2.16308742  1.73902535  -5.55091212  1.00000000  0  0  0
3.20165396  -0.90625121  -6.65488672  1.00000000  0  0  0
-3.88279012  1.07960603  -8.06017575  1.00000000  0  0  0
2.57993806  -0.64450059  -10.00000000  1.00000000  0  0  0
0.57026226  -0.50482953  -1.52322277  1.00000000  0  0  0
3.00232886  -3.51607282  -9.24699880  1.00000000  0  0  0
1.60422893  4.47954237  -9.51627033  1.00000000  0  0  0
-4.06260449  2.91361483  -9.99878125  1.00000000  0  0  0
-1.06929609  1.16915814  -3.16880096  1.00000000  0  0  0
1.59625725  -3.55992877  -7.80285333  1.00000000  0  0  0
-3.42492984  -0.47455564  -10.00000000  1.00000000  0  0  0
1.42734437  -2.20187197  -5.24806713  1.00000000  0  0  0
3.06114361  0.14246727  -6.12891413  1.00000000  0  0  0
-3.50588807  -2.56444482  -8.68737668  1.00000000  0  0  0
-3.04623848  -1.43789039  -6.73709066  1.00000000  0  0  0
-2.86691242  -0.38886035  -5.78632844  1.00000000  0  0  0
-1.07833242  -3.14272315  -10.00000000  1.00000000  0  0  0
-1.95865168  1.59831648  -10.00000000  1.00000000  0  0  0
1.94465898  -2.81618158  -6.84472856  1.00000000  0  0  0
2.12630526  1.80719220  -5.58108150  1.00000000  0  0  0
0.87891845  1.06719885  -2.76507578  1.00000000  0  0  0
-1.96169590  0.33298431  -3.97951222  1.00000000  0  0  0
-3.97287840  -2.85500169  -9.78464050  1.00000000  0  0  0
0.09693811  -4.93683416  -9.87557159  1.00000000  0  0  0
-2.93427577  2.55667887  -7.78372177  1.00000000  0  0  0
3.44907859  -2.28213879  -10.00000000  1.00000000  0  0  0
-0.27358803  2.53659801  -5.10261889  1.00000000  0  0  0
-0.10401828  -3.15803231  -10.00000000  1.00000000  0  0  0
1.19230178  -0.06515329  -10.00000000  1.00000000  0  0  0
-0.32259212  -0.06948883  -10.00000000  1.00000000  0  0  0
-2.63007968  -2.31364106  -7.00578448  1.00000000  0  0  0
0.93638904  1.68652020  -10.00000000  1.00000000  0  0  0
1.60578078  4.41515545  -9.39619701  1.00000000  0  0  0
-1.48463433  0.62197674  -3.21931307  1.00000000  0  0  0
2.23997915  -0.72591833  -4.70933712  1.00000000  0  0  0
-1.48225683  3.42662323  -7.46694906  1.00000000  0  0  0
-2.91668848  2.26435723  -7.38495371  1.00000000  0  0  0
-3.17386457  -1.37870172  -10.00000000  1.00000000  0  0  0
0.83511819  -4.80713811  -10.00000000  1.00000000  0  0  0
0.18640788  1.66453206  -3.34987456  1.00000000  0  0  0
4.31190027  -1.70410998  -9.27285820  1.00000000  0  0  0
-1.82162586  -4.58205602  -9.86175605  1.00000000  0  0  0
3.07760792  0.53591144  -6.24783853  1.00000000  0  0  0
2.78734626  -1.73964546  -6.57135160  1.00000000  0  0  0
-3.55064948  0.56244856  -7.18984286  1.00000000  0  0  0
-3.23516636  1.01011788  -10.00000000  1.00000000  0  0  0
-1.48376284  -4.30903392  -9.11467508  1.00000000  0  0  0
-0.71560087  -3.35395237  -6.85888653  1.00000000  0  0  0
-2.23396575  -1.03175409  -4.92143047  1.00000000  0  0  0
-0.44068240  1.82827927  -3.76127961  1.00000000  0  0  0
-0.05934610  0.57259465  -1.15132375  1.00000000  0  0  0
-3.61686166  0.96708132  -10.00000000  1.00000000  0  0  0
-4.35639267  0.90964379  -8.90069860  1.00000000  0  0  0
1.05795696  -0.53850551  -2.37424609  1.00000000  0  0  0
0.40643137  2.13840770  -10.00000000  1.00000000  0  0  0
-1.44633682  -3.76973604  -8.07534519  1.00000000  0  0  0
1.41329363  -4.00530803  -8.49467864  1.00000000  0  0  0
4.42574565  -0.24904053  -8.86549395  1.00000000  0  0  0
3.55407332  -1.45766730  -7.68276801  1.00000000  0  0  0
-0.81662507  2.95847617  -10.00000000  1.00000000  0  0  0
0.64670401  -3.59563754  -7.30666420  1.00000000  0  0  0
-0.79465397  -3.78746565  -7.73986330  1.00000000  0  0  0
-1.48008645  -1.16289358  -3.76455967  1.00000000  0  0  0
3.16088588  0.39811575  -10.00000000  1.00000000  0  0  0
-1.92152759  -2.09149479  -5.68035870  1.00000000  0  0  0
-2.18521837  -0.82316860  -4.67024019  1.00000000  0  0  0
-3.61334442  0.68316391  -10.00000000  1.00000000  0  0  0
-0.13601808  -2.03859077  -4.08624681  1.00000000  0  0  0
-3.08425312  1.51154773  -10.00000000  1.00000000  0  0  0
1.86012813  4.37531428  -9.50861750  1.00000000  0  0  0
-2.73186846  -1.10157093  -10.00000000  1.00000000  0  0  0
1.36049616  -1.75275691  -4.43761494  1.00000000  0  0  0
-3.75146012  2.22117632  -8.71942137  1.00000000  0  0  0
4.78583524  0.46634821  -10.00000000  1.00000000  0  0  0
-0.07652461  4.96004262  -9.92126582  1.00000000  0  0  0
3.31984113  2.71812465  -8.58126955  1.00000000  0  0  0
-3.81668793  -2.50595070  -9.13168017  1.00000000  0  0  0
-0.45931272  -3.56833171  -7.19554289  1.00000000  0  0  0
-0.57388316  2.74393464  -5.60661009  1.00000000  0  0  0
0.52628198  -0.09180954  -10.00000000  1.00000000  0  0  0
-1.25891868  4.12656479  -8.62865302  1.00000000  0  0  0
-0.23243753  4.05647271  -8.12625328  1.00000000  0  0  0
-3.44311914  -1.77605069  -7.74839995  1.00000000  0  0  0
-2.03509716  -4.11748477  -9.18592430  1.00000000  0  0  0
3.54061868  0.10254624  -7.08420676  1.00000000  0  0  0
3.72724990  0.89928094  -7.66840218  1.00000000  0  0  0
2.63433401  1.43562816  -10.00000000  1.00000000  0  0  0
1.84286274  -1.65387657  -4.95235329  1.00000000  0  0  0
0.03216343  0.80167468  -1.60463925  1.00000000  0  0  0
2.12334883  1.65515793  -5.38448067  1.00000000  0  0  0
0.65219558  -2.19479138  -4.57928740  1.00000000  0  0  0
1.21104678  4.76035435  -10.00000000  1.00000000  0  0  0
3.30973028  2.62312387  -8.44632307  1.00000000  0  0  0
-2.89233020  -3.68283402  -9.36564796  1.00000000  0  0  0
0.88692454  2.81026881  -5.89380892  1.00000000  0  0  0
-4.68166068  0.95297637  -10.00000000  1.00000000  0  0  0
1.91807512  4.04845263  -10.00000000  1.00000000  0  0  0
1.21366093  3.17309475  -10.00000000  1.00000000  0  0  0
1.97856007  1.07990418  -4.50816724  1.00000000  0  0  0
1.38823124  -3.11311108  -10.00000000  1.00000000  0  0  0
2.77759659  1.98602938  -6.82915969  1.00000000  0  0  0
-1.72118435  -1.97482291  -10.00000000  1.00000000  0  0  0
-2.53724747  -0.72797552  -5.27923217  1.00000000  0  0  0
0.97229409  -0.61004996  -10.00000000  1.00000000  0  0  0
3.91473126  -2.45105270  -9.23748454  1.00000000  0  0  0
-1.42617962  2.55412031  -5.85064745  1.00000000  0  0  0
3.19225175  -2.53755925  -10.00000000  1.00000000  0  0  0
-2.17485381  3.76233061  -10.00000000  1.00000000  0  0  0
0.69916556  2.64864768  -5.47874694  1.00000000  0  0  0
1.62549327  -0.09406078  -3.25642490  1.00000000  0  0  0
-1.62917566  -4.00077058  -8.63953207  1.00000000  0  0  0
0.00525042  -3.98556832  -10.00000000  1.00000000  0  0  0
-0.64024179  0.81652615  -2.07521037  1.00000000  0  0  0
-0.93495956  -4.53184936  -9.25457898  1.00000000  0  0  0
-1.85161005  -3.30174532  -10.00000000  1.00000000  0  0  0
-2.25479648  1.72461789  -5.67746916  1.00000000  0  0  0
-2.87940577  2.51747892  -7.64949088  1.00000000  0  0  0
2.99822880  -2.11333551  -7.33636503  1.00000000  0  0  0
-1.97852218  1.50471805  -10.00000000  1.00000000  0  0  0
-2.89417168  0.03390191  -5.78874048  1.00000000  0  0  0
4.44675580  0.77715218  -9.02831162  1.00000000  0  0  0
-1.56460865  -1.03981246  -3.75723844  1.00000000  0  0  0
-2.35959885  4.11607119  -9.48888799  1.00000000  0  0  0
1.88191872  3.78054555  -8.44609796  1.00000000  0  0  0
-0.82957612  -2.61312154  -5.48328396  1.00000000  0  0  0
-2.19789671  -1.15271624  -4.96366989  1.00000000  0  0  0
2.76108328  -3.79644422  -9.38862495  1.00000000  0  0  0
0.93535731  -4.36518536  -8.92854670  1.00000000  0  0  0
-2.01031166  2.46299784  -6.35852541  1.00000000  0  0  0
-0.24662284  -3.57441062  -10.00000000  1.00000000  0  0  0
0.26141096  -4.09534081  -8.20735086  1.00000000  0  0  0
3.85452344  2.02862239  -8.71152335  1.00000000  0  0  0
0.37644189  -3.23800938  -10.00000000  1.00000000  0  0  0
0.03738964  -1.29560547  -2.59228974  1.00000000  0  0  0
4.24002277  -1.14394031  -8.78325510  1.00000000  0  0  0
0.60346631  1.11628099  -2.53791634  1.00000000  0  0  0
1.12899446  3.40250721  -7.16984904  1.00000000  0  0  0
1.36740790  1.40665412  -3.92350873  1.00000000  0  0  0
1.34288529  -2.33288985  -5.38357352  1.00000000  0  0  0
2.31675712  -2.88376040  -10.00000000  1.00000000  0  0  0
0.90525941  -3.09747267  -6.45409375  1.00000000  0  0  0
-1.31944461  0.58621999  -2.88762044  1.00000000  0  0  0
1.28870685  -0.92567581  -3.17341522  1.00000000  0  0  0
-4.10506878  -1.96276948  -10.00000000  1.00000000  0  0  0
3.80780507  -1.77383419  -10.00000000  1.00000000  0  0  0
-1.08637088  0.65895743  -10.00000000  1.00000000  0  0  0
0.37329679  2.73454995  -5.51982387  1.00000000  0  0  0
-0.80175480  -4.10131848  -8.35790022  1.00000000  0  0  0
0.80773561  -0.53117251  -1.93347465  1.00000000  0  0  0
2.40203869  0.13566816  -4.81173387  1.00000000  0  0  0
-0.67562081  1.86738898  -10.00000000  1.00000000  0  0  0
2.96923477  -1.87008428  -7.01813945  1.00000000  0  0  0
-3.09421431  3.25066463  -8.97574125  1.00000000  0  0  0
3.00478559  0.57890824  -10.00000000  1.00000000  0  0  0
-3.63934929  -0.91725036  -10.00000000  1.00000000  0  0  0
-1.36428622  -2.74630439  -6.13301383  1.00000000  0  0  0
0.67507346  -3.56908780  -7.26474002  1.00000000  0  0  0
0.69199236  3.05914909  -6.27287704  1.00000000  0  0  0
2.53808230  3.82071598  -9.17381761  1.00000000  0  0  0
2.81482992  3.62048583  -9.17195402  1.00000000  0  0  0
1.55797441  0.99259027  -3.69460131  1.00000000  0  0  0
3.38775807  -1.85159989  -10.00000000  1.00000000  0  0  0
-0.04261453  -3.01618568  -10.00000000  1.00000000  0  0  0
3.93845526  1.03909692  -8.14644762  1.00000000  0  0  0
-0.15160585  2.98080047  -5.96930675  1.00000000  0  0  0
3.39590980  -2.61914483  -8.57720771  1.00000000  0  0  0
0.50921106  4.20031253  -10.00000000  1.00000000  0  0  0
-2.07379129  2.14307747  -5.96435792  1.00000000  0  0  0
-4.13560393  -0.78674446  -8.41954553  1.00000000  0  0  0
0.80162445  -4.71195125  -9.55930675  1.00000000  0  0  0
-4.93840787  -0.47914071  -9.92319467  1.00000000  0  0  0
0.68802876  3.43243500  -10.00000000  1.00000000  0  0  0
-3.79072548  -1.38348668  -8.07059727  1.00000000  0  0  0
-1.68736719  -3.00983862  -6.90111195  1.00000000  0  0  0
-2.11203783  -1.82355893  -5.58070640  1.00000000  0  0  0
3.57316740  -2.86499869  -9.15985650  1.00000000  0  0  0
-0.11171217  -3.28122051  -6.56624325  1.00000000  0  0  0
0.09026982  -4.55632004  -9.11442833  1.00000000  0  0  0
0.54839320  1.11893612  -2.49219032  1.00000000  0  0  0
0.69761613  -1.63414418  -3.55364347  1.00000000  0  0  0
-4.90319407  -0.57808883  -10.00000000  1.00000000  0  0  0
3.00292056  -2.23663051  -7.48867090  1.00000000  0  0  0
1.88445590  3.63069354  -8.18122475  1.00000000  0  0  0
0.21622664  -0.70724283  -1.47911646  1.00000000  0  0  0
-1.68503329  -4.09996875  -8.86545677  1.00000000  0  0  0
2.48016902  -3.10791277  -7.95244873  1.00000000  0  0  0
-1.27517388  -2.88328593  -6.30536476  1.00000000  0  0  0
2.98615257  3.24393878  -8.81821887  1.00000000  0  0  0
0.34766734  -2.90603595  -5.85351775  1.00000000  0  0  0
-2.51927454  -1.97502447  -10.00000000  1.00000000  0  0  0
-3.76309464  -1.85563190  -8.39148403  1.00000000  0  0  0
-1.39469278  0.70958326  -3.12964941  1.00000000  0  0  0
0.48226359  2.27902725  -10.00000000  1.00000000  0  0  0
-1.46430188  -3.77119980  -10.00000000  1.00000000  0  0  0
0.51714559  4.41177751  -8.88396767  1.00000000  0  0  0
-3.15358069  3.77352068  -10.00000000  1.00000000  0  0  0
-3.84992005  -2.89001527  -9.62789129  1.00000000  0  0  0
-2.46718302  2.45841979  -6.96586532  1.00000000  0  0  0
-1.93626965  2.67612760  -6.60629975  1.00000000  0  0  0
2.48920689  4.15683314  -10.00000000  1.00000000  0  0  0
2.50341936  -4.30923937  -9.96727695  1.00000000  0  0  0
2.16566507  -3.76359145  -8.68440574  1.00000000  0  0  0
3.85360867  0.99632080  -7.96064192  1.00000000  0  0  0
2.99897306  2.98737780  -8.46599446  1.00000000  0  0  0
1.42704199  2.53391574  -5.81624546  1.00000000  0  0  0
-4.33589351  0.00708876  -8.67179862  1.00000000  0  0  0
-4.17230353  -2.23499940  -9.46643313  1.00000000  0  0  0
2.48980309  3.06863474  -7.90332552  1.00000000  0  0  0
-4.81995151  0.86528539  -10.00000000  1.00000000  0  0  0
-0.71477853  0.93882236  -2.35991168  1.00000000  0  0  0
0.08826427  -2.95320316  -5.90904375  1.00000000  0  0  0
0.46768015  2.61922451  -5.32130126  1.00000000  0  0  0
-1.65553568  -3.51638524  -7.77322675  1.00000000  0  0  0
2.68886857  -1.71055268  -6.37369740  1.00000000  0  0  0
-2.16385506  2.26432051  -6.26399748  1.00000000  0  0  0
3.59755304  -1.96948898  -10.00000000  1.00000000  0  0  0
-1.56139534  1.34175014  -4.11740153  1.00000000  0  0  0
-1.77528152  1.30490783  -10.00000000  1.00000000  0  0  0
-3.43642463  0.05824422  -6.87383638  1.00000000  0  0  0
-1.68321572  2.15750480  -10.00000000  1.00000000  0  0  0
-0.61012725  4.14135105  -8.37210698  1.00000000  0  0  0
-0.13633000  -2.14752276  -10.00000000  1.00000000  0  0  0
0.25009778  -1.79768506  -3.62999750  1.00000000  0  0  0
3.68511743  -1.59939815  -10.00000000  1.00000000  0  0  0
-1.62417188  4.27811917  -9.15210094  1.00000000  0  0  0
0.33378545  4.61578836  -9.25568255  1.00000000  0  0  0
4.74495883  1.13227712  -10.00000000  1.00000000  0  0  0
2.86605954  2.32194961  -7.37719386  1.00000000  0  0  0
4.06952730  0.89700851  -8.33442900  1.00000000  0  0  0
-4.03137164  -0.56154563  -10.00000000  1.00000000  0  0  0
2.51082340  4.03166468  -10.00000000  1.00000000  0  0  0
-0.96704700  -1.90973937  -10.00000000  1.00000000  0  0  0
2.53323588  2.55922358  -7.20191900  1.00000000  0  0  0
-3.07652022  3.09219228  -8.72390503  1.00000000  0  0  0
1.87482067  -1.98150524  -5.45575497  1.00000000  0  0  0
-3.18720584  0.93790725  -6.64468240  1.00000000  0  0  0
3.48453265  -2.16712926  -8.20692805  1.00000000  0  0  0
3.42753453  -2.94824785  -9.04215866  1.00000000  0  0  0
3.16017115  -1.17161811  -6.74073311  1.00000000  0  0  0
4.62249580  -0.23117001  -10.00000000  1.00000000  0  0  0
-1.63220865  -1.84714319  -4.92992618  1.00000000  0  0  0
0.44257605  0.93319544  -2.06564982  1.00000000  0  0  0
0.54193918  -1.50848037  -10.00000000  1.00000000  0  0  0
-0.59110079  -3.05971987  -10.00000000  1.00000000  0  0  0
-3.42134121  0.61768049  -6.95330277  1.00000000  0  0  0
-0.32086724  1.58650556  -3.23725543  1.00000000  0  0  0
-0.25734215  -3.86700803  -10.00000000  1.00000000  0  0  0
0.02922990  -3.41770130  -6.83565259  1.00000000  0  0  0
1.08532349  -2.59308674  -10.00000000  1.00000000  0  0  0
2.33745896  -1.62412416  -5.69262459  1.00000000  0  0  0
-3.00057313  -3.95410202  -9.92740892  1.00000000  0  0  0
0.23299994  1.32647221  -2.69356083  1.00000000  0  0  0
1.26752808  3.16933842  -6.82680993  1.00000000  0  0  0
0.46255535  2.71458608  -5.50742590  1.00000000  0  0  0
-1.51128215  0.20773116  -3.05098409  1.00000000  0  0  0
2.66121943  0.23143739  -5.34252829  1.00000000  0  0  0
-3.93799030  -2.27891881  -9.09972274  1.00000000  0  0  0
4.46085393  -1.18014980  -10.00000000  1.00000000  0  0  0
-0.08621747  3.46035144  -10.00000000  1.00000000  0  0  0
-3.53398033  0.27099756  -7.08871120  1.00000000  0  0  0
-2.21626859  -2.40611861  -10.00000000  1.00000000  0  0  0
-1.72076326  0.08659040  -3.44588108  1.00000000  0  0  0
0.80837640  4.75278455  -10.00000000  1.00000000  0  0  0
0.80369548  4.85839430  -9.84884187  1.00000000  0  0  0
4.52924606  1.85830244  -9.79129365  1.00000000  0  0  0
3.98705220  -1.92534570  -10.00000000  1.00000000  0  0  0
-1.22141129  3.43003021  -10.00000000  1.00000000  0  0  0
-0.02548422  4.11564922  -8.23145624  1.00000000  0  0  0
4.32306329  0.32125723  -8.66996711  1.00000000  0  0  0
-2.28734222  1.51385539  -5.48587005  1.00000000  0  0  0
-2.61855254  3.36700908  -8.53078368  1.00000000  0  0  0
-0.89501985  2.88630238  -6.04377429  1.00000000  0  0  0
0.38093640  -3.19177783  -6.42885939  1.00000000  0  0  0
1.27604949  4.67778525  -10.00000000  1.00000000  0  0  0
-2.03115904  -0.81779638  -4.37922274  1.00000000  0  0  0
1.67694854  1.44573779  -4.42823403  1.00000000  0  0  0
-0.30930691  -2.36271326  -10.00000000  1.00000000  0  0  0
-2.39561061  2.58857936  -7.05398987  1.00000000  0  0  0
0.98746614  3.98014363  -8.20161757  1.00000000  0  0  0
2.32500308  -2.98120182  -10.00000000  1.00000000  0  0  0
-3.54932308  -0.22150634  -7.11245650  1.00000000  0  0  0
0.57841275  3.91035075  -10.00000000  1.00000000  0  0  0
1.42493416  -4.00921474  -8.50981555  1.00000000  0  0  0
-3.05824473  -0.30122336  -6.14608699  1.00000000  0  0  0
2.32144967  2.24200821  -6.45468183  1.00000000  0  0  0
3.82642869  2.31256594  -10.00000000  1.00000000  0  0  0
1.31814550  -1.92956209  -10.00000000  1.00000000  0  0  0
-2.09991813  1.91253428  -5.68064909  1.00000000  0  0  0
1.59551314  3.47178176  -10.00000000  1.00000000  0  0  0
-2.13650413  4.19273741  -10.00000000  1.00000000  0  0  0
-3.15702990  -1.37744472  -6.88888721  1.00000000  0  0  0
-1.97411011  -3.52331445  -8.07734002  1.00000000  0  0  0
-3.07513558  -0.22083121  -6.16610908  1.00000000  0  0  0
-3.43534798  1.38741151  -7.40986544  1.00000000  0  0  0
0.05894127  0.04558723  -0.14902709  1.00000000  0  0  0
0.61856596  1.71292652  -3.64238444  1.00000000  0  0  0
-0.82541226  4.56364963  -9.27538751  1.00000000  0  0  0
3.32465882  -2.79331517  -10.00000000  1.00000000  0  0  0
-1.60358296  0.69604704  -10.00000000  1.00000000  0  0  0
-4.77554732  1.28228612  -9.88941047  1.00000000  0  0  0
2.84522114  2.87864188  -8.09490270  1.00000000  0  0  0
1.65678715  1.25192496  -10.00000000  1.00000000  0  0  0
-2.02729027  3.83027158  -8.66738396  1.00000000  0  0  0
2.69374212  -3.17571785  -8.32860864  1.00000000  0  0  0
-1.31803324  -1.27321648  -3.66512854  1.00000000  0  0  0
-1.92398182  -0.95565069  -4.29649824  1.00000000  0  0  0
-0.72419725  -3.38525800  -6.92370808  1.00000000  0  0  0
-0.97958296  -4.89640153  -9.98685752  1.00000000  0  0  0
-0.58899112  1.38122598  -10.00000000  1.00000000  0  0  0
-2.81135571  3.39605279  -8.81745892  1.00000000  0  0  0
0.88521954  4.07970137  -8.34926987  1.00000000  0  0  0
-1.13378411  -2.40167431  -10.00000000  1.00000000  0  0  0
2.59661516  2.46536349  -10.00000000  1.00000000  0  0  0
-1.56248209  -4.16997154  -10.00000000  1.00000000  0  0  0
0.02347588  -4.83688709  -10.00000000  1.00000000  0  0  0
-0.25381811  -4.76718595  -9.54787632  1.00000000  0  0  0
-3.86955296  1.41016486  -10.00000000  1.00000000  0  0  0
-0.61547292  -3.63883365  -7.38103442  1.00000000  0  0  0
4.01762428  -0.33325479  -8.06284407  1.00000000  0  0  0
1.27135209  2.08322847  -10.00000000  1.00000000  0  0  0
-0.67980095  -1.44809564  -3.19944389  1.00000000  0  0  0
-1.53029932  -1.26857229  -10.00000000  1.00000000  0  0  0
-2.84452453  0.10304249  -5.69278054  1.00000000  0  0  0
2.61893765  -2.01080865  -6.60369165  1.00000000  0  0  0
1.13542650  -0.84071562  -2.82559453  1.00000000  0  0  0
1.98066597  -2.52554648  -6.41916590  1.00000000  0  0  0
-1.72986722  -0.19517320  -10.00000000  1.00000000  0  0  0
0.44815093  -0.82763199  -1.88235381  1.00000000  0  0  0
0.92725445  -4.28518839  -8.76872633  1.00000000  0  0  0
-4.16207224  -1.33245235  -8.74031454  1.00000000  0  0  0
-4.71927398  -0.25970153  -9.45282853  1.00000000  0  0  0
-0.64356718  3.20287424  -6.53378363  1.00000000  0  0  0
-3.53310956  1.24369680  -7.49123351  1.00000000  0  0  0
-3.60861312  -2.36077873  -8.62446864  1.00000000  0  0  0
-4.34891718  1.31680792  -10.00000000  1.00000000  0  0  0
1.02012555  -4.66112431  -9.54290019  1.00000000  0  0  0
0.18603470  2.39353209  -4.80150176  1.00000000  0  0  0
1.62424354  -4.68542722  -10.00000000  1.00000000  0  0  0
1.18833437  -1.53343873  -10.00000000  1.00000000  0  0  0
-0.46519367  4.09400215  -10.00000000  1.00000000  0  0  0
-1.26624201  -3.46065347  -10.00000000  1.00000000  0  0  0
4.32669716  -0.52467288  -8.71678608  1.00000000  0  0  0
0.39757647  -3.26790952  -6.58401084  1.00000000  0  0  0
-4.37685413  -1.08572401  -9.01901295  1.00000000  0  0  0
1.11455879  -3.29604509  -6.95877992  1.00000000  0  0  0
3.02195354  3.79812268  -9.70730427  1.00000000  0  0  0
-2.99334695  -0.49848843  -6.06914053  1.00000000  0  0  0
3.40063298  -0.38981827  -6.84580542  1.00000000  0  0  0
3.40187346  1.33479848  -7.30874270  1.00000000  0  0  0
-1.02460402  -2.40395609  -5.22640155  1.00000000  0  0  0
1.05736520  -3.87019531  -8.02407200  1.00000000  0  0  0
-2.69477195  0.77100840  -5.60580050  1.00000000  0  0  0
-3.36091487  1.31990743  -7.22160769  1.00000000  0  0  0
0.31761475  1.07996930  -2.25141096  1.00000000  0  0  0
-1.75347377  -4.57404211  -9.79725093  1.00000000  0  0  0
4.27354601  -1.51690833  -9.06955488  1.00000000  0  0  0
0.15855105  -1.99400781  -4.00060276  1.00000000  0  0  0
-0.06468091  -4.30357204  -8.60811615  1.00000000  0  0  0
-3.69256795  3.23819475  -10.00000000  1.00000000  0  0  0
-0.06460471  1.19434505  -2.39218216  1.00000000  0  0  0
-2.32510533  -0.78974377  -10.00000000  1.00000000  0  0  0
2.29678264  1.49644946  -5.48254375  1.00000000  0  0  0
3.28084546  -2.34219940  -10.00000000  1.00000000  0  0  0
-0.80313232  -1.10472001  -2.73161331  1.00000000  0  0  0
2.66349826  3.29844726  -10.00000000  1.00000000  0  0  0
-2.77175435  1.85483886  -10.00000000  1.00000000  0  0  0
-2.28308425  2.56737377  -6.87135556  1.00000000  0  0  0
1.49984923  -1.10014116  -3.72013885  1.00000000  0  0  0
1.09569885  4.16357664  -10.00000000  1.00000000  0  0  0
2.28540767  2.92784915  -7.42842887  1.00000000  0  0  0
-1.46244009  -0.18607081  -10.00000000  1.00000000  0  0  0
1.43091714  1.21971987  -10.00000000  1.00000000  0  0  0
-2.52739470  3.57933419  -10.00000000  1.00000000  0  0  0
-1.72536654  -3.20251700  -7.27543945  1.00000000  0  0  0
0.94398606  1.32748077  -3.25779980  1.00000000  0  0  0
-2.35841984  1.83878947  -5.98106707  1.00000000  0  0  0
0.11859371  -2.55701562  -5.11952864  1.00000000  0  0  0
-1.86005234  -1.84835673  -5.24450848  1.00000000  0  0  0
-4.40165888  -1.25271480  -9.15290015  1.00000000  0  0  0
2.64653507  -4.15582281  -10.00000000  1.00000000  0  0  0
3.29719544  2.27188064  -8.00823062  1.00000000  0  0  0
2.27383862  -4.18490274  -9.52549275  1.00000000  0  0  0
-1.70475906  -1.84343537  -5.02173573  1.00000000  0  0  0
-3.09974215  0.70084766  -6.35597005  1.00000000  0  0  0
1.02089298  1.26042018  -3.24399846  1.00000000  0  0  0
-3.76876421  -2.82962755  -9.42557707  1.00000000  0  0  0
-3.96722883  1.18051943  -8.27829226  1.00000000  0  0  0
-0.26911109  0.54349483  -1.21294256  1.00000000  0  0  0
-0.56694771  -4.25780369  -10.00000000  1.00000000  0  0  0
-4.84282361  -0.16017541  -10.00000000  1.00000000  0  0  0
3.91137903  -0.96250126  -8.05612676  1.00000000  0  0  0
1.46941663  -3.70339301  -7.96851429  1.00000000  0  0  0
2.43518824  0.56726760  -5.00077365  1.00000000  0  0  0
1.85035482  1.12305610  -4.32900356  1.00000000  0  0  0
-1.46148868  -3.11028546  -10.00000000  1.00000000  0  0  0
3.32325792  3.44959176  -9.57992202  1.00000000  0  0  0
0.52375118  -0.83709422  -1.97488434  1.00000000  0  0  0
-1.62171034  2.63211635  -10.00000000  1.00000000  0  0  0
4.71483085  -0.31115865  -9.45017453  1.00000000  0  0  0
-3.99921133  1.22980613  -8.36806176  1.00000000  0  0  0
0.92650168  -0.10083417  -1.86394516  1.00000000  0  0  0
-4.03820483  -0.39872600  -10.00000000  1.00000000  0  0  0
4.47937964  -0.50536497  -10.00000000  1.00000000  0  0  0
1.93419155  0.91272475  -10.00000000  1.00000000  0  0  0
-1.41963526  -0.95705076  -10.00000000  1.00000000  0  0  0
0.12690716  1.14506496  -2.30415208  1.00000000  0  0  0
0.20454521  3.07075517  -10.00000000  1.00000000  0  0  0
2.69636728  2.56143291  -10.00000000  1.00000000  0  0  0
3.78272906  3.18966170  -9.89605595  1.00000000  0  0  0
-2.30867642  -1.43632770  -10.00000000  1.00000000  0  0  0
-4.21372489  1.59657528  -9.01210965  1.00000000  0  0  0
-1.01592122  0.45592037  -10.00000000  1.00000000  0  0  0
0.68856239  4.10528283  -8.32525442  1.00000000  0  0  0
-2.37449788  -1.12775471  -10.00000000  1.00000000  0  0  0
-4.24608261  0.81099930  -10.00000000  1.00000000  0  0  0
-2.59601347  -0.24933992  -5.21592038  1.00000000  0  0  0
-3.12134806  -0.45643885  -6.30908872  1.00000000  0  0  0
2.07100923  -0.64904774  -4.34066456  1.00000000  0  0  0
-1.72748501  0.68548084  -10.00000000  1.00000000  0  0  0
-4.00589200  -0.87313160  -8.19988524  1.00000000  0  0  0
2.72580797  -3.63203617  -9.08222788  1.00000000  0  0  0
0.15072190  2.56890443  -10.00000000  1.00000000  0  0  0
3.50753500  -2.43895942  -10.00000000  1.00000000  0  0  0
-1.77751446  -1.31006329  -4.41625338  1.00000000  0  0  0
-4.17868603  0.82497461  -10.00000000  1.00000000  0  0  0
-4.10678464  -0.90483537  -8.41056649  1.00000000  0  0  0
-0.13154472  -1.18895732  -2.39242432  1.00000000  0  0  0
-0.05749788  -0.01078949  -0.11700290  1.00000000  0  0  0
-1.90687879  0.85205886  -10.00000000  1.00000000  0  0  0
-2.68011451  -0.86565613  -10.00000000  1.00000000  0  0  0
-0.83494987  4.11117712  -8.39021301  1.00000000  0  0  0
-2.52559147  -1.72748860  -6.11974807  1.00000000  0  0  0
2.38444250  -4.00049715  -10.00000000  1.00000000  0  0  0
3.49433001  -2.41212754  -10.00000000  1.00000000  0  0  0
-1.13290627  3.64925847  -7.64213687  1.00000000  0  0  0
-2.49137562  -0.45751618  -5.06607286  1.00000000  0  0  0
-0.93457974  -1.36984226  -3.31656877  1.00000000  0  0  0
2.15734898  -1.66738276  -10.00000000  1.00000000  0  0  0
-1.65301646  2.97391340  -6.80488776  1.00000000  0  0  0
-4.68595924  0.16284823  -9.37757614  1.00000000  0  0  0
2.65728873  2.10019963  -6.77407466  1.00000000  0  0  0
-1.52166346  -2.38848735  -5.66403796  1.00000000  0  0  0
-3.73736733  -0.31193534  -10.00000000  1.00000000  0  0  0
0.67700095  1.74524184  -3.74390138  1.00000000  0  0  0
0.56341319  0.16373069  -1.17344306  1.00000000  0  0  0
1.03744763  2.98164754  -6.31395902  1.00000000  0  0  0
1.21067092  -4.66178593  -9.63285464  1.00000000  0  0  0
-4.27654974  2.50199593  -9.90936150  1.00000000  0  0  0
1.07155824  0.21464938  -2.18569111  1.00000000  0  0  0
0.77416363  3.09029929  -6.37158663  1.00000000  0  0  0
3.21066270  3.03518095  -8.83644235  1.00000000  0  0  0
-1.15993290  -1.10586529  -3.20523470  1.00000000  0  0  0
-4.21774549  0.81650886  -10.00000000  1.00000000  0  0  0
2.43135418  -0.65378851  -10.00000000  1.00000000  0  0  0
0.84073133  0.40034401  -1.86236891  1.00000000  0  0  0
-2.68271322  -3.62337015  -10.00000000  1.00000000  0  0  0
1.60639903  -0.02211388  -3.21310246  1.00000000  0  0  0
3.28180233  3.45875486  -10.00000000  1.00000000  0  0  0
-1.36933155  -3.10263415  -6.78274503  1.00000000  0  0  0
-4.70367602  0.30628084  -9.42727449  1.00000000  0  0  0
0.63060649  4.54274556  -10.00000000  1.00000000  0  0  0
-0.46119433  1.04825254  -2.29044414  1.00000000  0  0  0
-3.68947736  2.38400442  -8.78537882  1.00000000  0  0  0
-3.32268916  -3.07874629  -10.00000000  1.00000000  0  0  0
-2.63681028  0.44482278  -5.34813453  1.00000000  0  0  0
-2.49109919  -2.08405486  -6.49580167  1.00000000  0  0  0
3.43007998  1.72862307  -10.00000000  1.00000000  0  0  0
3.17862846  -0.83378568  -10.00000000  1.00000000  0  0  0
1.60196389  0.98352329  -3.75957782  1.00000000  0  0  0
-2.45400552  3.72052227  -10.00000000  1.00000000  0  0  0
0.08713132  2.66037971  -10.00000000  1.00000000  0  0  0
-0.66530958  -3.15165458  -6.44222427  1.00000000  0  0  0
1.97782783  4.21945494  -9.32000062  1.00000000  0  0  0
0.72660101  0.62031556  -10.00000000  1.00000000  0  0  0
0.24706841  4.08770369  -8.19032705  1.00000000  0  0  0
-2.95354786  -1.58306154  -6.70209781  1.00000000  0  0  0
3.24744564  -2.27677433  -7.93211310  1.00000000  0  0  0
1.87490901  -4.08284533  -10.00000000  1.00000000  0  0  0
3.14333588  3.09346095  -8.82044469  1.00000000  0  0  0
2.06299772  -1.01899361  -4.60187247  1.00000000  0  0  0
1.29649528  -3.01121306  -6.55692126  1.00000000  0  0  0
0.32203181  1.40311278  -2.87918736  1.00000000  0  0  0
-2.17141541  1.93026667  -10.00000000  1.00000000  0  0  0
3.22952415  2.58587642  -10.00000000  1.00000000  0  0  0
3.84298900  -1.21856394  -8.06311666  1.00000000  0  0  0
-0.87437686  -0.08482307  -1.75696311  1.00000000  0  0  0
-0.99089774  1.62089801  -3.79957298  1.00000000  0  0  0
-2.64579564  0.30889815  -5.32753325  1.00000000  0  0  0
-4.11675837  0.44923450  -8.28239364  1.00000000  0  0  0
-1.76463292  2.87823712  -6.75223764  1.00000000  0  0  0
4.29673787  0.14729823  -8.59852385  1.00000000  0  0  0
-1.74206575  -3.66734950  -8.12015898  1.00000000  0  0  0
0.08422554  -2.89414447  -5.79073955  1.00000000  0  0  0
3.92194263  -0.22218442  -7.85646229  1.00000000  0  0  0
-0.42250124  -4.40294590  -10.00000000  1.00000000  0  0  0
0.96076018  -3.10001981  -6.49097309  1.00000000  0  0  0
-0.17312910  -2.32250045  -4.65788880  1.00000000  0  0  0
0.67934232  1.04081274  -10.00000000  1.00000000  0  0  0
-4.79391106  0.57840393  -9.65735665  1.00000000  0  0  0
-1.44033485  -1.73986247  -4.51738238  1.00000000  0  0  0
3.46465671  -2.52617828  -10.00000000  1.00000000  0  0  0
4.05788343  -0.27790404  -10.00000000  1.00000000  0  0  0
0.65099907  3.14462269  -10.00000000  1.00000000  0  0  0
-3.75597987  2.72033715  -9.27526150  1.00000000  0  0  0
-2.20321749  -2.08986262  -6.07344814  1.00000000  0  0  0
-0.23730856  1.23285177  -2.51096702  1.00000000  0  0  0
2.66328669  4.17377036  -9.90221290  1.00000000  0  0  0
-4.67152579  1.71001882  -9.94933518  1.00000000  0  0  0
-0.31932041  4.23278405  -8.48962339  1.00000000  0  0  0
0.43302202  0.81790246  -1.85091599  1.00000000  0  0  0
-1.53013404  -4.19093447  -8.92305820  1.00000000  0  0  0
3.96720289  2.40804459  -10.00000000  1.00000000  0  0  0
0.84932180  4.52652302  -10.00000000  1.00000000  0  0  0
1.59905654  -3.60725869  -10.00000000  1.00000000  0  0  0
1.98988768  -2.39703085  -6.23070136  1.00000000  0  0  0
-1.27006459  -3.12969444  -6.75516138  1.00000000  0  0  0
4.37832767  -0.53710405  -8.82229764  1.00000000  0  0  0
-1.27301842  3.65548001  -10.00000000  1.00000000  0  0  0
-1.90644593  1.89578400  -5.37718627  1.00000000  0  0  0
-0.05920749  2.13334423  -10.00000000  1.00000000  0  0  0
-3.15752752  -2.16853568  -10.00000000  1.00000000  0  0  0
-2.79359134  -0.09391198  -5.59033882  1.00000000  0  0  0
1.40364137  0.67611586  -3.11598572  1.00000000  0  0  0
1.43313325  2.31582224  -10.00000000  1.00000000  0  0  0
-3.66371541  1.41651387  -10.00000000  1.00000000  0  0  0
2.39830620  1.62433179  -5.79321203  1.00000000  0  0  0
-3.92335940  -0.71336854  -10.00000000  1.00000000  0  0  0
4.11593332  -2.73019938  -9.87823785  1.00000000  0  0  0
-2.23613747  3.28925387  -10.00000000  1.00000000  0  0  0
2.27892115  4.38223489  -9.87875786  1.00000000  0  0  0
0.05021273  0.53005118  -1.06484848  1.00000000  0  0  0
2.92520725  0.73918106  -10.00000000  1.00000000  0  0  0
-3.19057396  0.16768850  -10.00000000  1.00000000  0  0  0
2.19429603  1.30238806  -5.10339092  1.00000000  0  0  0
-2.97445572  2.53893706  -7.82140351  1.00000000  0  0  0
0.78221371  1.63078879  -3.61736389  1.00000000  0  0  0
-2.57374745  1.13049959  -5.62217228  1.00000000  0  0  0
-4.16661217  -2.20752539  -9.43055149  1.00000000  0  0  0
-1.76179430  1.22436451  -10.00000000  1.00000000  0  0  0
0.07623821  -0.50779509  -1.02697248  1.00000000  0  0  0
0.85734984  -1.30903186  -3.12960901  1.00000000  0  0  0
0.46677691  3.94701647  -7.94904263  1.00000000  0  0  0
0.51314712  -3.02075842  -6.12806704  1.00000000  0  0  0
-2.77152265  3.05507623  -8.24980692  1.00000000  0  0  0
-2.02052824  -2.97271337  -7.18875765  1.00000000  0  0  0
-0.87730037  3.00255140  -6.25618760  1.00000000  0  0  0
-2.06931431  4.25176394  -10.00000000  1.00000000  0  0  0
