1.01922894  -3.36696959  -7.03571229  1.00000000  0  0  0
-3.02878584  -2.27965496  -7.58165428  1.00000000  0  0  0
1.86024387  1.16264373  -4.38736718  1.00000000  0  0  0
1.40831130  -4.46057429  -9.35522607  1.00000000  0  0  0
1.98149481  2.47292153  -10.00000000  1.00000000  0  0  0
-0.97260878  -3.31165968  -6.90305951  1.00000000  0  0  0
3.80302116  -2.62035511  -10.00000000  1.00000000  0  0  0
0.98271612  -0.98114409  -10.00000000  1.00000000  0  0  0
-3.41413035  -1.50579219  -7.46289385  1.00000000  0  0  0
-1.70778378  -0.43796423  -10.00000000  1.00000000  0  0  0
-3.85849847  -1.54220453  -8.31057285  1.00000000  0  0  0
-2.05616684  2.48606224  -6.45238793  1.00000000  0  0  0
-0.47340194  2.93860550  -10.00000000  1.00000000  0  0  0
1.33933185  1.55143807  -4.09915595  1.00000000  0  0  0
-0.70002388  -2.48806837  -5.16933948  1.00000000  0  0  0
-1.12852987  3.49681187  -7.34881566  1.00000000  0  0  0
0.13738970  -3.18700195  -6.37992393  1.00000000  0  0  0
-4.61739463  -1.26537354  -10.00000000  1.00000000  0  0  0
0.40819130  -4.97432656  -9.98209295  1.00000000  0  0  0
-1.35967046  3.56168243  -7.62477159  1.00000000  0  0  0
-0.55017315  1.38362199  -2.97798610  1.00000000  0  0  0
2.86825997  -0.08281681  -10.00000000  1.00000000  0  0  0
-4.72241209  1.43421501  -9.87079503  1.00000000  0  0  0
2.18835343  -0.77750525  -10.00000000  1.00000000  0  0  0
-3.64903025  -2.98736593  -9.43181360  1.00000000  0  0  0
1.71259083  -0.78841089  -3.77070767  1.00000000  0  0  0
2.58360207  -1.09094081  -5.60897549  1.00000000  0  0  0
-0.15694193  -2.66127342  -5.33179406  1.00000000  0  0  0
4.25415025  0.41237400  -8.54818031  1.00000000  0  0  0
2.54444538  0.25167308  -5.11372335  1.00000000  0  0  0
3.11495305  3.21320786  -10.00000000  1.00000000  0  0  0
-1.88338653  -2.34305675  -6.01234057  1.00000000  0  0  0
-3.31811206  1.02430223  -6.94523223  1.00000000  0  0  0
2.98726444  0.77141371  -6.17051957  1.00000000  0  0  0
0.59708456  0.48545396  -1.53905882  1.00000000  0  0  0
3.90395285  0.69527756  -7.93076509  1.00000000  0  0  0
1.89919779  0.96442396  -10.00000000  1.00000000  0  0  0
-2.42045290  1.61025554  -10.00000000  1.00000000  0  0  0
0.99059867  3.26283030  -6.81977926  1.00000000  0  0  0
2.68887990  1.58114206  -10.00000000  1.00000000  0  0  0
4.41676037  0.98197078  -9.04920743  1.00000000  0  0  0
-1.58204218  0.87219416  -3.61307632  1.00000000  0  0  0
-1.25068198  0.53309167  -2.71911172  1.00000000  0  0  0
0.83120703  -2.16939411  -4.64636457  1.00000000  0  0  0
-3.19345225  1.24321357  -6.85382150  1.00000000  0  0  0
-2.17078613  3.16695313  -10.00000000  1.00000000  0  0  0
-1.72045015  0.60293996  -3.64608575  1.00000000  0  0  0
-1.34680921  -2.00375604  -4.82863679  1.00000000  0  0  0
3.00296211  3.59465091  -9.36788057  1.00000000  0  0  0
0.47917908  0.42807972  -1.28509118  1.00000000  0  0  0
-0.97290286  -4.67809763  -9.55638790  1.00000000  0  0  0
-3.08239834  3.80283248  -10.00000000  1.00000000  0  0  0
-4.03175200  -0.77231378  -10.00000000  1.00000000  0  0  0
2.04029442  -0.86870949  -10.00000000  1.00000000  0  0  0
0.00348296  -4.00428690  -10.00000000  1.00000000  0  0  0
-4.61838844  -0.19150812  -10.00000000  1.00000000  0  0  0
-0.30683958  2.11669466  -4.27763805  1.00000000  0  0  0
-0.53180606  -2.38730637  -4.89164569  1.00000000  0  0  0
-1.52363170  0.84232021  -3.48192871  1.00000000  0  0  0
4.17526707  2.16163093  -9.40329801  1.00000000  0  0  0
-3.25706953  3.25512891  -9.20963977  1.00000000  0  0  0
0.45804531  0.10494317  -0.93982675  1.00000000  0  0  0
-3.35208766  -2.98999578  -10.00000000  1.00000000  0  0  0
0.37262692  3.64268666  -7.32339181  1.00000000  0  0  0
-4.69485893  -1.71052300  -9.99351576  1.00000000  0  0  0
-2.96580152  0.98745868  -10.00000000  1.00000000  0  0  0
1.52513570  -3.02359214  -6.77293093  1.00000000  0  0  0
3.11794808  -1.67632609  -10.00000000  1.00000000  0  0  0
2.77061724  2.27918172  -10.00000000  1.00000000  0  0  0
-0.87716133  0.10146441  -1.76602042  1.00000000  0  0  0
-2.79295387  -4.14299110  -9.99299086  1.00000000  0  0  0
-1.24751313  0.63839512  -2.80273962  1.00000000  0  0  0
3.51816466  -1.30684088  -7.50608172  1.00000000  0  0  0
1.89845213  1.75637768  -5.17261368  1.00000000  0  0  0
3.94126298  -0.82452540  -8.05317230  1.00000000  0  0  0
0.64995618  -1.85947941  -10.00000000  1.00000000  0  0  0
0.31590678  4.04953851  -8.12368371  1.00000000  0  0  0
-3.37462378  1.30840215  -7.23878493  1.00000000  0  0  0
0.15812054  2.33632008  -4.68332941  1.00000000  0  0  0
-1.90032111  -2.06842651  -5.61768941  1.00000000  0  0  0
-0.05829298  4.38279471  -10.00000000  1.00000000  0  0  0
-0.96206109  3.01966217  -6.33842920  1.00000000  0  0  0
3.08433816  2.04853836  -7.40530925  1.00000000  0  0  0
2.50408039  -0.72873570  -5.21592728  1.00000000  0  0  0
-3.91290525  -1.91057558  -8.70887514  1.00000000  0  0  0
-2.35545246  -2.66728418  -10.00000000  1.00000000  0  0  0
1.09080491  -1.08766561  -3.08082575  1.00000000  0  0  0
-1.01033285  3.74607238  -7.75985328  1.00000000  0  0  0
-1.05686352  -1.67029918  -10.00000000  1.00000000  0  0  0
2.78473481  -3.49500664  -8.93752077  1.00000000  0  0  0
2.22086933  4.20155162  -9.50479807  1.00000000  0  0  0
0.03666138  2.60015096  -5.20081880  1.00000000  0  0  0
-1.27020781  1.37188503  -10.00000000  1.00000000  0  0  0
1.56108087  -2.79694113  -6.40620112  1.00000000  0  0  0
-1.30219484  -2.52810132  -5.68753293  1.00000000  0  0  0
-2.72934556  1.81853675  -10.00000000  1.00000000  0  0  0
3.55037767  3.19205345  -9.54869349  1.00000000  0  0  0
-0.65162596  3.95538411  -8.01740104  1.00000000  0  0  0
-4.43113669  -0.90514118  -9.04527564  1.00000000  0  0  0
-0.72270932  3.58385076  -7.31198879  1.00000000  0  0  0
-0.63922263  -4.11996076  -10.00000000  1.00000000  0  0  0
3.68426754  0.66845180  -10.00000000  1.00000000  0  0  0
1.56541237  -2.55037675  -5.98496031  1.00000000  0  0  0
-0.57588514  -0.89333608  -2.12574039  1.00000000  0  0  0
-4.04642986  -2.56288552  -10.00000000  1.00000000  0  0  0
0.01012248  -3.45570152  -10.00000000  1.00000000  0  0  0
2.55207204  3.50848095  -10.00000000  1.00000000  0  0  0
-4.09272078  -1.47927670  -8.70370563  1.00000000  0  0  0
-4.11417777  1.98976271  -10.00000000  1.00000000  0  0  0
-0.14683943  4.98726936  -10.00000000  1.00000000  0  0  0
2.41105272  -1.68567304  -5.88376371  1.00000000  0  0  0
-2.62614623  -1.48966188  -6.03845562  1.00000000  0  0  0
-0.99473555  -1.23556041  -3.17244911  1.00000000  0  0  0
-1.73193624  3.14265064  -7.17658866  1.00000000  0  0  0
-1.10670357  1.88921757  -10.00000000  1.00000000  0  0  0
0.60267622  -2.53014180  -5.20185973  1.00000000  0  0  0
0.07694015  4.38908758  -8.77952380  1.00000000  0  0  0
0.65785415  -3.33250413  -6.79363109  1.00000000  0  0  0
1.86616358  -4.25956304  -9.30084808  1.00000000  0  0  0
-1.74469729  -2.12078272  -10.00000000  1.00000000  0  0  0
-2.72077399  2.04826962  -6.81117303  1.00000000  0  0  0
1.09506307  -1.22029359  -10.00000000  1.00000000  0  0  0
1.13650981  4.02277530  -8.36047263  1.00000000  0  0  0
0.02437926  -4.39470504  -8.78954532  1.00000000  0  0  0
3.43117846  0.49271114  -6.93274833  1.00000000  0  0  0
1.55815370  4.56472749  -9.64667404  1.00000000  0  0  0
-3.87336133  0.99691181  -7.99919024  1.00000000  0  0  0
-0.84485158  3.08236460  -10.00000000  1.00000000  0  0  0
-0.79107611  -1.94681927  -4.20281177  1.00000000  0  0  0
0.22045300  -0.75670954  -10.00000000  1.00000000  0  0  0
1.51466424  -1.90984490  -4.87512679  1.00000000  0  0  0
-2.14903484  -0.25595956  -4.32844824  1.00000000  0  0  0
-3.81602844  2.08439512  -10.00000000  1.00000000  0  0  0
-1.87406996  -4.53390019  -9.81190893  1.00000000  0  0  0
0.09842602  -1.41607970  -10.00000000  1.00000000  0  0  0
1.06238068  2.93832312  -6.24896646  1.00000000  0  0  0
-1.80558700  4.03877899  -10.00000000  1.00000000  0  0  0
-2.26032146  0.46190779  -10.00000000  1.00000000  0  0  0
4.17608487  1.97057893  -9.23533783  1.00000000  0  0  0
-2.37672853  -2.76148183  -10.00000000  1.00000000  0  0  0
1.44449838  -1.74891237  -4.53663756  1.00000000  0  0  0
-4.11543766  0.27359479  -10.00000000  1.00000000  0  0  0
-2.68725324  -0.79417786  -5.60430136  1.00000000  0  0  0
1.67043636  0.02396958  -3.34121665  1.00000000  0  0  0
3.79879994  -2.68261334  -10.00000000  1.00000000  0  0  0
-1.51692945  -4.34222530  -9.19912942  1.00000000  0  0  0
2.60795199  2.45731606  -7.16653774  1.00000000  0  0  0
0.40874027  3.06648266  -6.18720760  1.00000000  0  0  0
-3.22189092  -0.68312608  -10.00000000  1.00000000  0  0  0
2.97372058  -3.26424977  -8.83138509  1.00000000  0  0  0
1.94077885  -2.24206702  -10.00000000  1.00000000  0  0  0
2.41084004  -1.81871735  -6.03982863  1.00000000  0  0  0
1.90163439  -2.72979999  -6.65372718  1.00000000  0  0  0
-1.91517129  -3.40616767  -7.81533345  1.00000000  0  0  0
3.89584597  2.10697697  -8.85820924  1.00000000  0  0  0
3.82886155  1.37945455  -8.13955173  1.00000000  0  0  0
-4.46860812  -2.04764647  -9.83083202  1.00000000  0  0  0
0.67621148  4.48569491  -9.07275499  1.00000000  0  0  0
1.72771623  -1.61699124  -4.73272186  1.00000000  0  0  0
0.45654100  -1.63508021  -3.39524196  1.00000000  0  0  0
4.16500492  0.30569065  -8.35241589  1.00000000  0  0  0
4.18945851  -1.40196244  -8.83562364  1.00000000  0  0  0
1.00236252  -4.19212722  -8.62059424  1.00000000  0  0  0
-1.93366777  3.28060569  -7.61615250  1.00000000  0  0  0
-1.87721971  -2.29400181  -10.00000000  1.00000000  0  0  0
-4.00025454  -1.95035609  -8.90076970  1.00000000  0  0  0
1.62074388  2.74991445  -10.00000000  1.00000000  0  0  0
-0.17273062  1.51141733  -3.04251094  1.00000000  0  0  0
-3.28410334  1.62938687  -7.33218558  1.00000000  0  0  0
-2.75848286  1.84636368  -6.63876088  1.00000000  0  0  0
-1.53051276  -3.40565460  -7.46751700  1.00000000  0  0  0
4.25294653  1.34613295  -10.00000000  1.00000000  0  0  0
-0.31028770  0.32876077  -0.90412853  1.00000000  0  0  0
-1.71143970  0.76983648  -3.75322478  1.00000000  0  0  0
1.66795678  4.65653564  -10.00000000  1.00000000  0  0  0
2.62332160  3.37921516  -8.55591288  1.00000000  0  0  0
3.19643977  -1.35594333  -6.94429537  1.00000000  0  0  0
-1.13736925  4.25107884  -8.80119995  1.00000000  0  0  0
-0.03933145  -4.72460455  -10.00000000  1.00000000  0  0  0
-2.70129990  2.06170604  -6.79636754  1.00000000  0  0  0
-3.70598788  1.83841751  -8.27384436  1.00000000  0  0  0
-2.41168229  2.28564803  -6.64541899  1.00000000  0  0  0
1.90714017  1.12543148  -4.42889587  1.00000000  0  0  0
-3.01359837  2.57816851  -7.93189208  1.00000000  0  0  0
-0.75384841  -1.98170383  -4.24048935  1.00000000  0  0  0
0.37320916  -3.08177362  -10.00000000  1.00000000  0  0  0
-0.67250405  -2.08401468  -4.37967070  1.00000000  0  0  0
1.15066236  -2.60731904  -5.69987243  1.00000000  0  0  0
0.47249248  1.60907709  -10.00000000  1.00000000  0  0  0
0.11686364  4.96707119  -9.93689153  1.00000000  0  0  0
1.65286094  -0.60493395  -10.00000000  1.00000000  0  0  0
1.97490788  -2.98800576  -7.16336222  1.00000000  0  0  0
-3.38235595  3.57294465  -9.83997262  1.00000000  0  0  0
-2.10282842  0.37015691  -4.27031780  1.00000000  0  0  0
0.05940474  3.73987353  -7.48069059  1.00000000  0  0  0
0.24442311  1.03819432  -10.00000000  1.00000000  0  0  0
3.43502886  1.11083388  -7.22035322  1.00000000  0  0  0
-4.80824375  -0.84421109  -10.00000000  1.00000000  0  0  0
1.47034436  -0.54652549  -3.13726164  1.00000000  0  0  0
-1.64930085  -4.40857331  -9.41397087  1.00000000  0  0  0
1.51957704  2.86574856  -10.00000000  1.00000000  0  0  0
0.57236348  1.76048991  -3.70239095  1.00000000  0  0  0
2.78944639  -2.79716202  -7.90066492  1.00000000  0  0  0
4.37412334  -0.50359241  -10.00000000  1.00000000  0  0  0
0.23219424  1.56977277  -3.17370490  1.00000000  0  0  0
2.64244505  -0.09891097  -5.28859119  1.00000000  0  0  0
-1.07715952  -0.15528540  -10.00000000  1.00000000  0  0  0
3.61011967  -2.66091509  -10.00000000  1.00000000  0  0  0
1.90306603  -4.50810945  -9.78666668  1.00000000  0  0  0
4.92248728  0.15327134  -10.00000000  1.00000000  0  0  0
3.31552683  2.16363784  -10.00000000  1.00000000  0  0  0
0.50043805  -2.30066106  -10.00000000  1.00000000  0  0  0
3.13039072  -2.07853689  -7.51522764  1.00000000  0  0  0
-0.55252269  4.90103456  -9.86416161  1.00000000  0  0  0
1.86911692  4.08398698  -8.98277189  1.00000000  0  0  0
4.93321009  -0.58608536  -9.93580552  1.00000000  0  0  0
1.47867902  -1.48632601  -4.19316427  1.00000000  0  0  0
3.35849267  -2.04907239  -7.86846127  1.00000000  0  0  0
-4.46910480  -1.85472586  -9.67737687  1.00000000  0  0  0
0.63220795  -3.06640731  -6.26180188  1.00000000  0  0  0
-1.01798095  3.06825763  -10.00000000  1.00000000  0  0  0
-3.63146604  0.35425626  -7.29740861  1.00000000  0  0  0
-2.86786369  3.24008304  -10.00000000  1.00000000  0  0  0
1.12719028  0.08635209  -2.26098617  1.00000000  0  0  0
4.47097529  -1.05896086  -10.00000000  1.00000000  0  0  0
0.58608110  1.04255405  -2.39199498  1.00000000  0  0  0
3.04101200  -1.80674131  -7.07448038  1.00000000  0  0  0
3.49732227  -0.93762044  -10.00000000  1.00000000  0  0  0
-0.56633055  1.11520192  -10.00000000  1.00000000  0  0  0
3.12199940  3.52591971  -9.41891503  1.00000000  0  0  0
-0.43844308  -2.67691050  -5.42515701  1.00000000  0  0  0
1.45247684  2.34306039  -10.00000000  1.00000000  0  0  0
0.98975707  3.31466541  -6.91856223  1.00000000  0  0  0
3.67082015  -2.55198850  -8.94149112  1.00000000  0  0  0
0.13742233  3.87810813  -10.00000000  1.00000000  0  0  0
2.21186121  -2.78250988  -7.10906218  1.00000000  0  0  0
-0.51259682  -3.78287427  -7.63489181  1.00000000  0  0  0
4.92298997  0.69982894  -9.94496672  1.00000000  0  0  0
2.10110017  1.70427005  -5.41078860  1.00000000  0  0  0
-1.64815812  -3.79085540  -8.26728730  1.00000000  0  0  0
4.28167912  -1.65052254  -9.17758155  1.00000000  0  0  0
0.86591868  3.39648240  -7.01025187  1.00000000  0  0  0
4.47102920  1.36088275  -10.00000000  1.00000000  0  0  0
-2.28087873  -3.92565797  -9.08035204  1.00000000  0  0  0
0.45884749  -1.84544617  -10.00000000  1.00000000  0  0  0
0.37682909  3.16440607  -6.37352835  1.00000000  0  0  0
-2.46056855  0.66081036  -5.09551487  1.00000000  0  0  0
-2.76987192  -2.03567569  -6.87493010  1.00000000  0  0  0
2.03514596  4.39571575  -9.68795872  1.00000000  0  0  0
-3.73998321  -0.40129538  -7.52290168  1.00000000  0  0  0
0.58485007  -1.40638295  -3.04628470  1.00000000  0  0  0
0.91051535  -3.46110221  -7.15772777  1.00000000  0  0  0
-0.54964167  0.49178744  -1.47507403  1.00000000  0  0  0
-3.96861482  -1.00671708  -8.18862208  1.00000000  0  0  0
-1.31985303  1.77113236  -10.00000000  1.00000000  0  0  0
4.03221778  -2.13823061  -9.12815652  1.00000000  0  0  0
2.70936176  1.37784933  -10.00000000  1.00000000  0  0  0
-1.28134037  3.62469366  -7.68901484  1.00000000  0  0  0
-3.81492487  -2.19570066  -8.80335234  1.00000000  0  0  0
1.68513100  0.10551188  -3.37686200  1.00000000  0  0  0
1.12775863  -4.17842028  -8.65587329  1.00000000  0  0  0
-1.09750408  -4.66771179  -9.59000492  1.00000000  0  0  0
0.00959008  -3.76735090  -7.53472621  1.00000000  0  0  0
-3.92315848  2.53725495  -9.34426779  1.00000000  0  0  0
-0.43409628  -0.93345686  -10.00000000  1.00000000  0  0  0
2.90341696  3.87415882  -9.68275510  1.00000000  0  0  0
-2.91070086  -0.03690634  -10.00000000  1.00000000  0  0  0
2.37916805  -2.59210403  -7.03688679  1.00000000  0  0  0
1.65291757  -3.91663512  -8.50227433  1.00000000  0  0  0
-0.15921070  -2.46107626  -4.93244135  1.00000000  0  0  0
-0.98820612  1.66710916  -3.87597950  1.00000000  0  0  0
1.13024570  -4.54448444  -9.36585162  1.00000000  0  0  0
-3.00563451  -1.73296013  -6.93887300  1.00000000  0  0  0
1.66819757  -3.77073685  -8.24653612  1.00000000  0  0  0
3.46760516  -0.94893706  -7.19020641  1.00000000  0  0  0
-2.00528730  -0.76427478  -4.29198933  1.00000000  0  0  0
-2.50229095  -2.55239697  -7.14875942  1.00000000  0  0  0
-0.59074050  -1.97893055  -4.13044330  1.00000000  0  0  0
1.22896185  4.48586251  -9.30232436  1.00000000  0  0  0
-3.71959929  1.01407761  -7.71071261  1.00000000  0  0  0
3.69797762  -1.12193722  -7.72885026  1.00000000  0  0  0
-3.32193646  -0.67911252  -6.78128474  1.00000000  0  0  0
-0.47880100  4.11970499  -10.00000000  1.00000000  0  0  0
4.42042650  1.47937637  -9.32281608  1.00000000  0  0  0
-0.52856399  4.28454221  -8.63404467  1.00000000  0  0  0
1.14735706  -0.20585434  -2.33135517  1.00000000  0  0  0
4.58610147  -1.40267591  -9.59162684  1.00000000  0  0  0
0.97506616  0.55709049  -2.24597759  1.00000000  0  0  0
-2.18554424  -0.20868199  -4.39096883  1.00000000  0  0  0
0.96032849  3.92651031  -10.00000000  1.00000000  0  0  0
-1.07949743  0.23406477  -2.20916365  1.00000000  0  0  0
-0.81289478  3.11478493  -6.43822432  1.00000000  0  0  0
2.75360932  1.88115761  -10.00000000  1.00000000  0  0  0
-2.13028765  3.29232498  -10.00000000  1.00000000  0  0  0
1.97802727  1.24329322  -4.67263092  1.00000000  0  0  0
-0.22191248  4.08237207  -8.17679811  1.00000000  0  0  0
0.00757268  -1.45225100  -2.90454148  1.00000000  0  0  0
-3.06098963  2.17410889  -7.50903642  1.00000000  0  0  0
-1.67212681  4.46718074  -9.53975091  1.00000000  0  0  0
2.66570112  -1.56888200  -10.00000000  1.00000000  0  0  0
-2.33895382  0.19614389  -10.00000000  1.00000000  0  0  0
0.83712728  0.37532913  -1.83483409  1.00000000  0  0  0
-2.93447191  0.92110377  -6.15127875  1.00000000  0  0  0
1.84360483  1.07328194  -4.26652688  1.00000000  0  0  0
-3.62551003  -2.38611405  -8.68052146  1.00000000  0  0  0
1.54953283  -2.36114445  -5.64838211  1.00000000  0  0  0
-2.53161995  3.85965875  -10.00000000  1.00000000  0  0  0
-2.66738877  -3.78521403  -9.26127597  1.00000000  0  0  0
3.27761306  0.86366295  -6.77898548  1.00000000  0  0  0
3.30834574  3.40165545  -10.00000000  1.00000000  0  0  0
0.21074934  3.15185481  -6.31778570  1.00000000  0  0  0
3.04591001  1.17477341  -10.00000000  1.00000000  0  0  0
1.84247225  1.47098637  -4.71529635  1.00000000  0  0  0
-2.26194624  2.84131990  -7.26347013  1.00000000  0  0  0
-3.50893125  -0.42883406  -10.00000000  1.00000000  0  0  0
3.30810647  1.52001733  -7.28121449  1.00000000  0  0  0
2.58249269  -3.23550215  -8.27955135  1.00000000  0  0  0
1.45686649  2.81495920  -10.00000000  1.00000000  0  0  0
-4.31894364  -0.88092626  -8.81573713  1.00000000  0  0  0
1.90890358  0.97162786  -4.28391109  1.00000000  0  0  0
4.22647557  -1.32297102  -8.85739195  1.00000000  0  0  0
2.66620683  -0.12835276  -5.33858905  1.00000000  0  0  0
-0.32889137  -2.43626271  -4.91672473  1.00000000  0  0  0
0.58217862  -4.63383051  -9.34051758  1.00000000  0  0  0
2.34999204  -3.65548561  -8.69138370  1.00000000  0  0  0
-1.30589810  3.45109037  -10.00000000  1.00000000  0  0  0
-4.49483110  1.84098372  -10.00000000  1.00000000  0  0  0
0.07106531  1.93043232  -10.00000000  1.00000000  0  0  0
3.06403658  2.73960242  -8.22039940  1.00000000  0  0  0
-3.32438831  3.51866303  -9.68143527  1.00000000  0  0  0
1.63072913  -2.65000315  -6.22311633  1.00000000  0  0  0
-0.45803475  -2.56178622  -5.20482256  1.00000000  0  0  0
-0.50187093  -1.22107413  -2.64037609  1.00000000  0  0  0
0.72844001  0.51705442  -10.00000000  1.00000000  0  0  0
-0.89102119  3.49627212  -7.21604809  1.00000000  0  0  0
2.22846190  -2.43903093  -6.60754549  1.00000000  0  0  0
1.11791982  -3.09559969  -6.58254728  1.00000000  0  0  0
-0.40253603  -3.30827639  -6.66535159  1.00000000  0  0  0
-1.27770418  -2.03184384  -10.00000000  1.00000000  0  0  0
-1.85844203  -3.66534380  -10.00000000  1.00000000  0  0  0
-3.16200600  -0.71201985  -6.48236198  1.00000000  0  0  0
3.05424262  2.70170497  -8.15539274  1.00000000  0  0  0
-1.51477869  -0.22033815  -3.06143979  1.00000000  0  0  0
-3.35749194  -1.65877698  -7.48980458  1.00000000  0  0  0
-2.51229035  0.25909328  -10.00000000  1.00000000  0  0  0
-0.04555541  -0.04379391  -0.12638358  1.00000000  0  0  0
3.06383329  -3.47076582  -9.25922023  1.00000000  0  0  0
1.22876263  -0.75884259  -10.00000000  1.00000000  0  0  0
-0.49352389  -0.42624131  -10.00000000  1.00000000  0  0  0
-0.90139423  2.98033092  -6.22732171  1.00000000  0  0  0
2.21652553  -3.47734895  -8.24740957  1.00000000  0  0  0
4.09629391  1.42768003  -10.00000000  1.00000000  0  0  0
1.95005662  1.51096525  -4.93385724  1.00000000  0  0  0
-0.81329376  -2.05555563  -4.42120150  1.00000000  0  0  0
-3.96372121  1.82664350  -8.72873699  1.00000000  0  0  0
-1.15655617  3.55588637  -7.47848917  1.00000000  0  0  0
4.45716093  -0.28996019  -8.93316527  1.00000000  0  0  0
-0.71287043  2.41740864  -5.04065424  1.00000000  0  0  0
0.60312370  3.63091653  -7.36133495  1.00000000  0  0  0
-3.16388926  0.02545863  -6.32798337  1.00000000  0  0  0
4.64183551  0.67042676  -9.38000190  1.00000000  0  0  0
3.72112235  -1.36129067  -10.00000000  1.00000000  0  0  0
-3.54085227  -0.73785691  -10.00000000  1.00000000  0  0  0
4.80447246  0.91084572  -9.78010135  1.00000000  0  0  0
-0.25965296  -2.17449114  -4.37987735  1.00000000  0  0  0
-1.84956985  -0.70503112  -3.95877633  1.00000000  0  0  0
-1.61230714  -0.91983914  -10.00000000  1.00000000  0  0  0
3.18720578  -1.38743235  -6.95219367  1.00000000  0  0  0
1.82315127  -3.34502186  -10.00000000  1.00000000  0  0  0
1.26929819  2.30830012  -5.26853579  1.00000000  0  0  0
-0.63183749  -4.12236229  -10.00000000  1.00000000  0  0  0
1.63017781  -3.53358366  -7.78297968  1.00000000  0  0  0
-2.63806897  1.56873409  -10.00000000  1.00000000  0  0  0
-0.11851140  -0.43730531  -0.90615866  1.00000000  0  0  0
4.19653296  -2.50834110  -9.77807016  1.00000000  0  0  0
0.38270908  -0.49488325  -1.25120050  1.00000000  0  0  0
-1.06514555  -4.74336890  -9.72297969  1.00000000  0  0  0
-0.53073497  0.07666452  -1.07248693  1.00000000  0  0  0
2.10074382  -3.35705445  -10.00000000  1.00000000  0  0  0
1.49067671  -1.70713781  -10.00000000  1.00000000  0  0  0
-0.14877604  -3.82042571  -7.64664289  1.00000000  0  0  0
4.29303432  1.48517879  -9.08535078  1.00000000  0  0  0
-0.08603989  -1.12600042  -2.25856575  1.00000000  0  0  0
-1.09615003  -4.60810819  -10.00000000  1.00000000  0  0  0
-2.10644684  -4.19835194  -9.39431260  1.00000000  0  0  0
-0.53374143  -3.65891801  -7.39528524  1.00000000  0  0  0
1.95563369  -1.62945938  -5.09102779  1.00000000  0  0  0
1.68925568  0.32084217  -10.00000000  1.00000000  0  0  0
2.85193818  -0.52369775  -5.79924503  1.00000000  0  0  0
2.25129297  3.69656748  -8.65631126  1.00000000  0  0  0
3.74933535  0.06057291  -10.00000000  1.00000000  0  0  0
2.53365430  3.59863512  -8.80217674  1.00000000  0  0  0
-1.17140672  -1.24841458  -3.42387656  1.00000000  0  0  0
3.41553243  -3.26030640  -9.44361364  1.00000000  0  0  0
3.81307298  -1.14435278  -7.96217781  1.00000000  0  0  0
-3.65328411  3.12066145  -9.60937306  1.00000000  0  0  0
1.79043860  3.26110153  -10.00000000  1.00000000  0  0  0
1.33699085  -0.29144719  -2.73677621  1.00000000  0  0  0
-1.15549973  -1.62755199  -10.00000000  1.00000000  0  0  0
-2.65921900  3.83950794  -9.34093506  1.00000000  0  0  0
0.27524762  -2.91606913  -5.85806126  1.00000000  0  0  0
-1.13310337  0.61390344  -2.57744112  1.00000000  0  0  0
1.36632311  4.21626163  -10.00000000  1.00000000  0  0  0
-0.56784166  1.05935469  -10.00000000  1.00000000  0  0  0
3.37619253  0.36756036  -6.79228287  1.00000000  0  0  0
3.44164917  3.54494271  -9.88161279  1.00000000  0  0  0
-4.79661071  -1.35041009  -10.00000000  1.00000000  0  0  0
1.12602220  1.44380826  -10.00000000  1.00000000  0  0  0
-0.63239217  2.47501398  -5.10905629  1.00000000  0  0  0
-0.61382757  -4.01218172  -8.11773034  1.00000000  0  0  0
-1.48827116  0.71834987  -10.00000000  1.00000000  0  0  0
-1.10790566  0.90447267  -10.00000000  1.00000000  0  0  0
3.56967214  -1.76983594  -10.00000000  1.00000000  0  0  0
0.82345148  1.45766252  -10.00000000  1.00000000  0  0  0
-0.87195334  1.49437494  -3.46032315  1.00000000  0  0  0
-1.12152653  1.70240117  -4.07724980  1.00000000  0  0  0
-1.95461479  -0.33647734  -10.00000000  1.00000000  0  0  0
1.14845454  -3.86241269  -8.05907677  1.00000000  0  0  0
1.21078343  4.18829802  -8.71959559  1.00000000  0  0  0
-2.17689884  -0.05937543  -4.35541687  1.00000000  0  0  0
0.18311337  -3.07703849  -10.00000000  1.00000000  0  0  0
-2.39973335  4.14420280  -9.57771099  1.00000000  0  0  0
3.03195480  -2.95129731  -8.46236509  1.00000000  0  0  0
-3.69155155  -0.20663435  -10.00000000  1.00000000  0  0  0
3.22943058  -0.03170227  -10.00000000  1.00000000  0  0  0
-3.19888842  -0.05203528  -6.39862323  1.00000000  0  0  0
3.10506124  -3.06794723  -8.73011009  1.00000000  0  0  0
2.84457905  2.61658938  -10.00000000  1.00000000  0  0  0
-3.00480545  -3.52443686  -9.26293928  1.00000000  0  0  0
-2.70262118  0.56047673  -5.52025195  1.00000000  0  0  0
3.78219259  1.74479804  -10.00000000  1.00000000  0  0  0
-0.48858273  -4.12811923  -8.31386347  1.00000000  0  0  0
1.86412228  1.59638201  -4.90851807  1.00000000  0  0  0
1.19818866  2.69375557  -5.89643116  1.00000000  0  0  0
2.28575323  3.87197821  -8.99263768  1.00000000  0  0  0
-0.04677326  -4.96317780  -9.92679639  1.00000000  0  0  0
4.55520731  1.06898749  -10.00000000  1.00000000  0  0  0
4.68274961  -1.63828953  -9.92212407  1.00000000  0  0  0
1.55960411  2.89035867  -6.56857312  1.00000000  0  0  0
0.21867173  -2.86851225  -5.75367008  1.00000000  0  0  0
-3.14148643  3.41572185  -9.28139919  1.00000000  0  0  0
-3.34391204  -2.73796645  -8.64365848  1.00000000  0  0  0
-1.94989035  2.14614563  -10.00000000  1.00000000  0  0  0
1.79448413  -4.52242769  -10.00000000  1.00000000  0  0  0
-1.21594128  -1.94084690  -10.00000000  1.00000000  0  0  0
-2.54246709  -3.13771244  -10.00000000  1.00000000  0  0  0
2.61254939  1.62850441  -10.00000000  1.00000000  0  0  0
-4.64932361  -0.24533814  -9.31158436  1.00000000  0  0  0
4.63258232  1.13546054  -9.53941079  1.00000000  0  0  0
-2.78930296  -0.85298025  -5.83362196  1.00000000  0  0  0
0.30666398  2.75373987  -5.54152545  1.00000000  0  0  0
3.66371788  2.06482383  -10.00000000  1.00000000  0  0  0
0.01468379  1.92984630  -10.00000000  1.00000000  0  0  0
-3.65218783  1.64070772  -8.00759584  1.00000000  0  0  0
1.63559135  0.34809297  -3.34444482  1.00000000  0  0  0
-1.38622657  -3.88051716  -8.24136821  1.00000000  0  0  0
3.93561802  1.75664752  -8.61972150  1.00000000  0  0  0
-1.95579018  -0.86694968  -10.00000000  1.00000000  0  0  0
-1.88143092  1.32095796  -10.00000000  1.00000000  0  0  0
4.63145530  0.28371142  -9.28027379  1.00000000  0  0  0
-0.16957014  4.72720481  -9.46049033  1.00000000  0  0  0
-0.71065686  3.73164302  -10.00000000  1.00000000  0  0  0
-1.64974363  -2.52244755  -10.00000000  1.00000000  0  0  0
-3.08274060  2.42677578  -7.84666305  1.00000000  0  0  0
1.30413006  -3.62194622  -7.69915570  1.00000000  0  0  0
3.93753704  -1.17358903  -10.00000000  1.00000000  0  0  0
-2.14075485  4.10163700  -9.25337937  1.00000000  0  0  0
-2.24653363  -2.93970229  -10.00000000  1.00000000  0  0  0
1.92114429  -0.53646288  -10.00000000  1.00000000  0  0  0
2.13981255  -3.83182507  -8.77762636  1.00000000  0  0  0
4.58416570  -0.94545888  -9.36129641  1.00000000  0  0  0
2.30949770  1.71901594  -5.75805363  1.00000000  0  0  0
0.30917434  -2.21757090  -4.47803951  1.00000000  0  0  0
-0.05877308  3.68013206  -7.36120270  1.00000000  0  0  0
-1.19010156  1.24361881  -3.44263241  1.00000000  0  0  0
-3.83360481  2.37003718  -9.01412272  1.00000000  0  0  0
-0.20620981  -4.92868161  -9.86598700  1.00000000  0  0  0
2.88470515  2.86273516  -8.12816742  1.00000000  0  0  0
-2.49080054  3.44836996  -8.50772418  1.00000000  0  0  0
-4.52662049  1.48931394  -9.53065560  1.00000000  0  0  0
-2.62162814  -2.32351492  -7.00618461  1.00000000  0  0  0
-1.43210901  -1.82673984  -4.64237640  1.00000000  0  0  0
-3.62141294  1.27251257  -7.67695771  1.00000000  0  0  0
-1.59836451  2.31544473  -5.62709638  1.00000000  0  0  0
-3.62505243  1.80740763  -8.10129062  1.00000000  0  0  0
-1.76168795  -3.24806824  -7.39012631  1.00000000  0  0  0
-3.57009559  -1.71465596  -7.92101700  1.00000000  0  0  0
2.82370206  -2.33485089  -7.32797980  1.00000000  0  0  0
-1.54613035  -4.52855003  -9.57043037  1.00000000  0  0  0
0.30876915  4.42989114  -8.88127781  1.00000000  0  0  0
-3.49950185  -0.27940478  -7.02127630  1.00000000  0  0  0
3.69938430  2.45017677  -8.87441500  1.00000000  0  0  0
-0.10715194  2.79748075  -10.00000000  1.00000000  0  0  0
0.18263079  1.88666975  -3.79097706  1.00000000  0  0  0
3.86272655  -1.46212273  -10.00000000  1.00000000  0  0  0
-1.27104348  0.57658972  -10.00000000  1.00000000  0  0  0
-0.82993215  -4.25898221  -8.67818340  1.00000000  0  0  0
0.71924563  -1.39381962  -3.13690766  1.00000000  0  0  0
-2.42183681  1.01478582  -10.00000000  1.00000000  0  0  0
-1.36943550  -0.44908431  -10.00000000  1.00000000  0  0  0
-3.57392200  1.52378807  -7.77041789  1.00000000  0  0  0
2.37955959  -3.37679072  -8.26196572  1.00000000  0  0  0
-3.39544532  -3.35173229  -9.54215035  1.00000000  0  0  0
-2.50937162  2.82043862  -7.55031653  1.00000000  0  0  0
-1.30878198  -3.58251620  -7.62819313  1.00000000  0  0  0
0.57883305  4.02340021  -10.00000000  1.00000000  0  0  0
2.57706644  4.23848639  -9.92089479  1.00000000  0  0  0
-3.38065371  0.12300777  -10.00000000  1.00000000  0  0  0
-4.35532369  -0.41034779  -8.74922391  1.00000000  0  0  0
-2.92652609  -3.33825317  -8.87884884  1.00000000  0  0  0
-4.24592584  -2.44675924  -10.00000000  1.00000000  0  0  0
0.05312831  1.45798022  -10.00000000  1.00000000  0  0  0
-1.15380167  -1.45952903  -3.72101238  1.00000000  0  0  0
-2.42541515  1.34278675  -5.54462439  1.00000000  0  0  0
-3.35275829  3.57709202  -9.80542206  1.00000000  0  0  0
3.37111041  -1.84017693  -10.00000000  1.00000000  0  0  0
-0.73419765  3.83848064  -7.81613199  1.00000000  0  0  0
-4.10498814  0.23996784  -8.22399227  1.00000000  0  0  0
2.64530258  3.78039143  -9.22799763  1.00000000  0  0  0
-0.86598236  -4.60234221  -9.36621145  1.00000000  0  0  0
-3.54312528  -0.71442771  -7.22887093  1.00000000  0  0  0
-0.75888882  1.01837856  -2.54008435  1.00000000  0  0  0
-1.29203224  4.04715319  -8.49677497  1.00000000  0  0  0
1.15570950  -0.56147147  -2.56975848  1.00000000  0  0  0
0.45368454  -2.02903518  -10.00000000  1.00000000  0  0  0
3.14819075  2.25432161  -7.74417741  1.00000000  0  0  0
3.00083104  -2.77877950  -8.17963384  1.00000000  0  0  0
-2.17247560  3.63322204  -10.00000000  1.00000000  0  0  0
1.08894951  -0.71642357  -10.00000000  1.00000000  0  0  0
-1.37291748  -0.88250323  -3.26417791  1.00000000  0  0  0
-0.44967344  4.32039964  -10.00000000  1.00000000  0  0  0
1.48243505  -0.11716311  -2.97411559  1.00000000  0  0  0
0.38731777  -2.32874615  -4.72147167  1.00000000  0  0  0
2.47122615  2.51402829  -10.00000000  1.00000000  0  0  0
4.41293369  1.69021955  -9.45110065  1.00000000  0  0  0
1.74455757  -1.00584954  -4.02751259  1.00000000  0  0  0
1.00051049  -4.22010413  -10.00000000  1.00000000  0  0  0
-1.76434132  -1.89385259  -5.17670859  1.00000000  0  0  0
0.19089190  -3.84867731  -10.00000000  1.00000000  0  0  0
-3.48179666  3.15041971  -9.39107073  1.00000000  0  0  0
0.50552403  2.50156142  -10.00000000  1.00000000  0  0  0
2.44599004  3.20194255  -8.05861115  1.00000000  0  0  0
-0.28304877  -4.66664498  -9.35044212  1.00000000  0  0  0
-0.91288610  -4.51694692  -10.00000000  1.00000000  0  0  0
-0.97368791  3.94159932  -8.12016585  1.00000000  0  0  0
-1.70047752  -2.39859180  -5.88043075  1.00000000  0  0  0
-2.22284366  -2.69275188  -6.98339362  1.00000000  0  0  0
-2.06202031  2.58768499  -6.61756492  1.00000000  0  0  0
-3.79756091  -0.23960611  -10.00000000  1.00000000  0  0  0
-2.37274909  -1.29868047  -5.40980932  1.00000000  0  0  0
3.12516025  0.18013104  -10.00000000  1.00000000  0  0  0
0.71014638  2.73100983  -10.00000000  1.00000000  0  0  0
0.80363731  -0.36388027  -1.76436025  1.00000000  0  0  0
2.27538280  -2.43097329  -10.00000000  1.00000000  0  0  0
-3.25173858  -0.29453031  -10.00000000  1.00000000  0  0  0
-0.62029208  4.40408173  -8.89509936  1.00000000  0  0  0
0.74275420  -0.50009690  -10.00000000  1.00000000  0  0  0
3.57191045  2.77052703  -9.04087701  1.00000000  0  0  0
3.48741920  0.30844588  -10.00000000  1.00000000  0  0  0
-2.38311224  3.86339147  -9.07855002  1.00000000  0  0  0
0.07341926  -0.98719618  -1.97984514  1.00000000  0  0  0
-2.30077670  4.30434153  -9.76133791  1.00000000  0  0  0
1.38679632  -4.22163219  -10.00000000  1.00000000  0  0  0
3.62944353  3.36047761  -10.00000000  1.00000000  0  0  0
0.83872634  2.67688894  -5.61041755  1.00000000  0  0  0
1.34381575  0.29931660  -10.00000000  1.00000000  0  0  0
-4.45087980  0.25589636  -10.00000000  1.00000000  0  0  0
3.35170515  -1.21651497  -10.00000000  1.00000000  0  0  0
0.70735123  4.19689188  -10.00000000  1.00000000  0  0  0
1.06953713  0.70559169  -2.56263093  1.00000000  0  0  0
1.22764719  4.38266747  -9.10272306  1.00000000  0  0  0
-1.71448690  -1.89275851  -5.10764138  1.00000000  0  0  0
2.27703615  1.11715813  -10.00000000  1.00000000  0  0  0
2.79558466  -0.50249350  -5.68077224  1.00000000  0  0  0
-3.38877750  0.04929293  -10.00000000  1.00000000  0  0  0
3.31742053  -1.88352877  -7.62966831  1.00000000  0  0  0
0.39330662  -4.71222091  -9.45721228  1.00000000  0  0  0
3.38982380  -0.32479966  -10.00000000  1.00000000  0  0  0
-1.22013213  0.02607814  -10.00000000  1.00000000  0  0  0
0.46508048  -3.82915153  -7.71458393  1.00000000  0  0  0
-4.48294803  -1.97847559  -9.80024259  1.00000000  0  0  0
-0.10669883  4.76296321  -9.52831636  1.00000000  0  0  0
-2.60662775  -0.18370874  -5.22618681  1.00000000  0  0  0
2.48670228  1.03947797  -10.00000000  1.00000000  0  0  0
1.23794941  -4.03912135  -8.44914670  1.00000000  0  0  0
-1.61875856  2.00106362  -5.14767321  1.00000000  0  0  0
-0.98442489  1.05664786  -10.00000000  1.00000000  0  0  0
-0.05502381  -0.87508421  -1.75362481  1.00000000  0  0  0
3.27363594  3.38693612  -9.42083405  1.00000000  0  0  0
1.51030594  -0.60866310  -3.25668223  1.00000000  0  0  0
2.06643675  2.99844266  -7.28308155  1.00000000  0  0  0
-2.57246597  -2.57788276  -7.28369705  1.00000000  0  0  0
1.04239766  2.98543932  -10.00000000  1.00000000  0  0  0
-3.92502842  0.75886440  -7.99542952  1.00000000  0  0  0
-0.12873310  -2.33801785  -4.68311848  1.00000000  0  0  0
1.04569367  -2.95891200  -6.27650714  1.00000000  0  0  0
-2.38806368  -2.37748563  -6.73952106  1.00000000  0  0  0
-3.16223029  -2.85040698  -8.51458052  1.00000000  0  0  0
-1.09579326  1.82338469  -10.00000000  1.00000000  0  0  0
-2.64774100  3.16323703  -8.25023658  1.00000000  0  0  0
-0.45794778  -3.32314567  -6.70910227  1.00000000  0  0  0
-2.83368223  0.02132915  -5.66752499  1.00000000  0  0  0
-3.78526037  2.30248614  -8.86106957  1.00000000  0  0  0
1.26174117  0.27834780  -2.58415811  1.00000000  0  0  0
3.58757919  0.21409003  -10.00000000  1.00000000  0  0  0
3.45698225  0.36956171  -10.00000000  1.00000000  0  0  0
3.02531045  0.47587823  -6.12501866  1.00000000  0  0  0
1.05701078  -3.03923113  -6.43558781  1.00000000  0  0  0
-4.74365225  1.38288380  -10.00000000  1.00000000  0  0  0
-0.58093536  -3.45424804  -7.00551652  1.00000000  0  0  0
3.97232276  -0.73746960  -10.00000000  1.00000000  0  0  0
3.87679911  -0.47520452  -10.00000000  1.00000000  0  0  0
-2.18698108  2.25946034  -6.28905310  1.00000000  0  0  0
-2.05237815  -0.93051182  -4.50693169  1.00000000  0  0  0
-0.42091103  -0.80382173  -1.81471263  1.00000000  0  0  0
-0.86909974  -3.39272933  -7.00455471  1.00000000  0  0  0
1.74920633  -0.91986784  -3.95265967  1.00000000  0  0  0
-0.81693588  -0.26271214  -1.71627725  1.00000000  0  0  0
3.22389452  -2.43086947  -8.07530118  1.00000000  0  0  0
-1.20852651  -3.37734961  -7.17412761  1.00000000  0  0  0
-1.04373704  -3.40302823  -7.11898536  1.00000000  0  0  0
1.02401032  -0.89971741  -10.00000000  1.00000000  0  0  0
-1.48313878  2.71897015  -6.19435205  1.00000000  0  0  0
-0.26516951  -0.97693168  -10.00000000  1.00000000  0  0  0
-1.79963924  -0.59858064  -3.79315181  1.00000000  0  0  0
1.40287450  0.51637980  -10.00000000  1.00000000  0  0  0
0.46731855  3.25198209  -10.00000000  1.00000000  0  0  0
-3.97320580  -0.36517601  -7.97990422  1.00000000  0  0  0
0.51439831  4.89232209  -9.83858142  1.00000000  0  0  0
-2.84844194  -1.51108764  -6.44887815  1.00000000  0  0  0
-3.53722670  0.93688758  -7.31839629  1.00000000  0  0  0
-2.36179509  2.27606329  -6.56004272  1.00000000  0  0  0
0.80712659  -4.44726884  -10.00000000  1.00000000  0  0  0
1.55185743  -3.01885697  -6.78874330  1.00000000  0  0  0
0.00765746  0.71628989  -10.00000000  1.00000000  0  0  0
-1.97592894  0.27161755  -3.98902058  1.00000000  0  0  0
-4.29944497  0.87651493  -10.00000000  1.00000000  0  0  0
1.83154598  -0.47358263  -3.78356509  1.00000000  0  0  0
0.21062924  -3.21147670  -6.43675299  1.00000000  0  0  0
-0.37177927  3.98021178  -10.00000000  1.00000000  0  0  0
-1.04414137  -4.36809498  -8.98231262  1.00000000  0  0  0
2.87825544  3.87297896  -9.65076585  1.00000000  0  0  0
-2.83711464  -3.77443886  -9.44364511  1.00000000  0  0  0
-1.91683792  -4.28837797  -9.39456295  1.00000000  0  0  0
-1.01481639  -2.82346421  -10.00000000  1.00000000  0  0  0
0.28037427  -0.12673949  -0.61537835  1.00000000  0  0  0
-0.49764406  -0.11373851  -1.02095262  1.00000000  0  0  0
2.64983580  -4.09767219  -9.75962032  1.00000000  0  0  0
-2.18578520  2.99470778  -10.00000000  1.00000000  0  0  0
-0.78233062  -2.52085834  -5.27892716  1.00000000  0  0  0
3.78593136  -0.58338118  -7.66122963  1.00000000  0  0  0
-0.05779461  4.00916218  -10.00000000  1.00000000  0  0  0
0.54176094  0.12951838  -1.11405552  1.00000000  0  0  0
-3.46232582  -2.10174366  -10.00000000  1.00000000  0  0  0
2.51533857  -0.53003057  -5.14115182  1.00000000  0  0  0
-1.35251914  4.53309936  -10.00000000  1.00000000  0  0  0
1.16758717  -2.12293141  -10.00000000  1.00000000  0  0  0
-1.11170142  1.94079247  -4.47327864  1.00000000  0  0  0
-0.86898158  0.19986466  -10.00000000  1.00000000  0  0  0
0.35255983  -4.97623722  -9.97742156  1.00000000  0  0  0
-2.96119131  2.63607748  -7.92907521  1.00000000  0  0  0
-2.98177274  -3.06035848  -10.00000000  1.00000000  0  0  0
3.87918045  -2.17074503  -10.00000000  1.00000000  0  0  0
-0.85662026  2.29788829  -4.90472786  1.00000000  0  0  0
2.97087024  -0.39935307  -5.99518236  1.00000000  0  0  0
2.94285689  -1.53836987  -6.64138194  1.00000000  0  0  0
-0.77745994  -3.60077286  -7.36749866  1.00000000  0  0  0
4.52614586  0.04106823  -9.05266434  1.00000000  0  0  0
3.61303957  -0.42697625  -7.27636274  1.00000000  0  0  0
-3.09760036  2.54581098  -8.01904772  1.00000000  0  0  0
-0.02377407  -4.63796048  -9.27604283  1.00000000  0  0  0
-4.75305985  -0.86201956  -10.00000000  1.00000000  0  0  0
-2.46195470  2.97054451  -7.71630887  1.00000000  0  0  0
2.07161796  -1.90499785  -10.00000000  1.00000000  0  0  0
0.77553222  4.55175229  -9.23469526  1.00000000  0  0  0
0.49003250  4.81361867  -9.67699468  1.00000000  0  0  0
-1.26102805  -4.26775672  -10.00000000  1.00000000  0  0  0
-3.45020530  2.06064600  -8.03745696  1.00000000  0  0  0
2.77876237  -2.29692083  -10.00000000  1.00000000  0  0  0
4.17305792  -2.75044180  -9.99586764  1.00000000  0  0  0
1.84036411  4.25360456  -10.00000000  1.00000000  0  0  0
-3.44398487  -0.52148160  -6.96648400  1.00000000  0  0  0
-2.46944762  -3.84817234  -10.00000000  1.00000000  0  0  0
-4.54464804  1.20898499  -9.40541769  1.00000000  0  0  0
2.41502173  3.95032762  -10.00000000  1.00000000  0  0  0
2.98898252  -0.99194837  -10.00000000  1.00000000  0  0  0
-2.24767642  3.56769311  -10.00000000  1.00000000  0  0  0
0.41020962  -3.25194387  -6.55542855  1.00000000  0  0  0
-2.19222334  -2.09778714  -6.06846077  1.00000000  0  0  0
4.09736345  0.38840073  -8.23146218  1.00000000  0  0  0
3.18252956  -2.92464674  -8.64454809  1.00000000  0  0  0
3.76454691  -1.54280926  -10.00000000  1.00000000  0  0  0
0.09810366  1.40767148  -2.82217173  1.00000000  0  0  0
-2.42041723  1.66885918  -5.87996956  1.00000000  0  0  0
-0.12271782  -4.89436705  -9.79181056  1.00000000  0  0  0
2.33306079  -2.97080322  -7.55482479  1.00000000  0  0  0
0.63285251  3.76651249  -10.00000000  1.00000000  0  0  0
2.49024908  -1.41125583  -5.72467764  1.00000000  0  0  0
2.97908218  3.02011857  -8.48434954  1.00000000  0  0  0
1.37338491  3.14624939  -10.00000000  1.00000000  0  0  0
0.84996853  -1.64216788  -3.69819515  1.00000000  0  0  0
0.90028288  1.89913818  -4.20344387  1.00000000  0  0  0
-4.30291168  0.73242279  -10.00000000  1.00000000  0  0  0
-3.33061843  1.09987832  -7.01505566  1.00000000  0  0  0
-2.11698930  -4.10457413  -9.23670341  1.00000000  0  0  0
-3.32041476  1.15409162  -10.00000000  1.00000000  0  0  0
4.44383422  0.44167315  -10.00000000  1.00000000  0  0  0
-3.14805511  -3.41151699  -10.00000000  1.00000000  0  0  0
-0.48085763  3.17312748  -6.41871080  1.00000000  0  0  0
3.39290646  2.26380909  -8.15760892  1.00000000  0  0  0
-0.76532523  -4.40590004  -10.00000000  1.00000000  0  0  0
2.10801576  0.75571897  -4.47876840  1.00000000  0  0  0
-0.99453987  -2.64348415  -10.00000000  1.00000000  0  0  0
-1.10562791  3.71256215  -10.00000000  1.00000000  0  0  0
-1.95105149  -1.84895619  -5.37596164  1.00000000  0  0  0
-2.45946928  2.86473901  -7.55134921  1.00000000  0  0  0
-4.36516595  -0.07724933  -8.73169885  1.00000000  0  0  0
1.19206426  1.26410773  -10.00000000  1.00000000  0  0  0
-2.20649200  -1.02774797  -4.86821233  1.00000000  0  0  0
0.75589190  4.37631895  -8.88223848  1.00000000  0  0  0
2.11520064  -3.38845266  -7.98891361  1.00000000  0  0  0
4.61100843  0.87174417  -9.38537940  1.00000000  0  0  0
0.61357296  -0.81869888  -2.04620588  1.00000000  0  0  0
-0.37723831  3.28222250  -6.60766019  1.00000000  0  0  0
-4.44135351  1.00338560  -9.10656985  1.00000000  0  0  0
-0.32425937  -4.13206072  -8.28952832  1.00000000  0  0  0
3.77642438  2.47660502  -9.03215446  1.00000000  0  0  0
-0.93652867  -1.16421426  -2.98829771  1.00000000  0  0  0
1.87914386  3.80360364  -8.48494722  1.00000000  0  0  0
-2.05066267  2.39510293  -6.30610353  1.00000000  0  0  0
-0.02826903  0.29410487  -0.59092068  1.00000000  0  0  0
-3.01558240  -1.09094224  -6.41370165  1.00000000  0  0  0
3.47016835  -1.57569998  -7.62230905  1.00000000  0  0  0
1.71273856  0.83606819  -10.00000000  1.00000000  0  0  0
-2.30243699  3.12901293  -7.76966871  1.00000000  0  0  0
-2.64573615  -2.52695837  -10.00000000  1.00000000  0  0  0
0.89880875  -4.64221830  -9.45685949  1.00000000  0  0  0
-1.37264300  2.67479614  -6.01288056  1.00000000  0  0  0
-0.62479863  -0.51832003  -1.62361200  1.00000000  0  0  0
-1.85747510  -1.75497688  -10.00000000  1.00000000  0  0  0
-2.13381826  2.09658396  -5.98292393  1.00000000  0  0  0
1.39123724  -1.57130272  -4.19739600  1.00000000  0  0  0
0.07497974  -1.57850698  -3.16057352  1.00000000  0  0  0
-4.00805858  -2.49339645  -10.00000000  1.00000000  0  0  0
0.20398565  -4.96704328  -9.94246027  1.00000000  0  0  0
0.52365217  -1.40573545  -3.00020249  1.00000000  0  0  0
-3.18643997  -2.73705212  -8.40115564  1.00000000  0  0  0
0.48487178  -2.35359229  -10.00000000  1.00000000  0  0  0
-1.72933577  0.79679712  -3.80814278  1.00000000  0  0  0
-3.20256011  -2.85449458  -8.58010036  1.00000000  0  0  0
0.31493174  -1.42896774  -2.92652067  1.00000000  0  0  0
-0.86960627  -3.87374721  -7.94031044  1.00000000  0  0  0
2.71537531  -0.68839087  -10.00000000  1.00000000  0  0  0
-2.62970919  -2.77475138  -7.64581340  1.00000000  0  0  0
-2.69233094  3.02052361  -8.09251722  1.00000000  0  0  0
-4.47366282  0.27408455  -8.96410205  1.00000000  0  0  0
-4.73600121  -1.00954869  -9.68481203  1.00000000  0  0  0
-1.02560942  -0.27779513  -2.12513042  1.00000000  0  0  0
-2.29204280  2.99668914  -7.54549031  1.00000000  0  0  0
0.51324430  2.71571489  -5.52757707  1.00000000  0  0  0
-1.11217438  3.63850610  -7.60937803  1.00000000  0  0  0
-3.11159302  -0.78628635  -6.41880279  1.00000000  0  0  0
-2.94286481  0.19759247  -10.00000000  1.00000000  0  0  0
1.71219716  0.47432520  -3.55336658  1.00000000  0  0  0
4.16941732  -2.15652969  -9.38821837  1.00000000  0  0  0
-4.66495264  -1.65249330  -9.89798306  1.00000000  0  0  0
1.51793658  -3.87357960  -10.00000000  1.00000000  0  0  0
-2.55339625  -4.11451392  -10.00000000  1.00000000  0  0  0
2.99935734  -0.54355985  -10.00000000  1.00000000  0  0  0
-1.77056645  1.61897117  -4.79832188  1.00000000  0  0  0
0.26625595  -1.93472306  -3.90591631  1.00000000  0  0  0
-1.17229773  -1.61799002  -3.99608493  1.00000000  0  0  0
-0.02984368  0.49458590  -0.99097096  1.00000000  0  0  0
-2.03139293  -0.37233946  -10.00000000  1.00000000  0  0  0
3.59476575  -2.94293664  -9.29154817  1.00000000  0  0  0
3.34803847  -1.95986535  -7.75897771  1.00000000  0  0  0
-1.91454342  -0.82140084  -10.00000000  1.00000000  0  0  0
3.55054719  0.77209957  -7.26705528  1.00000000  0  0  0
3.02465063  2.13272565  -7.40189980  1.00000000  0  0  0
3.45819864  -3.09970632  -9.28812513  1.00000000  0  0  0
-0.15331413  2.09767512  -10.00000000  1.00000000  0  0  0
-1.87601757  0.91962623  -4.17859035  1.00000000  0  0  0
1.49191816  3.40058853  -10.00000000  1.00000000  0  0  0
-0.11064189  -3.49017754  -6.98386165  1.00000000  0  0  0
-1.12497800  -0.13468432  -10.00000000  1.00000000  0  0  0
-3.48063121  1.57122718  -10.00000000  1.00000000  0  0  0
-2.07710043  -3.38202631  -10.00000000  1.00000000  0  0  0
-1.00245393  -1.85815631  -4.22263365  1.00000000  0  0  0
0.76977266  -4.63460406  -9.39619173  1.00000000  0  0  0
3.54465963  -1.29175464  -7.54539381  1.00000000  0  0  0
2.66703192  3.18830644  -8.31344866  1.00000000  0  0  0
3.93493224  1.71495804  -8.58481749  1.00000000  0  0  0
3.26221034  -3.20468744  -10.00000000  1.00000000  0  0  0
1.87340104  3.62157082  -10.00000000  1.00000000  0  0  0
-0.34862317  1.63251913  -3.33865652  1.00000000  0  0  0
-1.89105248  -1.60106935  -4.95560391  1.00000000  0  0  0
3.62419498  1.81018450  -8.10223603  1.00000000  0  0  0
3.73414448  2.31560778  -8.78769012  1.00000000  0  0  0
-3.11918004  2.75649990  -8.32528099  1.00000000  0  0  0
-4.59345782  0.14950996  -9.19178068  1.00000000  0  0  0
3.41737041  0.82174650  -10.00000000  1.00000000  0  0  0
0.64137282  3.36676501  -6.85462347  1.00000000  0  0  0
-3.60984858  -0.20394490  -7.23121021  1.00000000  0  0  0
0.35694995  2.49959195  -5.04990027  1.00000000  0  0  0
0.04870590  1.03729372  -2.07687315  1.00000000  0  0  0
0.55428131  -3.91658900  -10.00000000  1.00000000  0  0  0
-2.72267305  -2.72002170  -10.00000000  1.00000000  0  0  0
2.57269275  0.26374322  -5.17235284  1.00000000  0  0  0
2.50396656  2.43512106  -6.98560323  1.00000000  0  0  0
-2.93471074  -2.84427595  -8.17372198  1.00000000  0  0  0
2.98515040  1.42192383  -6.61301454  1.00000000  0  0  0
-2.83316883  0.56805050  -5.77910962  1.00000000  0  0  0
0.83209957  -3.25979609  -6.72864332  1.00000000  0  0  0
0.39261603  0.11908675  -10.00000000  1.00000000  0  0  0
2.06996486  -2.67583020  -10.00000000  1.00000000  0  0  0
3.66565671  1.33721266  -7.80389051  1.00000000  0  0  0
-1.86306173  2.74145303  -6.62919715  1.00000000  0  0  0
-2.67194088  -1.59325462  -10.00000000  1.00000000  0  0  0
0.10889031  4.43684004  -10.00000000  1.00000000  0  0  0
-2.03988637  -2.56879846  -6.56044570  1.00000000  0  0  0
2.46463930  -2.55064786  -7.09373001  1.00000000  0  0  0
-0.85039669  3.05085160  -6.33430975  1.00000000  0  0  0
-1.38971849  -3.82429073  -8.13794005  1.00000000  0  0  0
1.82716281  -4.06533388  -10.00000000  1.00000000  0  0  0
2.61844062  -0.08689011  -5.23976380  1.00000000  0  0  0
0.48245106  -3.23542542  -6.54239611  1.00000000  0  0  0
-1.33489460  -4.27822271  -8.96328804  1.00000000  0  0  0
3.80350236  0.33734748  -10.00000000  1.00000000  0  0  0
-2.75565146  -1.23860693  -10.00000000  1.00000000  0  0  0
-4.64003481  0.08597171  -9.28166239  1.00000000  0  0  0
0.82357972  -1.90377079  -10.00000000  1.00000000  0  0  0
1.50101692  -2.90481146  -6.53941325  1.00000000  0  0  0
-2.32072965  3.83628352  -10.00000000  1.00000000  0  0  0
-0.49729671  -4.10772722  -8.27544003  1.00000000  0  0  0
0.32402881  3.35121381  -10.00000000  1.00000000  0  0  0
-2.67327481  -0.13273780  -5.35313648  1.00000000  0  0  0
-3.34687529  0.84559021  -10.00000000  1.00000000  0  0  0
4.53250874  0.66884327  -9.16318434  1.00000000  0  0  0
0.20353077  -2.85403105  -5.72255816  1.00000000  0  0  0
2.11432692  2.18058549  -10.00000000  1.00000000  0  0  0
-1.11180162  0.79811008  -2.73721213  1.00000000  0  0  0
-1.42236705  3.00999916  -6.65829497  1.00000000  0  0  0
-3.95114305  3.00890520  -9.93278247  1.00000000  0  0  0
-0.75315251  1.79770380  -10.00000000  1.00000000  0  0  0
2.93529569  -1.85650682  -6.94624456  1.00000000  0  0  0
3.32322978  3.40520803  -9.51615424  1.00000000  0  0  0
2.17441915  -2.16218042  -6.13290236  1.00000000  0  0  0
1.06723173  3.64470280  -10.00000000  1.00000000  0  0  0
2.29279738  0.67046239  -10.00000000  1.00000000  0  0  0
0.56628546  3.52754063  -10.00000000  1.00000000  0  0  0
1.06602793  3.94230354  -8.16778372  1.00000000  0  0  0
-3.30181945  -1.68914862  -7.41761007  1.00000000  0  0  0
-0.45989224  3.89978781  -7.85362231  1.00000000  0  0  0
3.28550116  -2.37575394  -10.00000000  1.00000000  0  0  0
3.68964147  2.27165876  -8.66576891  1.00000000  0  0  0
-0.70219139  0.84154393  -2.19204829  1.00000000  0  0  0
-0.60863176  3.10150257  -6.32131341  1.00000000  0  0  0
2.64967942  -4.08976234  -9.74616991  1.00000000  0  0  0
1.99749202  -0.49188795  -4.11433014  1.00000000  0  0  0
4.53403109  1.86893626  -10.00000000  1.00000000  0  0  0
2.81605841  -1.80063793  -6.68505255  1.00000000  0  0  0
-0.77802629  -3.46201400  -7.09672202  1.00000000  0  0  0
-3.68068949  0.07563840  -7.36293318  1.00000000  0  0  0
0.55299998  1.70946774  -10.00000000  1.00000000  0  0  0
-2.83969995  -3.47083903  -10.00000000  1.00000000  0  0  0
0.08745361  -3.12163688  -6.24572332  1.00000000  0  0  0
3.90997379  1.14953724  -8.15090937  1.00000000  0  0  0
1.00553817  4.36836675  -8.96520720  1.00000000  0  0  0
1.91955135  -4.44948499  -9.69176848  1.00000000  0  0  0
-1.35897026  -4.07298912  -8.58744211  1.00000000  0  0  0
-1.05993877  -4.82483198  -10.00000000  1.00000000  0  0  0
-3.95295952  2.21039379  -9.05797541  1.00000000  0  0  0
1.52631427  -1.31367006  -4.02758701  1.00000000  0  0  0
-3.14823938  -2.48101878  -8.01669891  1.00000000  0  0  0
-3.81250312  0.14094547  -7.63021511  1.00000000  0  0  0
0.84024707  -3.31980228  -6.84897141  1.00000000  0  0  0
-3.70669550  2.29831380  -8.72280640  1.00000000  0  0  0
-3.42377386  -1.88802852  -10.00000000  1.00000000  0  0  0
-1.85474158  0.07180658  -3.71226213  1.00000000  0  0  0
-3.78101319  -2.29823370  -8.84939294  1.00000000  0  0  0
-0.94582100  3.50095089  -10.00000000  1.00000000  0  0  0
3.50011923  1.92865457  -10.00000000  1.00000000  0  0  0
3.04534170  0.75821928  -6.27662411  1.00000000  0  0  0
-4.77555683  -0.31979747  -10.00000000  1.00000000  0  0  0
3.94264954  0.31485344  -10.00000000  1.00000000  0  0  0
-2.97373752  -1.59766807  -6.75149112  1.00000000  0  0  0
-1.13001896  2.60285364  -5.67513521  1.00000000  0  0  0
-2.82004873  -0.37475569  -5.68968072  1.00000000  0  0  0
2.75208975  -2.68153713  -7.68495657  1.00000000  0  0  0
-4.11527184  -0.00537262  -8.23055070  1.00000000  0  0  0
2.84715702  -0.51071124  -5.78519804  1.00000000  0  0  0
0.58795705  -3.74221574  -10.00000000  1.00000000  0  0  0
-2.17505251  -0.11879102  -4.35658800  1.00000000  0  0  0
-2.11147104  0.91283415  -4.60068524  1.00000000  0  0  0
-1.34054437  0.91343013  -3.24432662  1.00000000  0  0  0
-0.65545256  3.36464729  -10.00000000  1.00000000  0  0  0
3.32345819  -1.79077839  -7.55043352  1.00000000  0  0  0
0.33756480  4.85238060  -9.72821617  1.00000000  0  0  0
2.22207406  -0.56833996  -4.58720980  1.00000000  0  0  0
-2.83870978  2.06512047  -7.02082495  1.00000000  0  0  0
0.27192222  4.45663345  -8.92984287  1.00000000  0  0  0
-0.54185963  -0.37397546  -1.31676802  1.00000000  0  0  0
4.89658312  -0.48084393  -9.84027178  1.00000000  0  0  0
2.82462219  0.30021332  -5.68106277  1.00000000  0  0  0
-2.11740835  -2.68740837  -6.84268423  1.00000000  0  0  0
0.35779862  1.32862673  -2.75192212  1.00000000  0  0  0
-4.44562564  1.03771457  -10.00000000  1.00000000  0  0  0
3.86245874  -1.57371487  -8.34150251  1.00000000  0  0  0
0.48119599  4.08232467  -8.22117371  1.00000000  0  0  0
-4.77552623  -0.53878740  -9.61164764  1.00000000  0  0  0
0.78771586  -0.00783400  -1.57550962  1.00000000  0  0  0
2.08471998  -1.98138576  -5.75219851  1.00000000  0  0  0
-4.47765481  0.47494141  -9.00554539  1.00000000  0  0  0
-1.79633484  0.41633612  -3.68790163  1.00000000  0  0  0
-1.79922124  -0.54791716  -3.76160088  1.00000000  0  0  0
-1.83889020  1.81530918  -10.00000000  1.00000000  0  0  0
-0.22879087  0.55234223  -10.00000000  1.00000000  0  0  0
-1.01800349  -0.74945744  -10.00000000  1.00000000  0  0  0
-0.99057456  4.35220484  -8.92702075  1.00000000  0  0  0
1.04850915  4.70303620  -9.63699558  1.00000000  0  0  0
1.62238108  -1.99061962  -10.00000000  1.00000000  0  0  0
2.15747119  0.66366340  -4.51447938  1.00000000  0  0  0
-4.62351585  -0.29398955  -9.26570637  1.00000000  0  0  0
1.22120961  -0.80994273  -10.00000000  1.00000000  0  0  0
-4.43833116  -1.19758669  -9.19412798  1.00000000  0  0  0
0.99384479  -4.83382226  -9.86986629  1.00000000  0  0  0
1.00116986  1.08691167  -10.00000000  1.00000000  0  0  0
2.68863912  2.05379349  -10.00000000  1.00000000  0  0  0
2.46288295  0.86897172  -5.22337219  1.00000000  0  0  0
-3.39925731  -0.58087730  -10.00000000  1.00000000  0  0  0
-0.54184147  1.36299738  -2.93349897  1.00000000  0  0  0
-2.17424000  -4.16789554  -9.40184510  1.00000000  0  0  0
0.15977495  -4.58700493  -10.00000000  1.00000000  0  0  0
0.10216636  -4.63409033  -10.00000000  1.00000000  0  0  0
-3.17587316  0.49779410  -6.42929834  1.00000000  0  0  0
0.70579768  -0.26181264  -1.50558457  1.00000000  0  0  0
-2.33970502  2.62548275  -7.03345696  1.00000000  0  0  0
-1.41862836  2.22523713  -5.27794912  1.00000000  0  0  0
-1.62511716  2.05674157  -10.00000000  1.00000000  0  0  0
-1.14128578  -3.95659246  -10.00000000  1.00000000  0  0  0
0.13825672  -4.20807434  -10.00000000  1.00000000  0  0  0
-3.13054831  2.33337886  -7.80896656  1.00000000  0  0  0
2.88360649  -1.09825900  -6.17133996  1.00000000  0  0  0
2.40234191  2.55911966  -7.02006839  1.00000000  0  0  0
-0.23265826  -2.06812132  -10.00000000  1.00000000  0  0  0
3.18932657  1.91343531  -10.00000000  1.00000000  0  0  0
-0.07314690  -2.50588706  -5.01390882  1.00000000  0  0  0
2.07418952  0.79501336  -4.44266066  1.00000000  0  0  0
0.62177919  2.48759136  -5.12824341  1.00000000  0  0  0
1.79070730  -1.59475396  -4.79577849  1.00000000  0  0  0
4.33628299  -1.08016319  -10.00000000  1.00000000  0  0  0
-3.59674487  -1.31269856  -7.65761090  1.00000000  0  0  0
-1.76466565  -4.31216965  -10.00000000  1.00000000  0  0  0
-0.86505138  4.23976256  -10.00000000  1.00000000  0  0  0
2.06485300  2.53765018  -10.00000000  1.00000000  0  0  0
-2.15501914  -1.11085962  -4.84896549  1.00000000  0  0  0
-1.49026457  2.08691151  -5.12877691  1.00000000  0  0  0
-0.05609783  -3.52526260  -7.05141783  1.00000000  0  0  0
0.63177141  -4.61695887  -9.31996659  1.00000000  0  0  0
0.50910060  -1.94072947  -10.00000000  1.00000000  0  0  0
1.78568199  -2.64018241  -6.37470732  1.00000000  0  0  0
1.72211061  -1.01025144  -10.00000000  1.00000000  0  0  0
4.46425049  -1.36924045  -10.00000000  1.00000000  0  0  0
-1.35260898  1.39515207  -10.00000000  1.00000000  0  0  0
-3.45552610  0.89250045  -10.00000000  1.00000000  0  0  0
0.59692110  -1.22627254  -2.72767970  1.00000000  0  0  0
-0.42905176  4.40832325  -8.85830668  1.00000000  0  0  0
-0.78119424  0.18569269  -10.00000000  1.00000000  0  0  0
-1.74739036  0.02783960  -3.49522423  1.00000000  0  0  0
-3.11053356  2.68262713  -8.21508547  1.00000000  0  0  0
-4.00882785  -0.82601079  -8.18608442  1.00000000  0  0  0
-0.88924917  -3.85184545  -10.00000000  1.00000000  0  0  0
0.67720261  -4.56259682  -9.22515975  1.00000000  0  0  0
-2.79064207  -3.03354015  -8.24379743  1.00000000  0  0  0
3.61300971  -2.17102196  -10.00000000  1.00000000  0  0  0
-1.56384507  0.12089076  -3.13702151  1.00000000  0  0  0
2.37019038  1.07108323  -5.20193107  1.00000000  0  0  0
1.51677567  -4.26039086  -10.00000000  1.00000000  0  0  0
-3.20405784  2.09878142  -7.66051436  1.00000000  0  0  0
-1.23630117  0.06638956  -2.47616491  1.00000000  0  0  0
-1.03028193  1.35288164  -10.00000000  1.00000000  0  0  0
2.15997191  2.37218919  -10.00000000  1.00000000  0  0  0
-0.84765299  2.91820367  -6.07764041  1.00000000  0  0  0
1.58524548  -4.30725353  -9.17941963  1.00000000  0  0  0
1.60147411  -3.43469233  -7.57940122  1.00000000  0  0  0
0.48392700  4.96729063  -10.00000000  1.00000000  0  0  0
3.41825735  -0.34469950  -6.87118653  1.00000000  0  0  0
-3.32356419  -2.63477653  -8.48248225  1.00000000  0  0  0
0.30217363  -4.56196716  -9.14392767  1.00000000  0  0  0
1.97986248  -1.40102131  -4.85086225  1.00000000  0  0  0
-0.33550481  -4.62141118  -10.00000000  1.00000000  0  0  0
-2.55417181  3.68927650  -8.97430882  1.00000000  0  0  0
0.48784497  -0.66467735  -1.64898599  1.00000000  0  0  0
-2.59453495  1.94671059  -6.48730876  1.00000000  0  0  0
3.18184659  0.79285856  -6.55828406  1.00000000  0  0  0
0.30632970  -4.79592675  -10.00000000  1.00000000  0  0  0
1.63684100  4.22971170  -9.07076834  1.00000000  0  0  0
-4.80040753  -0.77119819  -10.00000000  1.00000000  0  0  0
-4.58076438  -1.07819071  -9.41188557  1.00000000  0  0  0
-3.03711046  -2.24755042  -7.55659257  1.00000000  0  0  0
