0.34490000  0.34120000  -1.25000000  1.00000000  0  0  0
0.33430000  0.34930000  -1.25000000  1.00000000  0  0  0
0.32680000  0.36010000  -1.25000000  1.00000000  0  0  0
0.32750000  0.36240000  -1.25000000  1.00000000  0  0  0
0.37140000  0.33070000  -1.24320000  1.00000000  0  0  0
0.31410000  0.35400000  -1.25000000  1.00000000  0  0  0
0.32800000  0.36830000  -1.23290000  1.00000000  0  0  0
0.32120000  0.36910000  -1.22310000  1.00000000  0  0  0
0.30020000  0.35110000  -1.25000000  1.00000000  0  0  0
0.38340000  0.31640000  -1.24270000  1.00000000  0  0  0
0.37970000  0.30330000  -1.25000000  1.00000000  0  0  0
0.31400000  0.37570000  -1.22400000  1.00000000  0  0  0
0.39000000  0.31270000  -1.24960000  1.00000000  0  0  0
0.31540000  0.37790000  -1.25000000  1.00000000  0  0  0
0.30790000  0.37650000  -1.25000000  1.00000000  0  0  0
0.36320000  0.32190000  -1.25000000  1.00000000  0  0  0
0.29790000  0.37190000  -1.25000000  1.00000000  0  0  0
0.30720000  0.37760000  -1.21700000  1.00000000  0  0  0
0.37890000  0.32020000  -1.24010000  1.00000000  0  0  0
0.37410000  0.31700000  -1.25000000  1.00000000  0  0  0
0.38120000  0.30830000  -1.22560000  1.00000000  0  0  0
0.38710000  0.30450000  -1.23120000  1.00000000  0  0  0
0.36630000  0.31640000  -1.25000000  1.00000000  0  0  0
