0.07780000  0.45480000  -1.25000000  1.00000000  0  0  0
0.05750000  0.46830000  -1.25000000  1.00000000  0  0  0
0.05450000  0.46630000  -1.25000000  1.00000000  0  0  0
0.08150000  0.48720000  -1.25000000  1.00000000  0  0  0
0.10960000  0.47030000  -1.25000000  1.00000000  0  0  0
0.08480000  0.48800000  -1.23840000  1.00000000  0  0  0
0.08450000  0.48930000  -1.24130000  1.00000000  0  0  0
0.09300000  0.49070000  -1.25000000  1.00000000  0  0  0
0.08640000  0.48130000  -1.22240000  1.00000000  0  0  0
0.11520000  0.46880000  -1.25000000  1.00000000  0  0  0
0.09800000  0.48110000  -1.22750000  1.00000000  0  0  0
0.11940000  0.46500000  -1.25000000  1.00000000  0  0  0
0.10740000  0.48280000  -1.23660000  1.00000000  0  0  0
0.04350000  0.48120000  -1.25000000  1.00000000  0  0  0
0.07780000  0.47910000  -1.21350000  1.00000000  0  0  0
0.05630000  0.49360000  -1.25000000  1.00000000  0  0  0
0.12460000  0.46820000  -1.25000000  1.00000000  0  0  0
0.05270000  0.48600000  -1.22210000  1.00000000  0  0  0
0.04280000  0.49710000  -1.25000000  1.00000000  0  0  0
0.01670000  0.49850000  -1.24680000  1.00000000  0  0  0
0.13010000  0.45580000  -1.25000000  1.00000000  0  0  0
0.14990000  0.47560000  -1.24650000  1.00000000  0  0  0
0.01050000  0.49300000  -1.23290000  1.00000000  0  0  0
-0.00370000  0.49490000  -1.23740000  1.00000000  0  0  0
0.16500000  0.46600000  -1.25000000  1.00000000  0  0  0
0.16680000  0.46850000  -1.25000000  1.00000000  0  0  0
0.16340000  0.46520000  -1.23250000  1.00000000  0  0  0
0.17000000  0.46890000  -1.24680000  1.00000000  0  0  0
-0.02850000  0.49180000  -1.23160000  1.00000000  0  0  0
0.18910000  0.45930000  -1.24170000  1.00000000  0  0  0
-0.05160000  0.48390000  -1.25000000  1.00000000  0  0  0
-0.04950000  0.47210000  -1.25000000  1.00000000  0  0  0
0.15730000  0.47030000  -1.23970000  1.00000000  0  0  0
0.15520000  0.47210000  -1.24240000  1.00000000  0  0  0
-0.06150000  0.49020000  -1.25000000  1.00000000  0  0  0
-0.05570000  0.46740000  -1.25000000  1.00000000  0  0  0
-0.06950000  0.48570000  -1.25000000  1.00000000  0  0  0
0.21390000  0.44080000  -1.25000000  1.00000000  0  0  0
0.21610000  0.44120000  -1.22830000  1.00000000  0  0  0
0.21510000  0.43610000  -1.25000000  1.00000000  0  0  0
0.22770000  0.44420000  -1.24780000  1.00000000  0  0  0
0.22020000  0.43150000  -1.25000000  1.00000000  0  0  0
0.22970000  0.43560000  -1.23100000  1.00000000  0  0  0
-0.08120000  0.47940000  -1.25000000  1.00000000  0  0  0
-0.08930000  0.48810000  -1.24040000  1.00000000  0  0  0
-0.09400000  0.49010000  -1.25000000  1.00000000  0  0  0
-0.10620000  0.46620000  -1.25000000  1.00000000  0  0  0
-0.11420000  0.48360000  -1.24220000  1.00000000  0  0  0
0.21770000  0.44670000  -1.24230000  1.00000000  0  0  0
0.23720000  0.43480000  -1.23820000  1.00000000  0  0  0
0.23520000  0.43200000  -1.22960000  1.00000000  0  0  0
0.23670000  0.43130000  -1.23000000  1.00000000  0  0  0
-0.12390000  0.47890000  -1.23670000  1.00000000  0  0  0
-0.12690000  0.48110000  -1.24390000  1.00000000  0  0  0
-0.12870000  0.47880000  -1.23950000  1.00000000  0  0  0
-0.14710000  0.47110000  -1.25000000  1.00000000  0  0  0
-0.14410000  0.46870000  -1.22590000  1.00000000  0  0  0
-0.16410000  0.46830000  -1.24050000  1.00000000  0  0  0
-0.16750000  0.45320000  -1.25000000  1.00000000  0  0  0
-0.17310000  0.45970000  -1.25000000  1.00000000  0  0  0
-0.18930000  0.45040000  -1.25000000  1.00000000  0  0  0
-0.19060000  0.44100000  -1.25000000  1.00000000  0  0  0
-0.20100000  0.44880000  -1.22940000  1.00000000  0  0  0
-0.20640000  0.45380000  -1.25000000  1.00000000  0  0  0
-0.20680000  0.45490000  -1.25000000  1.00000000  0  0  0
-0.19640000  0.44550000  -1.21720000  1.00000000  0  0  0
-0.20650000  0.42080000  -1.25000000  1.00000000  0  0  0
-0.22920000  0.43520000  -1.25000000  1.00000000  0  0  0
-0.21520000  0.43670000  -1.21720000  1.00000000  0  0  0
-0.23150000  0.43740000  -1.25000000  1.00000000  0  0  0
-0.22070000  0.41570000  -1.25000000  1.00000000  0  0  0
-0.23120000  0.42190000  -1.25000000  1.00000000  0  0  0
-0.23550000  0.44050000  -1.25000000  1.00000000  0  0  0
-0.24040000  0.42350000  -1.25000000  1.00000000  0  0  0
-0.24290000  0.42180000  -1.25000000  1.00000000  0  0  0
