0.39120000  -0.30710000  -1.24340000  1.00000000  0  0  0
0.38740000  -0.31290000  -1.24500000  1.00000000  0  0  0
0.38670000  -0.30900000  -1.25000000  1.00000000  0  0  0
0.39050000  -0.30190000  -1.25000000  1.00000000  0  0  0
0.39740000  -0.30300000  -1.25000000  1.00000000  0  0  0
0.39840000  -0.29800000  -1.24370000  1.00000000  0  0  0
0.39330000  -0.29590000  -1.23050000  1.00000000  0  0  0
0.37590000  -0.30170000  -1.25000000  1.00000000  0  0  0
0.38790000  -0.29930000  -1.22490000  1.00000000  0  0  0
0.37020000  -0.30160000  -1.25000000  1.00000000  0  0  0
0.37720000  -0.31040000  -1.22130000  1.00000000  0  0  0
0.40910000  -0.28750000  -1.25000000  1.00000000  0  0  0
0.39230000  -0.27450000  -1.25000000  1.00000000  0  0  0
0.35920000  -0.33730000  -1.23200000  1.00000000  0  0  0
0.40700000  -0.27330000  -1.25000000  1.00000000  0  0  0
0.41730000  -0.27070000  -1.24350000  1.00000000  0  0  0
0.42380000  -0.25600000  -1.23780000  1.00000000  0  0  0
0.35110000  -0.34580000  -1.23200000  1.00000000  0  0  0
0.42300000  -0.24140000  -1.25000000  1.00000000  0  0  0
0.43310000  -0.24170000  -1.24000000  1.00000000  0  0  0
0.34530000  -0.35380000  -1.23590000  1.00000000  0  0  0
0.34800000  -0.35590000  -1.24440000  1.00000000  0  0  0
0.33920000  -0.35800000  -1.23290000  1.00000000  0  0  0
0.32550000  -0.36720000  -1.22680000  1.00000000  0  0  0
0.43480000  -0.23550000  -1.23620000  1.00000000  0  0  0
0.42460000  -0.23970000  -1.21900000  1.00000000  0  0  0
0.43310000  -0.23890000  -1.23660000  1.00000000  0  0  0
0.44150000  -0.22460000  -1.23830000  1.00000000  0  0  0
0.44640000  -0.21210000  -1.25000000  1.00000000  0  0  0
0.44520000  -0.20790000  -1.25000000  1.00000000  0  0  0
0.45090000  -0.20680000  -1.25000000  1.00000000  0  0  0
0.45560000  -0.20320000  -1.24710000  1.00000000  0  0  0
0.30490000  -0.38440000  -1.22660000  1.00000000  0  0  0
0.29980000  -0.38990000  -1.22950000  1.00000000  0  0  0
0.29590000  -0.38310000  -1.25000000  1.00000000  0  0  0
0.29060000  -0.39830000  -1.23260000  1.00000000  0  0  0
0.45380000  -0.19060000  -1.23060000  1.00000000  0  0  0
0.46130000  -0.18610000  -1.24360000  1.00000000  0  0  0
0.44890000  -0.17180000  -1.25000000  1.00000000  0  0  0
0.44770000  -0.16670000  -1.25000000  1.00000000  0  0  0
0.44310000  -0.16600000  -1.25000000  1.00000000  0  0  0
0.47290000  -0.16090000  -1.24890000  1.00000000  0  0  0
0.27130000  -0.39050000  -1.25000000  1.00000000  0  0  0
0.26860000  -0.39630000  -1.25000000  1.00000000  0  0  0
0.26830000  -0.40080000  -1.25000000  1.00000000  0  0  0
0.26890000  -0.41990000  -1.25000000  1.00000000  0  0  0
0.25530000  -0.42460000  -1.23870000  1.00000000  0  0  0
0.25580000  -0.42750000  -1.25000000  1.00000000  0  0  0
0.46700000  -0.14570000  -1.25000000  1.00000000  0  0  0
0.45340000  -0.14090000  -1.25000000  1.00000000  0  0  0
0.47640000  -0.14020000  -1.24140000  1.00000000  0  0  0
0.48260000  -0.12180000  -1.25000000  1.00000000  0  0  0
0.46240000  -0.11600000  -1.25000000  1.00000000  0  0  0
0.23680000  -0.40370000  -1.25000000  1.00000000  0  0  0
0.24690000  -0.42610000  -1.25000000  1.00000000  0  0  0
0.22880000  -0.44380000  -1.24830000  1.00000000  0  0  0
0.22430000  -0.44130000  -1.23770000  1.00000000  0  0  0
0.21740000  -0.41200000  -1.25000000  1.00000000  0  0  0
0.21960000  -0.44910000  -1.24980000  1.00000000  0  0  0
0.21470000  -0.44000000  -1.22390000  1.00000000  0  0  0
0.21380000  -0.44580000  -1.25000000  1.00000000  0  0  0
0.21240000  -0.45050000  -1.24530000  1.00000000  0  0  0
0.48720000  -0.10780000  -1.24750000  1.00000000  0  0  0
0.48750000  -0.09950000  -1.24390000  1.00000000  0  0  0
0.47080000  -0.08950000  -1.25000000  1.00000000  0  0  0
0.48160000  -0.08480000  -1.25000000  1.00000000  0  0  0
0.49390000  -0.07770000  -1.25000000  1.00000000  0  0  0
0.21220000  -0.44360000  -1.22940000  1.00000000  0  0  0
0.20650000  -0.45030000  -1.23850000  1.00000000  0  0  0
0.19890000  -0.44930000  -1.22840000  1.00000000  0  0  0
0.19520000  -0.46010000  -1.24930000  1.00000000  0  0  0
0.18890000  -0.42870000  -1.25000000  1.00000000  0  0  0
0.18370000  -0.43820000  -1.25000000  1.00000000  0  0  0
0.18430000  -0.42960000  -1.25000000  1.00000000  0  0  0
0.17660000  -0.45180000  -1.25000000  1.00000000  0  0  0
0.17590000  -0.46450000  -1.24170000  1.00000000  0  0  0
0.48790000  -0.06320000  -1.22990000  1.00000000  0  0  0
0.46540000  -0.03230000  -1.25000000  1.00000000  0  0  0
0.49930000  -0.01340000  -1.24860000  1.00000000  0  0  0
0.16770000  -0.46300000  -1.23100000  1.00000000  0  0  0
0.16670000  -0.46130000  -1.22630000  1.00000000  0  0  0
0.15350000  -0.46560000  -1.22550000  1.00000000  0  0  0
0.49340000  -0.00270000  -1.23360000  1.00000000  0  0  0
0.49690000  0.00030000  -1.25000000  1.00000000  0  0  0
0.48750000  0.01140000  -1.21920000  1.00000000  0  0  0
0.49930000  0.00840000  -1.25000000  1.00000000  0  0  0
0.49840000  0.02460000  -1.24760000  1.00000000  0  0  0
0.49160000  0.02500000  -1.25000000  1.00000000  0  0  0
0.48860000  0.01580000  -1.22210000  1.00000000  0  0  0
0.49560000  0.03610000  -1.24220000  1.00000000  0  0  0
0.46580000  0.03060000  -1.25000000  1.00000000  0  0  0
0.46750000  0.03220000  -1.25000000  1.00000000  0  0  0
0.49350000  0.05420000  -1.24110000  1.00000000  0  0  0
0.48980000  0.07440000  -1.25000000  1.00000000  0  0  0
0.48720000  0.08820000  -1.25000000  1.00000000  0  0  0
0.47290000  0.08650000  -1.25000000  1.00000000  0  0  0
0.48180000  0.11050000  -1.23580000  1.00000000  0  0  0
0.47540000  0.12150000  -1.25000000  1.00000000  0  0  0
0.48700000  0.09330000  -1.23970000  1.00000000  0  0  0
0.48670000  0.10140000  -1.24290000  1.00000000  0  0  0
0.48530000  0.09310000  -1.23540000  1.00000000  0  0  0
0.48590000  0.10650000  -1.24370000  1.00000000  0  0  0
0.47170000  0.10770000  -1.25000000  1.00000000  0  0  0
0.48120000  0.12820000  -1.24490000  1.00000000  0  0  0
0.47290000  0.13940000  -1.23250000  1.00000000  0  0  0
0.46430000  0.16870000  -1.23500000  1.00000000  0  0  0
0.48230000  0.10640000  -1.23460000  1.00000000  0  0  0
0.43730000  0.15810000  -1.25000000  1.00000000  0  0  0
0.44860000  0.20410000  -1.23210000  1.00000000  0  0  0
0.44880000  0.21300000  -1.25000000  1.00000000  0  0  0
0.44200000  0.22360000  -1.23830000  1.00000000  0  0  0
0.44010000  0.22550000  -1.23630000  1.00000000  0  0  0
0.44360000  0.22610000  -1.24480000  1.00000000  0  0  0
0.43990000  0.22480000  -1.25000000  1.00000000  0  0  0
0.42560000  0.22990000  -1.25000000  1.00000000  0  0  0
0.40240000  0.24930000  -1.25000000  1.00000000  0  0  0
