-0.27710000  -0.40980000  -1.25000000  1.00000000  0  0  0
-0.28020000  -0.40670000  -1.23470000  1.00000000  0  0  0
-0.27050000  -0.41350000  -1.23520000  1.00000000  0  0  0
-0.26570000  -0.42050000  -1.24360000  1.00000000  0  0  0
-0.30100000  -0.38780000  -1.25000000  1.00000000  0  0  0
-0.29540000  -0.37560000  -1.25000000  1.00000000  0  0  0
-0.25090000  -0.41880000  -1.22040000  1.00000000  0  0  0
-0.30730000  -0.37390000  -1.25000000  1.00000000  0  0  0
-0.31470000  -0.37820000  -1.25000000  1.00000000  0  0  0
-0.22610000  -0.43030000  -1.25000000  1.00000000  0  0  0
-0.22010000  -0.43100000  -1.25000000  1.00000000  0  0  0
-0.21400000  -0.44430000  -1.23290000  1.00000000  0  0  0
-0.34450000  -0.35830000  -1.24270000  1.00000000  0  0  0
-0.35820000  -0.34870000  -1.25000000  1.00000000  0  0  0
-0.20960000  -0.43670000  -1.25000000  1.00000000  0  0  0
-0.20980000  -0.44600000  -1.25000000  1.00000000  0  0  0
-0.21140000  -0.45180000  -1.24700000  1.00000000  0  0  0
-0.20580000  -0.45560000  -1.24970000  1.00000000  0  0  0
-0.20280000  -0.45680000  -1.24950000  1.00000000  0  0  0
-0.18060000  -0.44130000  -1.25000000  1.00000000  0  0  0
-0.20130000  -0.43340000  -1.25000000  1.00000000  0  0  0
-0.16750000  -0.44880000  -1.25000000  1.00000000  0  0  0
-0.36380000  -0.34050000  -1.24580000  1.00000000  0  0  0
-0.35410000  -0.31990000  -1.25000000  1.00000000  0  0  0
-0.37980000  -0.32120000  -1.24360000  1.00000000  0  0  0
-0.38230000  -0.32220000  -1.24990000  1.00000000  0  0  0
-0.38230000  -0.32080000  -1.24770000  1.00000000  0  0  0
-0.39130000  -0.31080000  -1.24930000  1.00000000  0  0  0
-0.17690000  -0.46350000  -1.25000000  1.00000000  0  0  0
-0.16410000  -0.43900000  -1.25000000  1.00000000  0  0  0
-0.16170000  -0.47170000  -1.24650000  1.00000000  0  0  0
-0.15880000  -0.46960000  -1.23930000  1.00000000  0  0  0
-0.14940000  -0.46870000  -1.25000000  1.00000000  0  0  0
-0.14110000  -0.47940000  -1.24940000  1.00000000  0  0  0
-0.39610000  -0.29810000  -1.25000000  1.00000000  0  0  0
-0.39290000  -0.29410000  -1.25000000  1.00000000  0  0  0
-0.40500000  -0.28990000  -1.24520000  1.00000000  0  0  0
-0.39340000  -0.27170000  -1.25000000  1.00000000  0  0  0
-0.41780000  -0.27170000  -1.24600000  1.00000000  0  0  0
-0.12620000  -0.46750000  -1.25000000  1.00000000  0  0  0
-0.12960000  -0.48220000  -1.24820000  1.00000000  0  0  0
-0.11710000  -0.47980000  -1.23470000  1.00000000  0  0  0
-0.10700000  -0.46570000  -1.25000000  1.00000000  0  0  0
-0.10690000  -0.45460000  -1.25000000  1.00000000  0  0  0
-0.11280000  -0.47300000  -1.25000000  1.00000000  0  0  0
-0.10410000  -0.48870000  -1.25000000  1.00000000  0  0  0
-0.44010000  -0.22540000  -1.23610000  1.00000000  0  0  0
-0.42430000  -0.21890000  -1.25000000  1.00000000  0  0  0
-0.06760000  -0.47680000  -1.25000000  1.00000000  0  0  0
-0.06070000  -0.47810000  -1.25000000  1.00000000  0  0  0
-0.44300000  -0.21900000  -1.23550000  1.00000000  0  0  0
-0.44850000  -0.20900000  -1.23700000  1.00000000  0  0  0
-0.43910000  -0.21230000  -1.25000000  1.00000000  0  0  0
-0.45000000  -0.20520000  -1.23650000  1.00000000  0  0  0
-0.04720000  -0.48380000  -1.25000000  1.00000000  0  0  0
-0.04440000  -0.48650000  -1.25000000  1.00000000  0  0  0
-0.03900000  -0.47310000  -1.25000000  1.00000000  0  0  0
-0.03630000  -0.46670000  -1.25000000  1.00000000  0  0  0
-0.02930000  -0.49860000  -1.24880000  1.00000000  0  0  0
-0.02680000  -0.49260000  -1.23330000  1.00000000  0  0  0
-0.46350000  -0.18360000  -1.24630000  1.00000000  0  0  0
-0.46570000  -0.17640000  -1.24500000  1.00000000  0  0  0
-0.46580000  -0.17740000  -1.25000000  1.00000000  0  0  0
-0.46580000  -0.17400000  -1.25000000  1.00000000  0  0  0
-0.45800000  -0.16900000  -1.25000000  1.00000000  0  0  0
-0.01110000  -0.47910000  -1.25000000  1.00000000  0  0  0
-0.01590000  -0.49100000  -1.22820000  1.00000000  0  0  0
-0.01460000  -0.49150000  -1.22930000  1.00000000  0  0  0
0.00490000  -0.49580000  -1.23960000  1.00000000  0  0  0
0.00830000  -0.49200000  -1.23010000  1.00000000  0  0  0
0.01000000  -0.48830000  -1.22110000  1.00000000  0  0  0
-0.46900000  -0.16180000  -1.25000000  1.00000000  0  0  0
-0.46210000  -0.16790000  -1.22920000  1.00000000  0  0  0
-0.45130000  -0.16110000  -1.25000000  1.00000000  0  0  0
-0.45290000  -0.15490000  -1.25000000  1.00000000  0  0  0
-0.46310000  -0.15300000  -1.21920000  1.00000000  0  0  0
-0.45670000  -0.13420000  -1.25000000  1.00000000  0  0  0
-0.45900000  -0.12950000  -1.25000000  1.00000000  0  0  0
-0.46940000  -0.12870000  -1.25000000  1.00000000  0  0  0
0.01600000  -0.46960000  -1.25000000  1.00000000  0  0  0
0.02520000  -0.47490000  -1.25000000  1.00000000  0  0  0
0.02610000  -0.49660000  -1.24320000  1.00000000  0  0  0
0.04850000  -0.48920000  -1.22890000  1.00000000  0  0  0
0.05080000  -0.48630000  -1.22230000  1.00000000  0  0  0
-0.45980000  -0.12240000  -1.25000000  1.00000000  0  0  0
-0.48360000  -0.11690000  -1.25000000  1.00000000  0  0  0
-0.48240000  -0.11650000  -1.24070000  1.00000000  0  0  0
-0.48400000  -0.11200000  -1.24200000  1.00000000  0  0  0
-0.48690000  -0.09160000  -1.23870000  1.00000000  0  0  0
0.06620000  -0.49020000  -1.23660000  1.00000000  0  0  0
0.07110000  -0.48590000  -1.25000000  1.00000000  0  0  0
0.06800000  -0.48270000  -1.21860000  1.00000000  0  0  0
0.06280000  -0.48030000  -1.21110000  1.00000000  0  0  0
0.07230000  -0.48330000  -1.22180000  1.00000000  0  0  0
0.08520000  -0.48630000  -1.23440000  1.00000000  0  0  0
-0.49260000  -0.07540000  -1.24580000  1.00000000  0  0  0
-0.49390000  -0.05810000  -1.24320000  1.00000000  0  0  0
-0.48980000  -0.05330000  -1.23180000  1.00000000  0  0  0
-0.48830000  -0.04930000  -1.22700000  1.00000000  0  0  0
-0.47540000  -0.04640000  -1.25000000  1.00000000  0  0  0
-0.49630000  -0.04240000  -1.24520000  1.00000000  0  0  0
-0.46960000  -0.03970000  -1.25000000  1.00000000  0  0  0
-0.48450000  -0.04170000  -1.21580000  1.00000000  0  0  0
-0.46990000  -0.03040000  -1.25000000  1.00000000  0  0  0
-0.49860000  -0.02350000  -1.24800000  1.00000000  0  0  0
-0.49380000  -0.02390000  -1.23590000  1.00000000  0  0  0
-0.48610000  -0.03230000  -1.21790000  1.00000000  0  0  0
-0.47470000  -0.02150000  -1.25000000  1.00000000  0  0  0
-0.47870000  -0.00130000  -1.25000000  1.00000000  0  0  0
-0.47500000  -0.00030000  -1.25000000  1.00000000  0  0  0
-0.48020000  0.00600000  -1.25000000  1.00000000  0  0  0
-0.48290000  0.01070000  -1.25000000  1.00000000  0  0  0
-0.49570000  0.01300000  -1.25000000  1.00000000  0  0  0
-0.49260000  0.01420000  -1.25000000  1.00000000  0  0  0
-0.48580000  0.02870000  -1.25000000  1.00000000  0  0  0
-0.49230000  0.04110000  -1.23520000  1.00000000  0  0  0
-0.48730000  0.05590000  -1.22630000  1.00000000  0  0  0
-0.48950000  0.06480000  -1.23440000  1.00000000  0  0  0
