-0.00249299801230143	-0.0426432228520751	0.999087253699945
-0.00472328489513202	0.0767620939995114	0.997038249770093
0.102090308439481	0.0188218277738028	0.994597057969701
-0.108152740410179	0.0177567379799868	0.993975695375937
0.101667352844844	-0.100712894311254	0.989707361943404
-0.106359867293873	-0.102919244141403	0.988986960386532
-0.00376414077176446	-0.162774213326659	0.986656164385617
0.0995952567211547	0.136892162871271	0.985566497291316
-0.115707883804646	0.133605639539053	0.984256683344752
-0.0105083802248423	0.192480012559858	0.981244627353448
0.20615726228961	-0.0375826390352655	0.977796874840781
-0.20888976601668	-0.0411214598269176	0.977074250604937
0.205893162370423	0.0815494748657979	0.975170594736233
-0.219926371473804	0.0736674603931469	0.972730947595269
0.0983461987245548	-0.219443703807761	0.970655699028014
-0.109687912437432	-0.222380031389115	0.968770191275771
0.203911352687722	-0.156820629796645	0.966347479075331
-0.209379279842646	-0.162647964314604	0.964212609789402
0.0950469584056798	0.251435614161463	0.963195830363212
-0.119769992462093	0.248752036947931	0.961133483455802
-0.0089083042732805	-0.280749092645729	0.959739854905262
0.203096578791974	0.198706200166951	0.958784452157109
-0.222351689209717	0.19150532448187	0.955973554550898
-0.0139666163372334	0.305743687949541	0.952011413223131
0.308744000900615	0.0253183131074833	0.950808143070553
0.307245404645566	-0.0931517117173625	0.947060198682379
-0.307219898501684	-0.0969309297617716	0.946689140541991
-0.32295875401899	0.010533047577013	0.946354425208252
0.19888864446963	-0.274115375968857	0.940905982422519
0.308115137532128	0.142213864123766	0.940659491460403
-0.320315734294875	0.133077281117493	0.937916983327155
0.091450390278001	-0.334962116275428	0.937783134193768
-0.217163298778001	-0.280443123381925	0.934982222404066
-0.118085132549746	-0.336662852670965	0.934191642599182
0.303702294462533	-0.210650097604974	0.929188599110648
0.197034501279884	0.313515858377756	0.928916148988188
0.0904012103013849	0.363279704534136	0.927283924938654
-0.122252657542067	0.35826187584413	0.925582365886768
-0.231939829297532	0.300716699531463	0.925080203122051
-0.312197337342443	-0.217624050410519	0.924755424552464
-0.0188242201281888	-0.394122496616389	0.918865118718428
0.303441334729868	0.256669023655718	0.917629755769165
0.407427822251898	-0.0300865552524668	0.912741676953625
-0.337044047268665	0.241414867984036	0.9100110832935
-0.0161508815756379	0.415779500092882	0.909322031145646
-0.41146273775044	0.0699275561776527	0.908740090636445
0.409395332222743	0.0865728785528918	0.908240385940471
-0.399651309828707	-0.139898101098857	0.905928999348808
0.404444142083149	-0.14838522060564	0.902444880444474
0.190565278718803	-0.387396607365493	0.90200262923593
0.297678056034182	-0.324619750457624	0.897780481280664
-0.441358739690951	-0.0391389131317928	0.896476775146617
0.0807909047551192	-0.444805965971025	0.891975606362322
-0.232610133261595	-0.38861320797973	0.891556111799883
0.40756748466969	0.200460463300452	0.890900863224068
-0.13142228527825	-0.442827246094077	0.886922890137005
-0.329764503939164	-0.326759849465489	0.885710659707248
-0.222779202529759	0.409800324820367	0.884552497423034
0.188276574730886	0.428097099923466	0.883903164631015
-0.436196533257059	0.174602159014781	0.882749494727638
0.292804611978318	0.368859014835727	0.882161258715573
0.399941368078168	-0.264909767273662	0.877422200142428
0.0894151083134635	0.471463522129239	0.877340917606596
-0.120363002027504	0.467951234519113	0.875519497130113
-0.331728886454092	0.354922610983848	0.87406286164345
-0.420581511741184	-0.250535772168656	0.871976501314889
-0.0311852877372247	-0.501023180281227	0.864871811686351
0.504614137086411	0.0341507561589311	0.86266928686856
0.399548257669083	0.311298535204517	0.862238025009986
0.499957241445359	-0.0837542052744673	0.861990713305654
-0.509911552642418	0.0565788283931474	0.858364167856195
0.289028605594087	-0.432503836383921	0.854050874750169
-0.498742630955795	-0.151328519851715	0.853437441847251
-0.0197055560905958	0.521623569764775	0.852948147618021
-0.426262619574176	0.301586137552124	0.852845813022584
0.178743769531845	-0.494918208408116	0.850356767386282
0.505759630045383	0.149782826416652	0.849571834235926
0.495750015095649	-0.20295266532147	0.844418224679913
0.393956969161789	-0.376094949300018	0.83865994035716
-0.242716294007093	-0.491370101034086	0.836447382943611
-0.342063266947703	-0.431442326692022	0.834775562737458
0.271599232508735	0.480372087227072	0.833952345589226
0.0686963008940541	-0.547702084189826	0.833848454587279
-0.550744219485199	-0.0524449744625341	0.833024807167988
-0.318343323742746	0.455772445031825	0.831221394442018
-0.138551173779038	-0.543112189316883	0.828150180860859
-0.214896123458686	0.519135024237889	0.827235445766171
-0.511212419229146	0.234336460198664	0.826890733922835
-0.435408557266164	-0.357102184713155	0.826376075363082
0.499998942440405	0.26358955477201	0.824937333482714
0.383355184362333	0.418310409434578	0.82344107499031
0.0840665539781119	0.566071152524696	0.820058695936826
-0.564474223498799	0.139603445788436	0.813559911087944
-0.52061492847153	-0.262050908978877	0.812581945009811
0.492023953821038	-0.317187399104417	0.810743228596877
0.190291368050196	0.554834844952898	0.809905852597497
-0.113052595943579	0.576639145196607	0.809139299983225
0.592273418237595	-0.0211285204842061	0.80545998266289
-0.443086052877583	0.403860857068171	0.800356894062596
0.276581750416083	-0.533110315967356	0.799559832874289
0.585087770489703	-0.138397484429115	0.799073486687602
0.596478496707417	0.0942745564506379	0.797073215565355
-0.035202221895605	-0.604116344330027	0.796118236248195
0.485885351617928	0.375189675496242	0.789397322318835
-0.613894878882256	0.0354964886499508	0.788589295499035
-0.593182038612008	-0.164293411542907	0.788126096504675
0.384211254792786	-0.480889561651638	0.788116070883628
0.165204340537401	-0.59703781005289	0.785018075737656
-0.00797225777921901	0.625173691846639	0.780444936000449
0.592962508472699	0.209086180109548	0.777610720626305
-0.53197200441385	0.336539563091899	0.777011524363587
0.360135723904061	0.518864976571754	0.77529439341149
-0.348851449639031	-0.531155331973101	0.772124782273753
0.582841930068918	-0.253908442692856	0.771897523822189
-0.247981569271461	-0.587300024406124	0.770443912711516
-0.398632288275488	0.498766390644473	0.769626134111708
-0.443375493062067	-0.460196197586771	0.769179843650785
-0.301450203766903	0.56620822659422	0.767161012295281
0.485226760658826	-0.424675720393439	0.764333384884407
-0.533116275032091	-0.366756612557434	0.762414994895368
0.067323569825305	-0.644656400178259	0.761502240742065
-0.140638107030522	-0.634421690552261	0.760085548742826
-0.6073984869707	0.240825145264463	0.757014086681387
-0.651172401392863	-0.0699420428886189	0.755700082242168
-0.20152857233873	0.625593037751997	0.753670740872526
0.280922800176616	0.594412010521931	0.753496345106069
0.110382314798229	0.650834776123924	0.751152340585787
0.580626114800418	0.323112394696564	0.7473096381054
0.463292240244541	0.483903889099407	0.742426647045796
-0.613915970733051	-0.272863377535295	0.740710981475856
-0.660491550687622	0.135269343224429	0.738547978301946
0.672782081743083	-0.0799155566273899	0.735511913088006
0.258809486497983	-0.627305808995766	0.734510089582722
0.679932146609356	0.0317502915700563	0.732587329260075
0.579761833135511	-0.362376716861074	0.729766628393174
-0.0975003081284547	0.676736970230629	0.729740202426813
0.366218177721992	-0.580790387000347	0.727025977991137
0.667458302491397	-0.186502619846107	0.720913439482051
0.679380359980132	0.144844474351507	0.71934859749853
-0.555615668064501	0.425384447904394	0.71438036148981
0.210659166481077	0.668737575098215	0.713030694450988
-0.0355952697996536	-0.700443940990774	0.712819235358589
-0.682499895818921	-0.177660520497435	0.708964478421692
-0.70488037724301	0.0279615477522655	0.708774862438737
-0.487977050255386	0.509825006779247	0.708489139568556
0.468516348694634	-0.528334181901459	0.708064561491651
0.557050927138511	0.436758748292063	0.706354061618163
-0.538110174079641	-0.465258450791961	0.702831426814882
0.0161110003028072	0.712260188164115	0.701730617848233
0.40215803766676	0.591168188118472	0.699134526465933
-0.445385324855806	-0.559357152818856	0.699107636915426
-0.396452154450712	0.595192259530019	0.698979158077649
-0.352214711830819	-0.624357508427409	0.697224855007515
-0.63254136456288	0.337377465242942	0.697185676891871
0.670895804370765	0.256738089924577	0.695689853928878
-0.250928279754309	-0.67477634595261	0.694054667416326
0.184675370796455	-0.69734858311247	0.692531559607374
-0.29526292161722	0.661043072867206	0.689812918792005
0.0751398791874352	-0.723284068144445	0.686450402668772
0.667536683411519	-0.291610792811784	0.68509701635289
-0.624252797041431	-0.375744168595075	0.684926831970208
-0.143329351296785	-0.714805997146143	0.68447723373444
0.565266093359883	-0.468556573243593	0.678917507041819
-0.696036686703943	0.235660722069355	0.678230753384088
-0.190465766173372	0.717079978917677	0.670461852569864
-0.738188431015046	-0.0796979286031941	0.669870196748523
0.320464972843355	0.672567416814942	0.667049676575429
0.124470418307484	0.737558741822816	0.663712450785055
0.653457811874553	0.365154843314751	0.663064724219213
0.505558806191887	0.555028271134276	0.660570898332292
0.749202571449076	-0.0540047325957603	0.66013558894469
0.321893973739766	-0.6789759798012	0.659830196734754
-0.699443758785217	-0.283229336804967	0.656170382651812
-0.745143062626069	0.128853317180737	0.654338321414666
0.754705318537929	0.0709969084258181	0.65221110168759
-0.0786504846456557	0.760217725499557	0.64488999922567
0.433853967659442	-0.629356391326388	0.644733485591361
0.743581064174149	-0.187251314248663	0.641891070442476
0.655441521035011	-0.400251831486284	0.640464584419144
-0.535763742881668	-0.556928848374311	0.634655394416443
0.750953787545075	0.189947080576716	0.632446452715239
-0.575556324798936	0.520001576269517	0.631136496854016
-0.490064013777443	0.603476304311496	0.629010025782483
-0.648860468547626	0.429732985369327	0.627940804249669
0.624081053605294	0.468948939036835	0.624987784766337
0.235123290689073	0.746960922545914	0.621905473818086
0.537645421642643	-0.571135455691093	0.62027549672644
-0.626178287697527	-0.47268827157992	0.620053666973255
-0.784627964870794	0.0202308307407927	0.619636724404109
-0.390462439312129	0.680979729708489	0.619520533326035
0.0106189539560878	-0.784942340594466	0.619477812160338
-0.762656166312515	-0.186558144544529	0.619315453294685
0.428343073796459	0.661431650792367	0.615654434289793
-0.433535671517925	-0.658082070703509	0.615609299588695
-0.333681843202187	-0.715550946088704	0.613712694237909
-0.10078526950823	-0.784099808181385	0.612396783352157
0.0314787247752254	0.791647352416267	0.610166829071231
-0.719171989970149	0.33280533744955	0.609944469773657
0.139389579016083	-0.780319784990085	0.609648733628429
-0.224601303656714	-0.760270685578015	0.609543057582021
0.254517999075301	-0.752841141907005	0.607001485334972
-0.285492024434201	0.744078490119065	0.604021112649711
0.738540421290578	0.303028727046388	0.602272062032253
0.735521613143914	-0.315780485587596	0.599408576448683
-0.706125552437961	-0.38382700363319	0.595032381871904
-0.774007290781146	0.230153407965834	0.589866190435885
0.634085229093219	-0.50393606330366	0.586501804215306
0.583723607759532	0.562296461258819	0.585738371118032
-0.174135416522056	0.794683073344954	0.581511538708999
0.805997006085349	-0.110685444519544	0.581478768789511
0.384305073468949	-0.720381231501395	0.577373788638313
0.816669880864128	0.00991674887388668	0.577019898947292
-0.813421072186386	-0.0876464337961832	0.575034139826464
0.343192755394169	0.743751106870729	0.57363143539517
0.143456001355324	0.809320690105622	0.569579139577724
0.71452956206705	0.411613178025914	0.565704955438502
-0.818329891626006	0.121712257085032	0.561713730423813
-0.775233735829485	-0.289753992198091	0.561297852157951
-0.52614283643407	-0.638870929484368	0.561264332671239
0.818190686232872	0.128745125945391	0.560346940303137
0.519630626444722	0.648628921921695	0.556115575853945
0.496544518901986	-0.666948198030161	0.555539055236189
0.79970651852381	-0.237942469927615	0.551228505463273
-0.0637083609008154	0.83305847851806	0.549504154780022
0.721860204965251	-0.424673947842003	0.5464154852416
-0.656113736336424	0.520763434846806	0.546186973404908
-0.62030219802222	-0.563325902772107	0.545792186088069
-0.575302154753497	0.609828974926674	0.545101873117186
-0.481923425108797	0.686206156609032	0.544858626584242
-0.729592025236014	0.42384777540944	0.536701537162398
0.0739982616400763	-0.842130281864888	0.53417304840324
0.810902521864474	0.242940876267396	0.532369073737633
-0.379959777136254	0.757107670286583	0.53143065714333
-0.048843496273392	-0.846389577066544	0.530319711782344
-0.173335230498398	-0.830955369374867	0.528647398532468
0.598963149187817	-0.603714838131397	0.526090809780016
-0.400505365121991	-0.750314301277128	0.525950474671824
-0.703202569315111	-0.479190154499608	0.525245601922822
-0.293331161461355	-0.798951491708109	0.525007946238074
0.201176392477146	-0.82730489475234	0.524494680839283
0.677332611888213	0.515952327801999	0.524417513350184
0.253702737453814	0.813178261122504	0.523809160521483
-0.85306165525422	0.0123014446151366	0.52166510981214
-0.832468430402082	-0.192080443345967	0.519712820380555
0.318929763674815	-0.7944878277674	0.516790961000447
0.443978113920058	0.732551387085013	0.515996026767466
-0.268866369388493	0.815476908709694	0.512550765069308
-0.794921169883931	0.325911867936614	0.511743869536734
0.0476453721048952	0.857949184483725	0.511520395840378
0.791860013453926	0.353507467078949	0.497986134156537
0.797490968468215	-0.342280057959629	0.496842547629309
-0.776963364840863	-0.388100433411356	0.495687384629749
-0.84031565648242	0.222974847264755	0.494117207712684
0.855644682835473	-0.162979075640501	0.491233139801001
0.869889506335334	-0.0476102393652805	0.490943491529575
0.691096350981125	-0.531845811993404	0.489413798258336
-0.497709558024181	-0.716149478051498	0.489300644734852
0.443441727363323	-0.752128494038542	0.487506064463148
0.618174525932839	0.616661100568036	0.487431372127327
-0.159453305853465	0.861196680641273	0.482612598783801
0.874839725424885	0.0697703812133863	0.479361605391848
-0.877408545311149	-0.0929215026729901	0.470658941225987
0.358882990115546	0.80618223771416	0.470396852667952
0.159035459220198	0.869113939519711	0.468346754918991
-0.599549436150091	-0.65067899888174	0.466001409897401
-0.880047037286148	0.112099437926445	0.461466063953188
0.759043939867881	0.460997248131526	0.459710598708584
0.554475559905119	-0.693815304976643	0.459540178926797
-0.840061595907991	-0.291844308441091	0.457300136355829
-0.651888745361888	0.605838042570146	0.456071627976656
-0.728622587394023	0.511014490853565	0.456040914038324
-0.561976025110864	0.691406638448952	0.454026218966828
0.87197053134163	0.18338395756754	0.453913776590513
0.544506898612715	0.705953122648392	0.452926512787833
-0.470886737594181	0.757797607652014	0.451672963763378
-0.688024913748525	-0.571410297946023	0.447338786002926
-0.0498339009537013	0.893407136021193	0.446475387476338
0.00979458304019896	-0.895048577295223	0.445861088709101
0.770577250173481	-0.455768523883661	0.445517400504161
0.136054362190395	-0.885396734008096	0.444479284035557
-0.117159554828745	-0.889182197192388	0.442299286579175
-0.361178972803799	0.822861510406281	0.438689735800015
-0.239109079982945	-0.866575388298125	0.438034181617901
-0.799489275230306	0.413504410559336	0.435695996354907
0.86336988088344	-0.257836787723876	0.433719540347847
0.261929231868871	-0.86256213369443	0.432873703300507
-0.355118861426725	-0.828591635129247	0.432812310884092
0.65361575323983	-0.626630167865277	0.424406738681025
-0.766159285060547	-0.483346530245315	0.42352813556519
0.707736416100949	0.566476433433385	0.422153545157654
0.85762231323377	0.29410657427067	0.421883029777601
0.378968639368516	-0.823791278399852	0.421604909847493
0.267606954873946	0.868176113457554	0.417919554130732
-0.910423662955289	0.00567478856758619	0.413638188161812
0.46249086853017	0.785161057427725	0.411854720047234
-0.45849510027706	-0.788108217101244	0.410691710604715
-0.891233576210582	-0.192611397348857	0.410613641086384
-0.25428272679062	0.875744547197099	0.410380046920504
0.0606557815264054	0.911713092653575	0.406325131946666
-0.859936744813811	0.315555534973905	0.401165177036042
0.907397114579487	-0.127511097844024	0.400463976381688
0.918913101185444	-0.000357614489860975	0.394459864348232
-0.894133454817484	0.212144133538547	0.394360535020088
0.83773781655272	-0.377811530912586	0.394276296303709
0.498525078094586	-0.773657045531436	0.391059487048144
-0.834997398451883	-0.388504029394631	0.389671610106154
0.829745628651702	0.402512311380229	0.386660097399171
-0.562994540135548	-0.730591419658888	0.386359062658523
0.639901331025944	0.664455997099599	0.386036934074452
0.740915767288693	-0.552714344907711	0.381511046650354
-0.147605147191916	0.915041078994605	0.375383196580297
0.921328949329797	0.116252530698146	0.370996383045885
-0.629809602826148	0.684723841132157	0.366733044015936
-0.659116385906792	-0.657879655145859	0.364362387156434
0.373116786911808	0.854089368067023	0.362374412285805
-0.721882238530478	0.589672220208319	0.362177727654279
0.170701375655502	0.91686933411712	0.360848534020784
-0.451038315455147	0.816747033465411	0.359845413082945
0.0684007518084687	-0.931750852187523	0.356597373237466
0.604918970667764	-0.712087427144602	0.356376956366198
-0.929868410331959	-0.0934028248711065	0.355837957183903
-0.789024945493229	0.501432903188967	0.354971377703741
-0.0572108226787142	-0.933958469467734	0.352772588331226
-0.930258019426523	0.103541616260413	0.351993112141168
0.785785340209937	0.508914465404719	0.351493194831682
0.196478995039599	-0.915918702997101	0.349984191083451
-0.180747534880457	-0.920212132813881	0.347188650817919
-0.89244518139983	-0.289299378732079	0.346189930040517
0.56152382960777	0.751588127908783	0.346130430284878
-0.743228918525776	-0.574160446003041	0.343439306009949
-0.301703309574999	-0.890055857110437	0.341724573618722
-0.546520874974777	0.765080123174818	0.340539774974393
0.912048876137869	0.228676976769093	0.34040224416328
-0.0392058692669167	0.940618709291127	0.337193332594998
0.320814673315896	-0.885929310952243	0.334973433843488
-0.347829637777687	0.876119183585746	0.33381090341163
0.893425953322698	-0.301079862136686	0.333378137473323
0.815584164975704	-0.475185085000668	0.33018419834055
-0.855470406166197	0.401636813491639	0.326891808129422
-0.412363068526995	-0.851627780563119	0.323553431581456
0.433856374167497	-0.841838174331503	0.321056279852046
0.92652042035587	-0.200119088051137	0.318609888831411
-0.8168303469439	-0.481944593123729	0.317045096903124
0.726298966128576	0.610274061001753	0.316315320952037
0.699592195916494	-0.641219976326424	0.315289868807544
0.948938862275569	-0.0691008978103805	0.307798800493029
0.889466569865639	0.338504561113675	0.307024238777156
0.278614144177974	0.910024055425074	0.306969668227462
0.474901322474267	0.825892587311892	0.303924609295565
-0.518668833331347	-0.799709874061	0.302401651219102
-0.245235476113579	0.922075416871907	0.299393531753519
0.0700919467774423	0.952693065974144	0.295741510515066
-0.955727099883732	0.00400991141765503	0.294227176104204
-0.937095451852153	-0.189516957071804	0.293147466474219
-0.932782498413973	0.210296878253784	0.292732016782074
0.545009773486913	-0.787825735781266	0.28687097595339
0.957771635049444	0.0472159179145025	0.283626783273735
0.653045659013946	0.70339653863018	0.280650452852159
-0.618805071077255	-0.733972158832596	0.27993776820517
-0.69806883327655	0.659143234663159	0.279696442962194
-0.88069075339493	-0.383226610077606	0.278426224003951
-0.908554037599193	0.315053179945001	0.274355708103089
0.852288992377794	0.445833508895745	0.273561612470305
0.878107646336474	-0.394879762812703	0.270179448453063
0.780417515939178	-0.566298807357875	0.265055016176588
0.125559059424347	-0.956521407448885	0.26325219787967
-0.139875400332477	0.954712420806757	0.262600582518645
-0.446732644117004	0.856175159118536	0.259603623989687
0.00289986971538777	-0.966093644250128	0.258175640398434
-0.709246492145025	-0.656216421651682	0.257583814193823
0.953872427241114	0.159575200699448	0.254289496186683
-0.831666293564384	0.49379688180043	0.253960263964765
-0.620528360911578	0.742046541215956	0.253597089837064
-0.118907604845173	-0.960124830253454	0.253024291009302
0.25537675093516	-0.933651069080461	0.251154128548016
0.381640315987849	0.88987511319632	0.249945898399096
-0.244162905232858	-0.937046904888338	0.249654909319717
0.179256927939489	0.951732612133735	0.249142506985047
0.647417665641442	-0.720882023569791	0.247344848964578
0.800772987636891	0.548669163609539	0.240259799332091
-0.773832869137993	0.587356198343428	0.237055662048425
-0.965234934504744	0.110956831863179	0.236664536157214
-0.788226223006186	-0.56877520605734	0.23493442987317
0.570653952105072	0.786893160998616	0.234847227193484
-0.359404681289304	-0.903600906211194	0.233095854449716
-0.96805008140036	-0.0939756903593998	0.232481417584783
0.376020846812751	-0.897959732745629	0.228640856212575
-0.931634987774607	-0.282853841564538	0.228144589824943
0.962703742857903	-0.147450706742793	0.226847509504591
-0.0325018188814996	0.974172629485973	0.223453171223367
0.930160860221267	-0.291956562346785	0.222625559662589
-0.346112383187295	0.911428893545828	0.222494022873063
0.936941532278455	0.26969878405713	0.222268151046896
-0.539726757908607	0.81328714431446	0.217391461861536
-0.46882390092748	-0.857215816975034	0.213038008456155
0.477204586683707	-0.852693475232127	0.21257850254574
0.84835376146972	-0.487031589722204	0.207596064540827
0.735733564551106	0.644939619910531	0.206758333961616
-0.856439871912638	-0.473131192190294	0.206537214019304
-0.888947687288883	0.409924095829907	0.204289610410758
0.733972556752176	-0.649750096412839	0.197760203646185
0.980179411866466	-0.0294948410581923	0.195903994099304
0.480560881577918	0.855473057039359	0.192943224231347
-0.571799431019895	-0.797661026623083	0.191787114509637
0.284887469014387	0.939318096871074	0.191103749018906
0.906354505270706	0.377440207475868	0.189895762343629
-0.242520013945423	0.95225883114906	0.185437755957457
-0.956612564740496	0.22587925672096	0.184040654106092
0.0758835839349753	0.980425357105426	0.18168049106572
0.585264111379256	-0.790968169322848	0.178424423915315
-0.984505152272697	0.0139916052392603	0.174796567847718
-0.706770967823276	0.685914300539139	0.173194605453094
0.657954123732876	0.733099768358179	0.172223984090742
-0.666642300771691	-0.72590862932912	0.169247465822519
0.182120985616653	-0.968816587760805	0.168007041154615
0.982550997967481	0.0841434169710176	0.165871702751099
-0.967264065359422	-0.192134571181768	0.165784602485156
-0.914058942610824	-0.372213185101865	0.161101192638375
0.0625760860544222	-0.985389791076087	0.158401998400069
0.862283368672633	0.481222756172902	0.15777214916433
-0.183777295619333	-0.970416225086813	0.156583063270278
0.906384121806988	-0.393051239948711	0.154850077529704
-0.0546803255793766	-0.986633494437413	0.153507034525301
-0.447578868509319	0.881454923091821	0.150699618516805
-0.136248001122505	0.979669154838704	0.14725769673515
0.313446860790154	-0.938151163567196	0.147049174626432
-0.751372688486781	-0.643489129738719	0.146153422485595
0.964750922387855	-0.219226746774097	0.145586026975906
-0.841987947758277	0.519717493218394	0.144741227964232
-0.933746688495303	0.32773247246177	0.143904649744725
0.807133996885706	-0.573081376184211	0.141818360384384
-0.301688733437731	-0.943035773235832	0.140240645015038
-0.625254287173795	0.767974322848548	0.1388254869111
0.183942640643452	0.973687811005729	0.13452565425221
0.971517296501353	0.195211808188674	0.134337234385746
0.383899806046957	0.913704910970377	0.133282686744095
0.676369592880498	-0.72514645623221	0.12917736195068
0.805341054953314	0.579302229278083	0.125836053498697
-0.824784702841006	-0.552081139662321	0.122215421239001
-0.98432648327192	0.127471572653106	0.121870310145162
-0.413367381881456	-0.902545110239203	0.120580809334554
-0.780532045413773	0.613754753059669	0.118637385249577
0.571497449780269	0.811990188241553	0.118585830072977
-0.989960481293732	-0.083839538273265	0.11379445196849
0.988168610789657	-0.107415958601933	0.109474236638883
-0.345563336349944	0.932009693731013	0.109288203215715
0.512680386899238	-0.851790133902762	0.107760793773812
-0.0281230909109856	0.993822630480633	0.107357677425363
0.947259265305729	0.303693806576063	0.102322803615769
-0.519098674908366	-0.848830156203123	0.10011958663798
0.41641586162481	-0.903739985205092	0.0992565833018953
-0.95193857425042	-0.29069721901079	0.096478379513087
-0.539138800745223	0.836759468764234	0.0957232728462629
0.7359990214497	0.670392553632472	0.0942298490883689
-0.887206344424596	-0.45211261603119	0.0919732832847605
0.870015663221173	-0.485248986630996	0.0872133402835481
-0.896392667475821	0.434651864993425	0.0869364247787956
0.946587661717316	-0.310520878695542	0.0868825792589735
0.47950512949982	0.873877824555735	0.0800773284587851
-0.617739768257998	-0.782467227416716	0.0783748475682814
0.997031789074538	0.0052747799879864	0.0768100792273064
0.75406306409922	-0.652568876813475	0.0744496902323702
0.910068252356039	0.408400183438103	0.0706050013904775
0.236241934670845	-0.96914077646011	0.0703981797014056
-0.240779917542773	0.96805612656977	0.0699454581715492
0.28627716780313	0.955625963094619	0.0694579142654101
-0.969299265146082	0.236795861434644	0.0662318246365801
0.0810383581611941	0.99455942653292	0.0654548057903123
-0.705984424433918	0.705362676451088	0.0636355806641735
-0.12209089228985	-0.990549116015831	0.0625001022409019
0.654405212040767	0.753583976417372	0.0621691960770056
0.607013517322316	-0.792403802712515	0.0602561468626658
0.124087866114902	-0.990663438996115	0.056463723924672
-0.997985240358219	0.0299855690586849	0.0559135553812703
-0.707668978176784	-0.704370918090714	0.0553735232242984
-0.98237529119629	-0.18080981201262	0.047398302996689
0.0129048525538832	-0.998840123101252	0.0463882880007237
-0.240492529712342	-0.969583297254655	0.0455145343527779
0.992109595691187	0.117035577258696	0.0449580225676531
0.860598896286782	0.507766903174528	0.0392722771242239
-0.441669608389733	0.896386743585802	0.0376664698173432
-0.787520176463822	-0.615474229212756	0.0316771974352963
-0.842518362015103	0.537768805185564	0.0311050130473933
-0.13413104666025	0.990488580457849	0.0306795421155668
0.979629776288531	-0.198481387836441	0.0305063942707606
-0.353096669488601	-0.935229733805269	0.0258473790273646
-0.938538159243244	0.344231677302532	0.0255083512950043
0.916842718988831	-0.398543645092673	0.0237147969296366
-0.621116369885561	0.783390096011263	0.0226806642682181
0.33726098437919	-0.941152332395968	0.0220752268665604
0.821458621376918	-0.569938871415764	0.0193756603722043
0.190942875015084	0.981437902713822	0.0179014412176632
0.973833078810728	0.226906198786213	0.0127558444020728
0.37611725728326	0.926487348895304	0.0125300084065803
-0.922571611808505	-0.385642944515232	0.0118802538137106
0.79958144574721	0.600495506969315	0.00864047026885349
-0.856816214973349	-0.515556761655583	0.00819751608427658
0.688405686451852	-0.725295933083941	0.00658940912762504
-0.460421878858525	-0.887680764558298	0.00587823966695964
-0.990503410930234	0.137432941634904	0.00389608638871846
-0.776993180440703	0.62950090096448	0.00319581500555546
0.518764689214647	-0.854916491586107	-0.000994805575360039
-0.997736990066116	-0.067145654533538	-0.00351564091881119
0.564356612091484	0.825518480501343	-0.00456647997651471
-0.337969380998965	0.941133868704552	-0.00661352284183989
0.996480970557434	-0.0834882970264085	-0.00744174553071081
-0.0265467767546257	0.999602951805861	-0.0094449661168535
-0.561572926114884	-0.827303773630025	-0.014293872543437
-0.96057186413538	-0.277539882597658	-0.0165320113464482
0.942482029214241	0.333698636282198	-0.0193091882689995
0.727733645050362	0.685541754053672	-0.0208864863183985
-0.529249945397324	0.848126722011217	-0.0239908046434066
-0.892265119533654	0.45053809024016	-0.0296375725447207
0.470635050535708	0.881774106878791	-0.0312581772559304
-0.0626650028009635	-0.997515737408474	-0.032178425169401
0.955654291092066	-0.292682183717302	-0.0325885754796319
0.426344162663519	-0.903881997869636	-0.0350426724143397
-0.655518341053455	-0.754316460998828	-0.0360885190708911
0.224893405598448	-0.973602934474655	-0.0389907950761826
0.874710902480049	-0.482928715049046	-0.0407516044299528
0.99865000683807	0.0309564770709478	-0.0417116335052813
0.760194061666809	-0.647933060167998	-0.0478303057470229
-0.696900231521241	0.715558794591608	-0.0480174841932209
-0.231517248843909	0.971639490369995	-0.0481296607227261
0.644915336484009	0.762736617947968	-0.0481358536749109
0.0811106766826302	0.995437937589225	-0.0502431143162498
0.898528367623995	0.43593964046364	-0.0510235479694522
-0.967162485129462	0.248973585004835	-0.0510772094778479
-0.177872806228492	-0.982684935006051	-0.0518804714372829
0.112003620911624	-0.99216559312332	-0.055340985941127
0.606562193952454	-0.792971135359752	-0.0572632810258928
-0.74053092000185	-0.669448773913546	-0.0587562390462742
-0.996896464962408	0.0380685516682461	-0.0689073546099061
0.295269006048946	0.952919499361053	-0.0689974043305104
-0.289115175524999	-0.954651772490935	-0.0710802965741176
-0.984310074029786	-0.161388263015963	-0.0713267602248061
0.98677869973256	0.143721853819087	-0.0749121251128545
-0.428826256392959	0.89999993172685	-0.0781547485420219
-0.815675679246027	-0.572879917488033	-0.080509542449559
0.842508000710951	0.532394161473515	-0.0820775582418815
0.980626642304066	-0.177224503135724	-0.0834437768305649
-0.832385244092358	0.547489688683684	-0.0859642146613829
-0.882889865143311	-0.461634615035629	-0.0860172554092049
-0.123100165623649	0.988425871527228	-0.0886602826471309
-0.930214432543223	0.356074183192222	-0.0889510289557198
-0.396532792870075	-0.913549807588084	-0.0904902935923668
0.189904668008298	0.977525529679399	-0.0915426452188733
-0.607287293594572	0.788956730339027	-0.0935383380830056
0.324500565672719	-0.94097077052328	-0.0962984522145125
0.919114944164422	-0.381811255264995	-0.0972002302805906
-0.927523793384488	-0.358948885223991	-0.104188821387441
0.819777887961087	-0.562906205974862	-0.105360418018561
0.0169173570579525	-0.99415800608581	-0.106600478261877
0.961247561617756	0.253731781596858	-0.107811447868967
-0.498936207768222	-0.859675854641685	-0.109636150625392
-0.764157534144897	0.635637232520891	-0.109674845077503
-0.982936286925063	0.147173029492012	-0.110346523443715
0.77477881638271	0.62226675518762	-0.111811766254168
0.684464583562265	-0.720370960572355	-0.112133460719794
0.395012293526793	0.911662345766264	-0.113300729365061
0.512208799163599	-0.851057407537057	-0.11551378764324
0.990582850526112	-0.0605555259101307	-0.122795132335569
-0.323481488537737	0.938089217194692	-0.1238884464204
-0.990113149408584	-0.0633599505217982	-0.125145787136806
-0.595094761018749	-0.793320517714435	-0.128470936718539
-0.0133302580959796	0.991487094771591	-0.129520828905953
0.508310155668565	0.851313374621626	-0.129947388717659
-0.959560301401924	-0.249709401807493	-0.1299586188846
0.694734905250958	0.70580248552786	-0.138514486060621
0.922498771465072	0.359602552869085	-0.140292624950385
0.598304340989066	0.7884103513706	-0.142972142060355
-0.512188486190579	0.846836352766221	-0.143286936764686
-0.100044960994827	-0.984270882669512	-0.145608500124555
-0.876483971593064	0.458720171521206	-0.146122044127516
0.212189644302662	-0.965890146234256	-0.148431062309337
0.950991486723143	-0.271123770927843	-0.148684541960396
-0.684453013333794	-0.713604610625601	-0.149306839200933
0.413195201464359	-0.896835736170191	-0.157972743898747
0.985840348364048	0.054945921380231	-0.158429016474666
-0.678230856268428	0.717208470898738	-0.160046602202264
0.869828391565711	-0.466197618990736	-0.161425986983436
-0.214793913374884	0.96233877390718	-0.1666363076041
-0.214200653156823	-0.962419660714946	-0.166932551818149
0.751139474228263	-0.638398192776292	-0.168039393345884
0.0984734442136379	0.980718114745792	-0.168804502884737
-0.951072229360607	0.258697281234024	-0.168929959513312
-0.764774166780978	-0.621505159428614	-0.169858207420409
0.871081558029781	0.460034577481486	-0.172003217358981
0.595561647151416	-0.784629716524827	-0.17222814052431
0.104506679475091	-0.977748155812916	-0.181898042181689
-0.835867783106591	-0.517583404154	-0.182845478229103
-0.323773547067127	-0.92756213635392	-0.186545365587366
-0.980130630408683	0.0486971805835893	-0.192282427532751
0.966771775082543	0.168111705373251	-0.192589691884704
0.220490248568779	0.955997697165216	-0.193526363322627
-0.410544305256604	0.890738786444231	-0.195032786334069
0.968272354039461	-0.154646200014653	-0.196298755023837
0.32625472521886	0.923947751131007	-0.199695787267335
-0.91120514359458	0.359581888397084	-0.201012566332475
-0.887646362654746	-0.413978547839538	-0.201756528505192
0.807422371830248	0.554291195569662	-0.202065296332576
-0.428424348172939	-0.879916505007231	-0.205425222668621
-0.81079007658437	0.54759780880992	-0.206775461549204
-0.103798530781813	0.972710648738606	-0.207508695813106
-0.962584476677416	-0.171115664458343	-0.21012033370582
-0.586861432676821	0.781827526592908	-0.2105691750901
0.305576776223051	-0.928052028968319	-0.212937233383252
0.908068278598695	-0.360060463532044	-0.213935653886612
-0.74217740510149	0.633588483783572	-0.218491035453754
-0.962661649783957	0.156920159136691	-0.220586970811392
0.436297371337119	0.872207437822238	-0.221130706081012
-0.927176041400959	-0.30237100369196	-0.221170441918362
-0.0109133790922683	-0.974727215814424	-0.223131694089948
0.807509379841856	-0.545769179654643	-0.223751210067162
-0.526699210770298	-0.82007101563475	-0.223766554001566
0.933721350868675	0.277564560094376	-0.226102529644388
0.731103848782523	0.643067039959658	-0.227929691819441
0.669313783211812	-0.707101167360892	-0.228094275946496
0.496107317458442	-0.837352520948071	-0.229604628058974
-0.970888958851512	-0.0589498105358394	-0.232162764925852
0.970964798430864	-0.0375018097889766	-0.236264628056472
-0.618558243551343	-0.748318149239566	-0.239594755479639
0.639526751751295	0.730422329605067	-0.239768125923244
-0.303463934293776	0.922080736390336	-0.24015985543133
0.538983478906319	0.807067140173386	-0.241121215819748
0.0102135567796366	0.968980121381625	-0.246927535170058
-0.129586915148003	-0.957825620379193	-0.256470880155309
-0.703847397733515	-0.661608202256272	-0.258598970243471
0.887302798492456	0.381727362064273	-0.258801013983538
-0.850887774412406	0.455497703127167	-0.261747660546139
-0.490747625024893	0.831045294040506	-0.261783284007127
0.93265988031122	-0.247786163632383	-0.262197568200407
0.192731053381288	-0.945468235537164	-0.262572954914973
0.958938039436656	0.0781382099269914	-0.272639426112198
-0.655090107291503	0.704356560522211	-0.273383955231699
0.392469027889637	-0.877904303831695	-0.274321153871061
-0.778507146564698	-0.56409857440355	-0.275171621181354
0.130884770664819	0.952075404654687	-0.276444570682139
0.852138522447639	-0.443868758205055	-0.277201125629493
-0.242929852683355	-0.92897491626467	-0.279268135716004
-0.192334346484828	0.939644849529152	-0.282975362736036
0.732431989949362	-0.619092263442652	-0.283316341647057
0.575601349487566	-0.766727967663002	-0.284273301721172
0.828228524375586	0.479722392364806	-0.289661764260364
-0.924091697466186	0.246622497421017	-0.291944992147295
-0.834849314781129	-0.463892802295353	-0.296361417171743
0.0781894895722031	-0.951676448275807	-0.296982055884835
-0.35074452105647	-0.887429327381351	-0.299077698687731
0.249849547155443	0.920876307210249	-0.299269160798495
-0.884917387053225	0.350881357324778	-0.306273556110896
0.942505690298639	-0.131557731968217	-0.307206098432413
0.93229824232215	0.190640084512556	-0.307370046588921
0.361341463731515	0.879388979499046	-0.310011885778583
-0.387788759194684	0.867968918824864	-0.310241573932708
-0.881551673274756	-0.354823352183448	-0.311395305185832
-0.921330371250064	-0.232716713115139	-0.311437439061372
-0.949183300219457	0.0145252737365314	-0.314388420600026
0.756723565541041	0.572466551179857	-0.315676247340681
-0.451256705678134	-0.833712993474782	-0.318260946538899
-0.938778302386588	0.126103726472985	-0.320613707033531
-0.0780955596346708	0.943581170161802	-0.321800650840599
-0.720531332057101	0.613647610845481	-0.32291052820813
-0.939096744937784	-0.117306464780375	-0.32301160500513
-0.563942590718966	0.75835864610386	-0.326895882893469
0.28076008495683	-0.902314014613767	-0.327113426393077
0.883209754420877	-0.335779535651951	-0.32740286060628
0.468058308347416	0.8202897959174	-0.328703621368469
0.671976337747435	0.66300997081982	-0.329947844516442
-0.78446494077423	0.524332736424138	-0.331194713439178
-0.0407007190468858	-0.941914124719307	-0.333378513289816
-0.544724536052421	-0.768829184357201	-0.334928149165035
0.574885969412318	0.746109319406493	-0.335897314171517
0.783671427710078	-0.521601559958767	-0.337329076777304
0.645467519952956	-0.683887329902967	-0.340102632574302
0.891421398997544	0.298136549267973	-0.341295308200753
0.471855247831048	-0.812655228690217	-0.341970911594468
-0.632377828809476	-0.693399123859443	-0.345392438627671
0.937778026977219	-0.0145700741351804	-0.346929510215562
-0.278808750063222	0.89308838006051	-0.353070568426593
0.0416192489362464	0.933881447440293	-0.355152474642662
-0.711749949538841	-0.600745278859096	-0.364029008816556
-0.157881238237995	-0.917525940760555	-0.364992688480052
0.900512135837124	-0.224033869438672	-0.372675084429315
0.164284624305182	-0.9129858863477	-0.373453254834939
0.837287714853527	0.39926931306069	-0.373541561547578
-0.466243402320723	0.800608821270165	-0.376354361070511
-0.823827759858557	0.422790246275987	-0.377566192528307
0.161229836471975	0.910717593671855	-0.38026096881979
0.918045983816697	0.100354487745696	-0.383562965349017
-0.633278556798349	0.671823001424583	-0.384203233011209
0.365705975740993	-0.847284681266009	-0.385185420543517
-0.270093554663627	-0.881073067825073	-0.388277891313014
-0.769638932003864	-0.50634992460151	-0.388928872931794
0.820991848373938	-0.417554362256407	-0.389385078635776
0.548132555113849	-0.738699799965792	-0.392266883071795
0.703459679102781	-0.591361129463692	-0.394254352463026
-0.164681964813926	0.903940815215966	-0.394678163890175
0.280285272594741	0.872594386302144	-0.400024002980417
0.770872278821142	0.495061307700923	-0.40083691367257
-0.822710112557135	-0.401741650662469	-0.402183685421501
-0.894262654355859	0.196316990994821	-0.402186454360603
-0.862464756900463	0.305061476320941	-0.403846553494659
0.0485334263262423	-0.912930666815637	-0.405218588068948
-0.866609412971603	-0.288945732562539	-0.406815055010149
-0.372936091909929	-0.832333402355096	-0.410048507709683
-0.909937981709905	-0.0478454150665159	-0.41197534598422
0.391627435012299	0.821909465195249	-0.413633633990451
-0.893469925597556	-0.173106895772357	-0.414421880079656
0.903464946228458	-0.108291924663398	-0.414757700337326
-0.906169464267793	0.0715452257729132	-0.416819124678468
0.692684005124393	0.587950299495455	-0.417735938564106
0.883310314233136	0.210646816000107	-0.418796857292859
-0.361567051544899	0.831917067847532	-0.420931418952177
0.500747463429732	0.755008615822811	-0.423336707482368
0.603136949463841	0.675124381470947	-0.424773927795625
-0.699627264570109	0.574108273483647	-0.425348540596735
-0.0472906483986193	0.902394641601813	-0.428307722767608
-0.467323297721573	-0.773115823953216	-0.428836633416239
0.249066589630049	-0.86466443288547	-0.43625824053295
-0.539762262207424	0.71938439029082	-0.43719880981383
0.843594566752089	-0.310776878148929	-0.4379108801507
-0.0691419695358924	-0.895602511881946	-0.43944911964805
-0.554416788990304	-0.704918182989127	-0.442393918783914
-0.635505087564482	-0.630241339815101	-0.446014727635452
0.747180419128642	-0.491490531739302	-0.44739074474263
0.613183389456295	-0.650458188734979	-0.44823015918443
-0.754089970524537	0.47850448804337	-0.449868615571986
0.440298599475411	-0.775659916710597	-0.452204419381877
0.834469441822513	0.314087802094431	-0.452779861787064
0.891068506461498	0.00807621432331864	-0.453796971733702
0.0725547755584446	0.885809684003395	-0.458341584704541
-0.250362559903718	0.851853024911719	-0.460070660385133
-0.188020013964835	-0.863169633184626	-0.468600745514325
0.190945955053048	0.857244289585593	-0.478196476588621
0.854978511272205	-0.200068042658931	-0.478523273801168
-0.69000049310572	-0.541047639211955	-0.480798057002141
-0.795041250481423	0.369039793256403	-0.48137204013757
0.132218415234198	-0.866357241130956	-0.481605047121515
0.773247365654587	0.411984083370516	-0.482034881059035
-0.439410065005649	0.756661767654911	-0.484129904200388
-0.608656515241927	0.625536432831787	-0.488099802964145
0.333082234237647	-0.80618476786905	-0.489001375551422
-0.749925964901949	-0.444166569750467	-0.490231685514089
0.862896481988558	0.12063113475955	-0.49077264664852
0.514781556726458	-0.700001129554838	-0.494973097729801
-0.297191516228544	-0.816219952670809	-0.495441410808424
0.308493453132511	0.811801864863437	-0.495791812738598
0.773855693350693	-0.389824131141815	-0.49918384654178
-0.82846822214393	0.252960002548851	-0.499651520570249
-0.133131560942357	0.855837625968288	-0.499817912302086
-0.854850937838706	0.138991414610055	-0.499911252864927
-0.797078681499446	-0.338487745208539	-0.500091613449719
0.701042543075954	0.506469256627965	-0.502024147714347
0.663798383012728	-0.554213778581227	-0.502213893018111
-0.833429765097066	-0.228156535232417	-0.503328344205836
-0.857322120423994	-0.106774410022492	-0.5035851538678
0.420428321733463	0.752865503291228	-0.506392693705616
-0.861886416241263	0.0136461589875517	-0.50691773281636
0.0237695183521664	-0.860737283855283	-0.508494186966514
0.525855300890314	0.679719398554847	-0.511329386749671
0.618597172788639	0.59616861377031	-0.511781713011602
0.851431564759526	-0.0847003950358537	-0.517581040622544
-0.398572491632789	-0.756658607303658	-0.518273789523374
-0.332432139519639	0.783667463469124	-0.52474201214908
0.819561454358034	0.225470871539202	-0.526765515782778
-0.667966282190063	0.525261567868786	-0.527182445816635
-0.0161631236533868	0.848805280734781	-0.52845846462188
-0.494612363362372	-0.685399905202718	-0.534402077051721
-0.0972276920941661	-0.837703489134585	-0.537400818925487
-0.511571772206251	0.668393130351037	-0.539949020909657
0.210138891960426	-0.814733322648382	-0.540417670928673
-0.586643751790885	-0.602115289330507	-0.541577590783772
0.789342802673808	-0.284885591974919	-0.543854888138516
0.574590372404418	-0.603348079239354	-0.553007232519009
-0.716959059217673	0.422716421133858	-0.554328904811478
0.102994364271549	0.824840296517448	-0.555905249273029
0.830341088425915	0.029591679998726	-0.556469234860759
0.693033714640981	-0.457713870942322	-0.556958061902257
0.763581805466479	0.324486644163428	-0.558257327869603
-0.21909436906054	0.799500654030564	-0.559282005477258
0.39975798350996	-0.725666511321463	-0.560001490146756
-0.206865899377393	-0.796060054945476	-0.568766110624559
0.218435942143562	0.792224532545312	-0.569794725504911
-0.659444225131032	-0.484360194374105	-0.574916094788806
0.796985225481921	-0.175242245086407	-0.578017911401202
-0.753932269204531	0.31192074044435	-0.578179544028285
0.696992582091256	0.419655034402187	-0.581455924908039
0.295574007940273	-0.755901075768451	-0.584165703788079
-0.408515515575275	0.701295587054295	-0.584208501403771
0.333173268775037	0.740023404619418	-0.584261014949005
-0.711424665033502	-0.387994666135747	-0.585948022466311
-0.574430027096715	0.570512304504023	-0.586980284489332
-0.804837964577871	0.0800684731112934	-0.588068780320616
-0.79116560146985	-0.165289563022057	-0.588843231604837
0.475765034363559	-0.653015974514567	-0.589251872382117
-0.783405704320597	0.196270939265046	-0.589706046126345
0.44221690583974	0.673985776722659	-0.591766322939283
-0.804689887054208	-0.0455263313696013	-0.591947243278243
-0.755490046622863	-0.27982733259417	-0.592394677041427
0.620942473785908	0.510631148305637	-0.594715288712762
-0.308088381309942	-0.74243786035271	-0.594867693539253
0.79235778690561	0.134892723275037	-0.59495637717188
0.106917751205279	-0.796178079228765	-0.595540981488933
0.536052409420832	0.596071522908523	-0.597784705334316
-0.00259580359506997	-0.801010809718508	-0.598644255395302
-0.0996272905722198	0.794447834216798	-0.599105200846628
0.710829168950204	-0.358614472221052	-0.605076485151404
0.605841868712901	-0.506457571898441	-0.613560394729969
-0.403447513153167	-0.678762617228835	-0.613605258764286
0.786052711396196	-0.0613297804111304	-0.615109577995182
-0.299922399601768	0.72436993491529	-0.62075337422195
0.0143173889408771	0.783236106557021	-0.621559501382864
-0.493318885934061	-0.606517551917662	-0.623516588389261
-0.625938744711599	0.467982002408214	-0.623853775568334
-0.574970511219666	-0.526059545052699	-0.626634076863637
0.741456262779786	0.234165747173121	-0.628815563766902
-0.112879129038833	-0.765318834429726	-0.633676087519926
-0.475459477264249	0.607486404976284	-0.636316393980697
0.721163379225226	-0.256117350927462	-0.643682594931968
0.195685208719285	-0.739646138545629	-0.643918386771981
0.132594930348293	0.750022726366379	-0.647984949192399
-0.66849768093706	0.362414404350117	-0.649435639691357
-0.18520305596079	0.737100808919687	-0.649909397956921
0.507769539722089	-0.56245571252262	-0.652543995437159
0.680060501971902	0.329124492606717	-0.655129591778677
0.238724355567974	0.716758324684537	-0.655185611910145
0.753061293787481	0.0436399652757186	-0.656501516548027
0.305829748452117	-0.682233492457541	-0.664097603316637
-0.215003622012181	-0.715722441827281	-0.664465822135675
0.35237397635116	0.658461591269716	-0.665027002168352
0.625425548734264	-0.405238275723647	-0.666801936769061
-0.701511838285969	0.251226157868952	-0.666908208336833
0.401389101031417	-0.627569192299663	-0.667115955774961
-0.744159884939771	0.0207129686705117	-0.667680341612123
-0.66484250769736	-0.332825561194959	-0.668738802354063
0.726620198258868	-0.150160197209264	-0.67042896913567
-0.733336758510049	-0.105436905607971	-0.671639976143313
0.609791074267679	0.420317484466438	-0.671928610787839
-0.727181510924858	0.13676411298153	-0.672683155407816
-0.708456639156803	-0.212161008903828	-0.67310986973566
0.445713711006749	0.586069032247465	-0.67665528687886
-0.371993956857242	0.634966038107089	-0.67708096008696
-0.59840825281471	-0.426617410168908	-0.678163069109502
0.531467485250477	0.506343851309673	-0.679086309950673
-0.528112387346789	0.507664362316475	-0.680715947781953
-0.00386069909612035	-0.731498034727489	-0.68183261889727
-0.313056570842042	-0.655791906251684	-0.686973477761262
0.706715416383687	0.142901102175399	-0.69291600879377
-0.062967448490637	0.717433571622925	-0.693775302773854
0.102556035191194	-0.708677066661453	-0.698039450771933
-0.407148637155993	-0.585856648147966	-0.700715330988874
-0.497276239506587	-0.505625342482898	-0.705024364586954
0.0465072406956855	0.707247316193947	-0.70543483774147
0.52902788407425	-0.467660837022491	-0.708112165823569
-0.264334449875709	0.653973212479894	-0.708834491237294
0.703191442091258	-0.0507641926917214	-0.709186006989686
0.63801577777775	-0.297782480713781	-0.710113696168859
-0.572648573387383	0.403575872246825	-0.713582599800198
-0.1090708628216	-0.684786920126386	-0.720534815888289
0.649543375333394	0.23739818912962	-0.72231260778037
-0.425339617096018	0.538479947974936	-0.727410170232396
0.253824763189722	0.637070149565976	-0.727814958711118
0.209402719083845	-0.652618882860818	-0.728175181514579
-0.151962340875917	0.665336675661512	-0.73091350717797
0.42443996422552	-0.529911553399847	-0.734196473937052
-0.609689186751704	0.29614264687026	-0.735240524089037
-0.673742693021095	-0.0420540469583516	-0.737768419448208
-0.627902499886033	-0.246310382522508	-0.738288321794735
0.646249970841397	-0.182660370993445	-0.740942753561994
0.315359334129767	-0.591817583978135	-0.741822376092493
0.583984807960666	0.328485537524929	-0.742333480120695
0.143702289745048	0.6542699087065	-0.742482685645408
-0.638651021471591	0.185032172796712	-0.746918983426864
0.344872660481945	0.568421002067882	-0.746967477511738
-0.660404388415422	0.0721391750930773	-0.74743694261024
0.661849830176321	0.0490957498362109	-0.748027011306139
-0.209895014698953	-0.629166978472213	-0.748393610344631
-0.566409910088533	-0.339321695965909	-0.751026364650616
0.510633946217622	0.414457266501409	-0.75331145432311
0.544133991664079	-0.367423180982744	-0.754266799741469
0.43074634833917	0.49489734877619	-0.754674895280589
0.00327640713542369	-0.649771056999352	-0.760122910220596
-0.317229906945004	0.561717247997013	-0.764093527941656
-0.627289386138513	-0.137500428283062	-0.766551797506171
-0.471184317179622	0.4362672443614	-0.766587392761767
-0.306308085158088	-0.564335469621063	-0.766616484752552
-0.488457920742394	-0.414084672070157	-0.76807730341455
-0.397904505801027	-0.49107365463497	-0.774931396955043
0.0271579750742081	0.628277364204693	-0.77751527188723
0.113155274711443	-0.615958893194749	-0.77960921345202
0.607934521219438	0.144410377590934	-0.780744043047231
0.619501756060198	-0.0634273344568911	-0.782428621333617
0.443320964948061	-0.426778491925821	-0.788242755036189
0.55442979745238	-0.262880912597852	-0.78962093784843
-0.0796401446064986	0.608350093220797	-0.789662973328055
-0.203107381660713	0.578687249171218	-0.789853441571016
-0.510831263490147	0.329235963548308	-0.794137960651345
-0.100858924872554	-0.596005313816424	-0.796621078792256
0.21992773436377	0.560139241583693	-0.798671285132791
0.222091506453543	-0.55512957570733	-0.80156504223687
0.333950223841561	-0.49517378727274	-0.802047485124255
0.544917162734449	0.237354700720187	-0.804194026217224
-0.589428945825875	-0.0158098584256174	-0.807665503905645
-0.363711770922554	0.463130485108483	-0.808222680611947
-0.543754783769653	-0.21978080880712	-0.809955018015016
-0.543748203489659	0.218078107760877	-0.810419539570218
0.559698406557136	-0.15632235692899	-0.813818784755899
-0.569595817499158	0.102974639626644	-0.815448850806247
0.309223746652439	0.485383601241739	-0.817791803671221
0.473328754634153	0.325294567259068	-0.818622828015575
-0.200927265383533	-0.534240626214055	-0.821106075563876
0.108335445933962	0.558869055264131	-0.822148897841788
0.394681730159616	0.40872204360112	-0.822904990234436
0.566924257509611	0.037693965428656	-0.822907073257631
-0.472376550680982	-0.307319976261808	-0.826084031171877
0.0114327741585514	-0.558777054185628	-0.82923910628399
0.456761812949677	-0.316832999388768	-0.831255373955105
-0.296270149001261	-0.46400130938045	-0.834821408268858
-0.388343124254496	-0.38772420141514	-0.835978206343472
-0.249685683207267	0.484848693275965	-0.838199740055978
-0.405394307262934	0.358675976557249	-0.840837082602515
-0.529838817479881	-0.106749661162256	-0.84135327736526
0.123297231294524	-0.518405459690022	-0.846199487188855
-0.00780704496757087	0.532383460300942	-0.846467306661557
-0.127365072833806	0.511800739494337	-0.849610582134597
0.349619913368176	-0.393618497270718	-0.850194327658549
0.505902949631443	0.135266657716391	-0.851918503651871
0.515202134260951	-0.0648914972161309	-0.854608597219809
0.23900662590847	-0.451958863958246	-0.859423654585688
-0.0912746134307295	-0.498925906743563	-0.861824741187664
-0.441685492980033	0.248874207076091	-0.861960297428618
0.188002515560035	0.470664576488405	-0.86204983068387
0.465641901387922	-0.199544703837295	-0.862183003104519
-0.497214007435031	0.0155634395707126	-0.867488334307226
0.435758349364708	0.226157273940271	-0.871187435861451
-0.471931614040338	0.134390096258194	-0.87133222923119
-0.449109191146543	-0.190624046615693	-0.872905153656201
-0.293012444614551	0.384351302818658	-0.875452901830022
0.274764920144601	0.392679952740873	-0.877671176109457
0.358923116473213	0.313225335445587	-0.879240630144078
-0.190072324287246	-0.431349309084701	-0.881935533410575
0.0715450305799111	0.458165463584535	-0.885982909867729
-0.371699545349931	-0.276596343516613	-0.886190674031212
0.360290532086652	-0.288336607445297	-0.887159925433771
0.459547407301904	0.0328850175293316	-0.887544227666539
0.0214971936419568	-0.460032700165871	-0.887641698797222
-0.284801596406289	-0.356805231705377	-0.8897067366903
-0.173073890788783	0.411862831567349	-0.894658837937992
0.136786767584267	-0.418032805617884	-0.898074581335586
-0.0511592474037563	0.434649889328515	-0.899145263631962
-0.428843668345669	-0.073504464848602	-0.900383363777425
-0.3324780533198	0.277758304038651	-0.901281681051073
0.253494893601096	-0.342397875506885	-0.904712127566852
0.417608108266641	-0.0815795464354147	-0.904957593212715
0.392459498846052	0.123766162943502	-0.911404124785349
0.366417332863263	-0.18176912581751	-0.912523053449561
0.151439236550006	0.373871275654145	-0.915033565982087
-0.0799737850813867	-0.394808818024195	-0.915276018974656
-0.367038903410507	0.165285055789225	-0.915403350286619
-0.397105362494735	0.0476348224003291	-0.916536008443102
0.318579423861247	0.213631410312303	-0.923508944851219
-0.34801791239655	-0.15815230074384	-0.924051612422476
0.236242040730682	0.294809507497023	-0.925892570701788
-0.215689159778888	0.306937736501569	-0.926966780561834
-0.177818429279045	-0.322049525133221	-0.929873491164363
-0.266850870874536	-0.242627544845428	-0.93269635315883
0.0294881396575385	0.356559437692664	-0.933807162647529
0.0334812846641729	-0.355946429960329	-0.933906388550658
0.349826197912351	0.0124786906238437	-0.936731505573771
0.148892719162685	-0.314859648201494	-0.937386985249301
-0.0946166180631649	0.33266493908953	-0.938286594749626
0.262171062950143	-0.225287565750006	-0.938355927391109
-0.322935117872574	-0.0391065295518884	-0.945612811350943
-0.254891932281957	0.196827400740772	-0.946725449734611
0.300721701389611	-0.0974074246937774	-0.948724539541306
-0.289834799393154	0.0809476038808427	-0.953647353316036
0.27782530813668	0.108349072816938	-0.954501742574873
0.111064614021504	0.272837949563511	-0.95562759733603
-0.0678926493391354	-0.28505581871293	-0.95610342975204
0.195844416858149	0.192230447940202	-0.961609286181348
-0.241461636426383	-0.123361501201981	-0.96253738532874
-0.136399581634288	0.225617391596938	-0.964620104880147
0.155701774945613	-0.209141171184096	-0.965410238082511
-0.158077547566535	-0.206355313041098	-0.965623619085128
-0.0134898808090411	0.252015414659755	-0.967629192350887
0.0434470204626723	-0.246638274258983	-0.968133212984384
0.233677353236349	0.00322429045893115	-0.972308849355744
0.192886072081173	-0.10617420478315	-0.975459892274286
-0.212202078027704	-0.00394043963744843	-0.977217862616207
-0.176048541430746	0.113648848048205	-0.977798982612184
0.0686093275681711	0.168687170823572	-0.983278901721268
0.152598199134255	0.0877391867673289	-0.98438591249895
-0.0460815851488254	-0.168543182166824	-0.9846165158351
-0.130141601679687	-0.0870031418617009	-0.987670803870621
-0.0554283841033884	0.14320642576554	-0.988139470851735
0.0693243396261689	-0.130501048554945	-0.989021542870253
0.110927396412248	-0.0207841203702869	-0.993611157881006
-0.0961387312703246	0.0306762866409895	-0.994895125019543
0.0268473250517092	0.0602855422282643	-0.997820061201323
-0.013797360346728	-0.0508660602721175	-0.998610172569785
