62.575 564.541 453.364 0
62.651 564.536 453.348 0
63.152 564.353 453.285 0
63.09 564.314 453.365 0
63.103 564.393 453.275 0
63.215 564.318 453.325 0
63.209 564.322 453.323 0
62.773 564.404 453.397 0
62.996 564.398 453.184 0
62.887 564.475 453.309 0
62.602 564.514 453.463 0
62.825 564.509 453.267 0
62.965 564.429 453.331 0
63.066 564.371 453.345 0
62.463 564.585 453.399 0
62.459 564.592 453.35 0
62.571 564.548 453.414 0
61.909 564.828 453.39 0
62.391 564.314 453.34 0
61.263 565.04 453.611 0
61.174 565.123 453.484 0
61.178 565.141 453.471 0
61.249 565.107 453.439 0
61.253 565.107 453.458 0
61.228 565.094 453.576 0
61.219 565.089 453.596 0
61.167 565.133 453.532 0
61.177 565.14 453.538 0
61.311 565.067 453.533 0
61.253 565.109 453.505 0
61.394 565.023 453.532 0
61.18 565.14 453.535 0
61.407 565.01 453.581 0
61.925 564.483 453.255 0
61.909 564.828 453.39 0
61.832 564.679 453.489 0
61.891 564.818 453.457 0
61.364 564.981 453.625 0
61.872 564.808 453.525 0
61.181 565.115 453.435 0
61.174 565.123 453.484 0
61.178 565.141 453.471 0
61.249 565.107 453.439 0
61.253 565.107 453.458 0
61.187 565.111 453.579 0
61.244 565.102 453.524 0
61.228 565.094 453.576 0
61.219 565.089 453.596 0
61.167 565.133 453.532 0
61.177 565.14 453.538 0
61.291 565.063 453.533 0
61.311 565.067 453.533 0
61.253 565.109 453.505 0
61.231 565.058 453.624 0
61.263 565.04 453.611 0
61.407 565.01 453.581 0
61.394 565.023 453.532 0
61.324 565.077 453.467 0
61.18 565.14 453.535 0
61.315 565.04 453.583 0
62.464 564.248 453.269 0
62.391 564.314 453.34 0
62.663 564.193 453.304 0
62.663 564.37 453.484 0
62.853 564.471 453.331 0
62.787 564.485 453.34 0
62.92 564.349 453.395 0
62.773 564.404 453.397 0
62.805 564.45 453.399 0
62.996 564.398 453.184 0
62.661 564.409 453.431 0
62.463 564.585 453.399 0
62.887 564.475 453.309 0
62.459 564.592 453.35 0
62.571 564.548 453.414 0
62.965 564.427 453.278 0
62.602 564.514 453.463 0
62.954 564.445 453.314 0
62.575 564.541 453.364 0
62.651 564.536 453.348 0
63.077 564.304 453.113 0
62.825 564.509 453.267 0
62.965 564.429 453.331 0
62.485 564.564 453.448 0
63.282 564.247 453.157 0
63.115 564.347 453.213 0
63.221 564.313 453.216 0
63.3 564.302 453.196 0
63.085 564.227 453.413 0
63.162 564.294 453.157 0
63.152 564.353 453.285 0
63.09 564.314 453.365 0
63.087 564.374 453.321 0
63.066 564.371 453.345 0
63.148 564.311 453.37 0
63.029 564.42 453.305 0
63.103 564.393 453.275 0
63.01 564.381 453.222 0
63.215 564.318 453.325 0
63.231 564.331 453.26 0
63.02 564.371 453.377 0
63.209 564.322 453.323 0
63.17 564.363 453.218 0
63.075 564.388 453.27 0
63.094 564.388 453.212 0
63.06 564.365 453.156 0
63.274 564.286 453.137 0
63.326 564.249 453.132 0
63.27 564.182 453.091 0
63.35 564.19 453.072 0
63.287 564.223 453.079 0
63.228 564.329 453.195 0
63.196 564.337 453.271 0
63.193 564.306 453.142 0
63.216 564.248 453.088 0
63.134 564.339 453.164 0
63.143 564.274 453.088 0
63.065 564.32 453.161 0
63.234 564.142 453.09 0
63.087 563.876 453.03 0
62.892 564.429 453.378 0
62.797 564.458 453.346 0
62.822 564.361 453.406 0
62.673 564.515 453.399 0
62.742 564.517 453.301 0
62.946 564.286 453.314 0
62.995 564.133 453.321 0
62.855 564.318 453.433 0
62.832 564.159 453.327 0
62.672 564.298 453.374 0
62.464 564.588 453.297 0
62.646 564.544 453.297 0
62.567 564.55 453.311 0
62.47 564.472 453.41 0
62.386 564.51 453.472 0
62.263 564.423 453.394 0
62.55 564.291 453.363 0
61.913 564.83 453.321 0
61.478 564.927 453.624 0
61.557 564.84 453.318 0
62.159 564.512 453.46 0
62.192 564.368 453.311 0
63.035 564.424 453.238 0
62.963 564.452 453.246 0
62.891 564.477 453.242 0
62.871 564.466 453.184 0
62.932 564.429 453.192 0
62.954 564.374 453.13 0
62.883 564.365 453.18 0
62.813 564.514 453.229 0
62.824 564.508 453.204 0
62.828 564.5 453.28 0
62.853 564.38 453.145 0
62.795 564.383 453.177 0
62.774 564.404 453.143 0
62.727 564.535 453.249 0
62.724 564.459 453.237 0
62.681 564.431 453.196 0
62.715 564.443 453.165 0
62.97 564.35 453.163 0
62.981 564.316 453.11 0
63.02 564.216 453.115 0
62.995 564.253 453.068 0
62.935 564.069 453.268 0
63.052 564.101 452.994 0
62.879 564.116 453.073 0
62.727 564.134 453.233 0
62.601 564.515 453.257 0
62.638 564.398 453.175 0
62.521 564.522 453.239 0
62.654 564.2 453.123 0
62.592 564.163 453.038 0
62.517 564.319 453.017 0
62.487 564.228 453.081 0
62.453 564.259 453.175 0
62.396 564.195 453 0
61.85 564.794 453.271 0
62.209 564.355 453.222 0
62.095 564.333 453.026 0
62.984 563.88 453.027 0
62.936 563.925 453.04 0
61.284 565.071 453.487 0
61.393 565.025 453.485 0
61.371 565.051 453.438 0
61.436 564.978 453.382 0
61.336 565.081 453.396 0
61.28 565.078 453.438 0
61.346 565.005 453.382 0
61.26 565.038 453.348 0
61.251 565.108 453.39 0
61.185 565.143 453.468 0
61.179 565.139 453.403 0
61.169 565.135 453.408 0
61.228 565.094 453.376 0
61.248 565.037 453.379 0
55.895 567.603 454.17 0
55.619 567.67 454.263 0
55.647 567.56 454.294 0
55.613 567.538 454.341 0
55.633 567.718 454.343 0
55.773 567.577 454.254 0
55.766 567.588 454.294 0
55.824 567.57 454.26 0
55.857 567.587 454.321 0
55.949 567.657 454.404 0
55.931 567.683 454.48 0
55.97 567.67 454.491 0
55.935 567.678 454.442 0
55.848 567.738 454.488 0
55.602 567.694 454.343 0
55.617 567.879 454.541 0
55.77 567.788 454.521 0
55.7 567.819 454.52 0
55.531 567.938 454.609 0
55.154 567.835 454.423 0
55.517 567.548 454.336 0
55.428 567.746 454.56 0
55.155 567.836 454.529 0
55.556 567.9 454.57 0
55.222 567.997 454.47 0
55.196 567.974 454.466 0
55.154 567.835 454.423 0
55.856 567.589 454.205 0
55.895 567.603 454.17 0
55.619 567.67 454.263 0
55.647 567.56 454.294 0
55.613 567.538 454.341 0
55.654 567.548 454.331 0
55.517 567.548 454.336 0
55.633 567.718 454.343 0
55.773 567.577 454.254 0
55.766 567.588 454.294 0
55.595 567.704 454.303 0
55.824 567.57 454.26 0
55.857 567.587 454.321 0
55.862 567.583 454.244 0
55.949 567.657 454.404 0
55.931 567.683 454.48 0
55.97 567.67 454.491 0
55.935 567.678 454.442 0
55.848 567.738 454.488 0
55.602 567.694 454.343 0
55.481 567.837 454.563 0
55.428 567.746 454.56 0
55.155 567.836 454.529 0
55.617 567.879 454.541 0
55.838 567.682 454.558 0
55.77 567.788 454.521 0
55.7 567.819 454.52 0
55.656 567.822 454.574 0
55.531 567.938 454.609 0
55.902 567.662 454.561 0
55.934 567.681 454.518 0
55.727 567.778 454.557 0
55.556 567.9 454.57 0
55.226 568.06 454.505 0
55.863 567.719 454.523 0
55.931 567.682 454.433 0
55.872 567.704 454.408 0
55.949 567.659 454.348 0
55.909 567.649 454.369 0
55.865 567.578 454.128 0
55.463 567.972 454.576 0
55.47 567.96 454.539 0
55.457 567.981 454.614 0
55.421 567.967 454.502 0
55.397 568.006 454.54 0
55.397 568.003 454.578 0
55.361 567.991 454.503 0
55.26 568.077 454.55 0
55.32 568.053 454.577 0
55.329 568.037 454.539 0
55.279 568.044 454.514 0
55.163 568.089 454.508 0
55.121 568.088 454.508 0
55.074 568.09 454.505 0
55.311 567.998 454.474 0
55.268 567.996 454.467 0
55.692 567.667 454.501 0
55.624 567.867 454.5 0
55.548 567.912 454.533 0
55.557 567.898 454.495 0
55.488 567.938 454.501 0
55.77 567.787 454.483 0
55.778 567.774 454.445 0
55.712 567.803 454.444 0
55.741 567.763 454.403 0
55.695 567.827 454.481 0
55.66 567.811 454.425 0
55.855 567.731 454.447 0
55.79 567.753 454.406 0
55.846 567.67 454.365 0
55.785 567.695 454.362 0
55.747 567.686 454.342 0
55.704 567.745 454.383 0
55.662 567.742 454.376 0
55.681 567.713 454.336 0
55.812 567.585 454.224 0
55.808 567.59 454.186 0
55.77 567.584 454.218 0
55.854 567.593 454.168 0
55.818 567.578 454.147 0
55.785 567.559 454.14 0
55.772 567.578 454.177 0
55.714 567.597 454.259 0
55.724 567.582 454.222 0
55.684 567.576 454.22 0
55.728 567.574 454.181 0
55.574 567.874 454.457 0
55.634 567.849 454.462 0
55.607 567.825 454.417 0
55.519 567.942 454.461 0
55.51 567.903 454.462 0
55.55 567.845 454.424 0
55.498 567.853 454.425 0
55.482 567.808 454.195 0
55.501 567.779 454.231 0
55.533 567.8 454.157 0
55.609 567.754 454.381 0
55.633 567.718 454.305 0
55.58 567.731 454.38 0
55.602 567.556 454.304 0
55.619 567.67 454.187 0
55.641 567.569 454.258 0
55.6 567.56 454.268 0
55.688 567.54 454.401 0
55.747 567.547 454.141 0
55.563 567.547 454.335 0
55.56 567.552 454.298 0
55.515 567.554 454.299 0
55.628 567.535 454.12 0
55.448 567.926 454.465 0
55.391 567.944 454.463 0
55.398 567.863 454.433 0
55.456 567.845 454.42 0
55.043 568.069 454.504 0
55.311 567.996 454.658 0
55.403 567.999 454.614 0
55.406 567.993 454.651 0
55.135 567.982 454.608 0
55.311 567.996 454.658 0
55.417 567.914 454.646 0
55.404 567.926 454.685 0
55.378 567.895 454.695 0
55.46 567.909 454.689 0
55.403 567.999 454.614 0
55.478 567.951 454.65 0
55.406 567.993 454.651 0
55.349 567.906 454.657 0
55.281 567.975 454.687 0
55.14 568.125 454.693 0
55.118 568.161 454.657 0
55.109 568.172 454.623 0
55.182 568.13 454.653 0
55.167 568.151 454.617 0
55.351 568.009 454.649 0
55.108 568.134 454.599 0
55.272 568.058 454.626 0
55.327 568.039 454.613 0
55.071 568.162 454.729 0
55.115 568.163 454.586 0
55.252 568.085 454.589 0
55.185 568.122 454.58 0
55.196 568.106 454.542 0
55.134 568.131 454.546 0
56.335 567.58 454.129 0
56.234 567.518 454.472 0
56.136 567.59 454.485 0
56.111 567.562 454.515 0
56.154 567.57 454.443 0
56.224 567.541 454.439 0
56.155 567.587 454.45 0
56.092 567.518 454.29 0
55.899 567.595 454.209 0
55.989 567.601 454.171 0
55.943 567.597 454.211 0
55.99 567.602 454.207 0
55.906 567.587 454.322 0
55.962 567.574 454.326 0
56.037 567.601 454.139 0
56.036 567.6 454.178 0
56.065 567.629 454.363 0
56.02 567.556 454.321 0
56.071 567.621 454.481 0
56.05 567.581 454.215 0
56.002 567.58 454.555 0
55.923 567.563 454.09 0
56.734 567.22 454.297 0
56.668 567.19 454.376 0
56.665 567.248 454.34 0
56.754 567.225 454.284 0
56.49 567.345 454.391 0
56.424 567.387 454.395 0
56.316 567.472 454.466 0
56.424 567.393 454.39 0
56.295 567.491 454.399 0
56.493 567.355 454.353 0
56.52 567.317 454.393 0
56.139 567.507 454.509 0
56.099 567.511 454.563 0
55.923 567.563 454.09 0
55.899 567.595 454.209 0
55.989 567.601 454.171 0
55.909 567.581 454.245 0
55.961 567.572 454.248 0
55.943 567.597 454.211 0
55.99 567.602 454.207 0
55.906 567.587 454.322 0
55.984 567.565 454.446 0
55.962 567.574 454.326 0
55.883 567.55 454.28 0
56.485 567.366 454.316 0
56.489 567.29 454.431 0
56.49 567.345 454.391 0
56.406 567.413 454.357 0
56.424 567.387 454.395 0
56.316 567.472 454.466 0
56.331 567.448 454.426 0
56.424 567.393 454.39 0
56.295 567.491 454.399 0
56.353 567.439 454.402 0
56.662 567.186 454.17 0
56.734 567.22 454.297 0
56.668 567.19 454.376 0
56.493 567.355 454.353 0
56.678 567.009 454.278 0
56.665 567.248 454.34 0
56.524 567.358 454.31 0
56.598 567.273 454.373 0
56.754 567.225 454.284 0
56.754 567.193 454.336 0
56.652 567.266 454.301 0
56.037 567.601 454.139 0
56.508 567.336 454.275 0
56.665 567.264 454.309 0
56.036 567.6 454.178 0
56.57 567.315 454.335 0
56.112 567.571 454.31 0
56.065 567.629 454.363 0
56.52 567.317 454.393 0
56.324 567.529 454.167 0
56.335 567.58 454.129 0
56.02 567.556 454.321 0
56.071 567.621 454.481 0
56.145 567.585 454.377 0
56.147 567.51 454.321 0
56.084 567.602 454.439 0
56.03 567.612 454.371 0
56.234 567.518 454.472 0
56.014 567.635 454.449 0
56.036 567.617 454.322 0
56.136 567.59 454.485 0
56.05 567.581 454.215 0
56.072 567.634 454.461 0
56.111 567.562 454.515 0
56.139 567.507 454.509 0
56.154 567.57 454.443 0
56.224 567.541 454.439 0
56.099 567.511 454.563 0
56.002 567.58 454.555 0
56.032 567.605 454.525 0
56.155 567.587 454.45 0
56.189 567.516 454.519 0
55.999 567.653 454.491 0
56.092 567.518 454.29 0
56.705 567.191 454.379 0
56.738 567.217 454.259 0
56.744 567.206 454.216 0
56.667 567.249 454.26 0
56.684 567.225 454.221 0
56.729 567.162 454.176 0
56.692 567.146 454.408 0
56.775 567.006 453.991 0
56.736 567.068 453.99 0
56.713 566.977 453.88 0
56.771 566.852 454.02 0
56.734 566.912 454.014 0
56.7 566.859 453.883 0
56.383 567.575 454.115 0
56.592 567.31 454.318 0
56.572 567.314 454.296 0
56.649 567.158 454.296 0
56.541 567.213 454.41 0
56.589 567.287 454.255 0
56.625 567.239 454.212 0
56.543 567.281 454.231 0
56.558 567.263 454.191 0
56.51 567.265 454.19 0
56.479 567.307 454.232 0
56.547 567.35 454.139 0
56.511 567.328 454.156 0
56.448 567.402 454.31 0
56.412 567.399 454.315 0
56.375 567.447 454.322 0
56.325 567.459 454.349 0
56.299 567.492 454.326 0
56.276 567.457 454.316 0
56.326 567.454 454.39 0
56.346 567.427 454.31 0
56.358 567.393 454.341 0
56.439 567.361 454.274 0
56.381 567.379 454.266 0
56.317 567.401 454.272 0
56.28 567.385 454.242 0
56.456 567.254 454.419 0
56.294 567.184 454.31 0
56.411 567.332 454.227 0
56.442 567.291 454.185 0
56.351 567.352 454.232 0
56.324 567.159 454.112 0
56.148 567.565 454.402 0
56.106 567.635 454.407 0
56.109 567.645 454.38 0
56.117 567.62 454.368 0
56.06 567.565 454.333 0
56.081 567.607 454.131 0
56.078 567.609 454.094 0
56.047 567.656 454.405 0
55.976 567.67 454.415 0
56.013 567.638 454.413 0
55.976 567.622 454.362 0
56.021 567.557 454.244 0
56.038 567.597 454.101 0
55.993 567.599 454.13 0
55.937 567.606 454.173 0
55.942 567.6 454.134 0
55.901 567.59 454.132 0
56.239 567.511 454.433 0
56.242 567.51 454.394 0
56.221 567.538 454.368 0
56.249 567.497 454.355 0
56.175 567.519 454.303 0
56.203 567.497 454.326 0
56.232 567.365 454.392 0
56.231 567.456 454.283 0
56.177 567.465 454.278 0
56.156 567.496 454.241 0
56.098 567.51 454.252 0
56.062 567.495 454.281 0
56.126 567.318 454.38 0
56.135 567.183 454.18 0
56.03 567.471 454.282 0
55.966 567.494 454.279 0
55.945 567.333 454.245 0
56.358 567.616 454.079 0
56.349 567.56 454.076 0
56.55 567.366 454.055 0
56.657 567.187 454.013 0
56.249 567.626 453.989 0
56.129 567.731 453.946 0
56.129 567.6 454.058 0
55.917 567.572 454.053 0
55.848 567.533 454.296 0
55.796 567.456 454.319 0
55.724 567.382 454.221 0
56.27 567.078 454.106 0
56.24 566.972 454.12 0
56.093 567.089 454.193 0
55.964 567.084 454.349 0
56.549 567.066 454.063 0
56.607 566.933 453.965 0
56.414 567.088 454.026 0
56.378 566.991 454.026 0
61.079 565.157 453.607 0
61.009 565.193 453.614 0
61.09 565.165 453.543 0
61.124 565.107 453.408 0
61.072 565.164 453.463 0
61.09 565.165 453.543 0
61.144 565.119 453.608 0
61.124 565.107 453.408 0
61.142 565.12 453.614 0
61.009 565.168 453.658 0
61.058 565.18 453.56 0
61.079 565.157 453.607 0
61.138 565.092 453.65 0
61.009 565.193 453.614 0
61.067 565.154 453.615 0
61.114 565.176 453.474 0
61.101 565.171 453.409 0
61.118 565.108 453.352 0
61.11 565.1 453.352 0
61.156 565.055 453.347 0
61.036 565.208 453.543 0
61.058 565.18 453.513 0
61.033 565.207 453.476 0
61.013 565.196 453.414 0
61.035 565.133 453.41 0
61.031 565.13 453.36 0
61.133 564.968 453.246 0
60.389 565.521 453.696 0
60.232 565.558 453.752 0
59.791 565.795 453.776 0
59.821 565.811 453.702 0
60.018 565.741 453.719 0
60.619 565.398 453.631 0
60.831 565.297 453.607 0
60.936 565.25 453.565 0
60.505 565.458 453.633 0
59.791 565.795 453.776 0
59.963 565.731 453.72 0
59.821 565.811 453.702 0
60.942 565.171 453.692 0
60.619 565.398 453.631 0
60.635 565.38 453.679 0
60.523 565.435 453.679 0
60.831 565.297 453.607 0
60.936 565.25 453.565 0
60.505 565.458 453.633 0
60.957 565.224 453.614 0
60.018 565.741 453.719 0
60.389 565.521 453.696 0
60.232 565.558 453.752 0
60.152 565.653 453.712 0
60.285 565.571 453.732 0
60.271 565.583 453.637 0
60.031 565.725 453.762 0
60.252 565.605 453.685 0
60.164 565.639 453.619 0
60.222 565.568 453.564 0
60.143 565.665 453.666 0
60.063 565.686 453.622 0
60.065 565.701 453.628 0
60.142 565.59 453.565 0
60.017 565.743 453.673 0
59.981 565.712 453.626 0
60.04 565.639 453.573 0
59.953 565.745 453.673 0
59.933 565.747 453.641 0
59.888 565.75 453.626 0
59.953 565.673 453.574 0
59.692 565.736 453.838 0
59.815 565.808 453.635 0
59.809 565.771 453.622 0
59.803 565.793 453.64 0
59.778 565.789 453.578 0
60.847 565.202 453.7 0
60.867 565.257 453.652 0
60.946 565.236 453.518 0
60.971 565.209 453.465 0
60.931 565.183 453.402 0
60.875 565.243 453.458 0
60.715 565.356 453.568 0
60.827 565.301 453.559 0
60.838 565.289 453.51 0
60.749 565.315 453.66 0
60.723 565.346 453.615 0
60.735 565.332 453.518 0
60.699 565.205 453.649 0
60.775 565.288 453.466 0
60.823 565.156 453.418 0
60.662 565.348 453.484 0
60.977 564.882 453.345 0
60.952 564.941 453.305 0
60.913 564.916 453.332 0
60.778 564.916 453.358 0
60.591 565.356 453.72 0
60.483 565.41 453.735 0
60.63 565.383 453.535 0
60.601 565.414 453.584 0
60.502 565.459 453.585 0
60.532 565.425 453.537 0
60.46 565.435 453.502 0
60.565 565.383 453.484 0
60.391 565.514 453.651 0
60.401 565.505 453.603 0
60.425 565.474 453.551 0
60.305 565.543 453.588 0
60.338 565.504 453.536 0
60.287 565.491 453.511 0
60.948 565.011 453.256 0
60.939 565.007 453.257 0
60.87 565.043 453.26 0
58.244 566.445 453.99 0
58.226 566.466 453.948 0
58.157 566.485 453.992 0
58.344 566.422 453.921 0
58.421 566.386 453.903 0
58.498 566.345 453.886 0
58.326 566.406 453.975 0
58.5 566.326 453.917 0
58.146 566.503 453.95 0
58.274 566.403 454.029 0
58.244 566.445 453.99 0
58.226 566.466 453.948 0
58.157 566.485 453.992 0
58.269 566.447 453.857 0
58.402 566.379 453.93 0
58.344 566.422 453.921 0
58.421 566.386 453.903 0
58.498 566.345 453.886 0
58.326 566.406 453.975 0
58.5 566.326 453.917 0
58.144 566.503 453.907 0
58.146 566.503 453.95 0
58.274 566.403 454.029 0
58.177 566.463 454.032 0
58.248 566.368 454.069 0
58.364 566.358 454.014 0
58.416 566.364 453.888 0
58.32 566.415 453.933 0
58.313 566.426 453.89 0
58.411 566.381 453.833 0
58.276 566.468 453.864 0
58.344 566.423 453.853 0
58.264 566.386 453.797 0
58.391 566.446 453.561 0
58.574 566.307 453.876 0
58.568 566.305 453.81 0
58.498 566.329 453.874 0
58.502 566.347 453.816 0
58.437 566.335 453.973 0
58.323 566.34 453.784 0
58.222 566.47 453.906 0
58.183 566.497 453.94 0
58.198 566.504 453.867 0
58.216 566.44 453.809 0
58.128 566.486 453.874 0
58.138 566.477 453.807 0
58.244 566.528 453.574 0
58.253 566.455 453.589 0
59.346 565.981 453.872 0
58.748 566.227 453.869 0
58.746 566.241 453.863 0
58.835 566.186 453.826 0
58.911 566.159 453.815 0
58.91 566.172 453.84 0
58.837 566.182 453.914 0
58.672 566.248 453.886 0
58.921 566.148 453.903 0
58.601 566.268 453.924 0
58.912 566.159 453.859 0
59.014 566.101 453.9 0
59.337 565.989 453.827 0
59.346 565.981 453.872 0
58.748 566.227 453.869 0
58.688 566.227 453.929 0
58.746 566.241 453.863 0
58.835 566.186 453.826 0
58.676 566.242 453.842 0
58.83 566.191 453.87 0
58.911 566.159 453.815 0
58.91 566.172 453.84 0
58.837 566.182 453.914 0
58.752 566.15 453.97 0
58.672 566.248 453.886 0
58.921 566.148 453.903 0
58.601 566.268 453.924 0
58.526 566.295 453.957 0
58.912 566.159 453.859 0
58.826 566.203 453.851 0
59.014 566.101 453.9 0
58.477 566.284 454.011 0
59.57 565.772 453.853 0
59.63 565.744 453.854 0
59.538 565.666 453.491 0
59.483 565.639 453.572 0
59.275 565.992 453.877 0
59.351 565.971 453.735 0
59.265 566.008 453.745 0
59.179 565.966 453.938 0
59.207 566.005 453.899 0
59.111 566.05 453.896 0
59.167 566.057 453.767 0
59.237 566.037 453.835 0
59.232 566.043 453.791 0
59.196 566.019 453.721 0
59.154 566.071 453.858 0
59.131 566.099 453.815 0
59.091 566.075 453.764 0
59.431 565.873 453.91 0
59.358 565.888 453.918 0
59.453 565.92 453.884 0
58.921 566.175 453.768 0
59.049 566.057 453.944 0
58.987 566.067 453.944 0
58.901 566.1 453.955 0
58.916 566.011 453.99 0
59.051 566.125 453.858 0
59.036 566.144 453.813 0
58.997 566.124 453.857 0
58.978 566.148 453.814 0
59.012 566.103 453.767 0
58.931 566.138 453.769 0
58.864 566.148 453.712 0
58.76 566.209 453.912 0
58.836 566.21 453.778 0
58.834 566.186 453.782 0
58.797 566.192 453.718 0
58.659 566.274 453.799 0
58.746 566.242 453.792 0
58.753 566.221 453.826 0
58.719 566.228 453.727 0
58.817 566.138 453.952 0
58.786 566.259 453.507 0
58.743 566.163 453.661 0
58.736 566.088 453.67 0
58.573 566.235 453.997 0
58.647 566.209 453.963 0
58.657 566.273 453.869 0
58.59 566.282 453.88 0
58.598 566.274 453.837 0
58.607 566.25 453.74 0
58.499 566.271 453.753 0
58.402 566.241 454.063 0
58.399 566.299 453.768 0
58.28 566.171 453.729 0
58.342 566.122 453.729 0
58.339 566.045 453.738 0
58.596 566.021 453.63 0
58.54 566.067 453.633 0
58.473 566.11 453.642 0
58.315 566.187 453.652 0
58.39 566.146 453.649 0
58.212 566.212 453.74 0
58.079 566.299 453.699 0
58.081 566.225 453.765 0
58.014 566.179 453.694 0
58.248 566.228 453.659 0
58.149 566.257 453.679 0
57.591 566.523 454.1 0
57.983 566.527 453.893 0
57.73 566.408 454.029 0
57.363 566.581 454.044 0
57.432 566.524 453.958 0
57.208 566.888 453.947 0
57.144 566.935 453.874 0
57.281 566.842 453.95 0
57.208 566.888 453.947 0
57.124 566.9 454.201 0
57.102 566.794 454.187 0
57.254 566.668 454.121 0
57.32 566.861 453.8 0
57.111 566.844 453.898 0
57.15 566.787 453.909 0
57.172 566.946 453.794 0
57.195 566.882 453.807 0
57.195 566.715 453.804 0
57.072 566.692 453.855 0
56.865 567.109 454.344 0
56.865 567.109 454.344 0
56.92 567.067 454.32 0
56.816 567.174 454.305 0
56.813 567.174 454.3 0
56.947 567.002 454.328 0
56.899 566.955 454.248 0
56.842 567.114 454.331 0
56.828 567.093 454.371 0
56.82 566.891 454.208 0
57.223 567.119 453.766 0
56.86 567.121 453.894 0
56.893 567.056 453.892 0
56.922 566.991 453.902 0
57.023 566.958 453.821 0
56.968 566.935 453.904 0
57.873 566.357 453.724 0
57.667 566.459 453.717 0
57.982 566.333 453.717 0
57.863 566.278 453.814 0
57.943 566.238 453.798 0
57.718 566.284 453.825 0
55.029 568.026 454.499 0
54.929 568.147 454.677 0
54.943 568.296 454.731 0
54.9 568.337 454.721 0
54.896 568.302 454.801 0
55.007 568.259 454.661 0
54.845 568.112 454.552 0
54.832 567.959 454.542 0
54.953 567.993 454.596 0
54.845 568.112 454.552 0
54.866 568.079 454.514 0
54.99 568.018 454.504 0
54.929 568.147 454.677 0
54.939 568.098 454.543 0
54.93 568.316 454.693 0
54.943 568.296 454.731 0
54.941 568.296 454.656 0
54.982 568.236 454.766 0
54.9 568.337 454.721 0
54.932 568.241 454.766 0
54.896 568.302 454.801 0
55.008 568.26 454.625 0
55.036 568.217 454.694 0
55.007 568.259 454.661 0
54.867 568.24 454.78 0
54.988 568.292 454.637 0
54.96 568.282 454.568 0
54.966 568.256 454.585 0
55.018 568.242 454.586 0
55.046 568.2 454.55 0
54.984 568.234 454.546 0
54.921 568.284 454.667 0
54.958 568.268 454.621 0
54.914 568.269 454.62 0
54.896 568.3 454.657 0
54.906 568.214 454.616 0
54.884 568.182 454.619 0
54.941 568.23 454.582 0
54.945 568.157 454.576 0
55 568.139 454.543 0
54.977 568.107 454.538 0
54.87 568.135 454.594 0
54.912 568.137 454.579 0
54.916 568.069 454.517 0
54.899 568.096 454.554 0
54.849 568.173 454.63 0
54.836 568.059 454.506 0
51.725 569.67 454.921 0
51.584 569.791 455.092 0
54.595 568.24 454.618 0
54.722 568.168 454.664 0
54.773 568.159 454.621 0
54.716 568.179 454.629 0
54.749 568.395 454.839 0
54.728 568.43 454.766 0
54.826 568.338 454.833 0
54.577 568.47 454.842 0
54.833 568.312 454.812 0
54.791 568.399 454.763 0
54.816 568.383 454.772 0
54.679 568.435 454.815 0
54.809 568.367 454.798 0
54.367 568.604 454.803 0
54.243 568.605 454.853 0
54.311 568.624 454.821 0
54.256 568.645 454.82 0
54.105 568.692 454.812 0
54.182 568.632 454.841 0
54.309 568.629 454.784 0
54.375 568.593 454.84 0
54.368 568.6 454.771 0
53.578 568.707 454.69 0
53.964 568.73 454.86 0
53.714 568.878 454.815 0
53.883 568.799 454.813 0
53.939 568.771 454.826 0
53.825 568.825 454.815 0
53.821 568.83 454.779 0
53.767 568.858 454.788 0
53.986 568.757 454.816 0
54.05 568.717 454.822 0
54.047 568.724 454.789 0
54.521 568.488 454.85 0
54.048 568.45 454.632 0
54.033 568.474 454.668 0
54.791 568.126 454.547 0
54.709 568.188 454.595 0
54.371 568.325 454.588 0
54.407 568.336 454.565 0
53.085 569.102 454.667 0
53.112 569.193 454.789 0
53.189 569.118 454.721 0
53.157 569.175 454.756 0
53.119 569.112 454.891 0
53.125 569.17 454.852 0
53.317 569.097 454.788 0
53.427 569.037 454.794 0
53.316 569.098 454.821 0
53.378 569.057 454.831 0
53.266 569.12 454.826 0
53.116 569.184 454.82 0
53.462 568.695 454.787 0
53.191 568.915 454.893 0
53.137 568.94 454.892 0
53.456 568.986 454.809 0
53.5 568.982 454.835 0
53.083 568.973 454.904 0
53.547 568.966 454.819 0
53.441 569.014 454.858 0
53.485 569.002 454.802 0
52.975 569.235 454.832 0
52.844 569.069 454.988 0
52.824 569.241 454.897 0
52.901 569.237 454.869 0
52.708 569.317 454.796 0
52.989 569.211 454.863 0
52.801 569.078 454.99 0
52.708 569.322 454.861 0
52.705 569.327 454.829 0
52.673 569.315 454.895 0
52.802 569.282 454.864 0
52.851 569.259 454.859 0
52.799 569.288 454.769 0
52.755 569.3 454.768 0
52.882 569.268 454.837 0
52.756 569.298 454.862 0
52.794 569.295 454.831 0
52.93 569.251 454.842 0
52.796 569.296 454.801 0
52.631 569.33 454.888 0
52.662 569.333 454.861 0
53.038 569.187 454.866 0
53.021 569.22 454.833 0
53.068 569.206 454.827 0
53.028 569.003 454.932 0
52.225 569.491 454.938 0
52.261 569.491 454.892 0
52.192 569.483 454.966 0
52.352 569.448 454.93 0
52.26 569.491 454.925 0
52.308 569.468 454.926 0
52.316 569.449 454.958 0
52.438 569.424 454.904 0
52.48 569.406 454.88 0
52.526 569.391 454.871 0
52.569 569.377 454.861 0
52.541 569.359 454.903 0
52.507 569.356 454.941 0
51.458 569.838 455.105 0
51.354 569.888 455.115 0
51.477 569.829 455.115 0
51.506 569.765 455.174 0
51.516 569.814 455.123 0
51.442 569.835 455.091 0
51.725 569.67 454.921 0
51.442 569.835 455.091 0
51.458 569.838 455.105 0
51.354 569.888 455.115 0
51.485 569.814 455.143 0
51.519 569.807 455.065 0
51.584 569.791 455.092 0
51.516 569.815 455.095 0
51.477 569.829 455.115 0
51.506 569.765 455.174 0
51.516 569.814 455.123 0
53.462 568.695 454.787 0
53.191 568.915 454.893 0
53.137 568.94 454.892 0
53.456 568.986 454.809 0
53.5 568.982 454.835 0
53.083 568.973 454.904 0
53.578 568.707 454.69 0
53.682 568.665 454.691 0
53.964 568.73 454.86 0
53.734 568.845 454.85 0
53.547 568.966 454.819 0
53.688 568.861 454.861 0
53.625 568.901 454.854 0
53.602 568.936 454.821 0
53.665 568.896 454.827 0
53.564 568.937 454.852 0
53.714 568.878 454.815 0
53.774 568.846 454.824 0
53.849 568.787 454.846 0
53.883 568.799 454.813 0
53.939 568.771 454.826 0
53.825 568.825 454.815 0
52.225 569.491 454.938 0
53.821 568.83 454.779 0
53.767 568.858 454.788 0
53.986 568.757 454.816 0
52.261 569.491 454.892 0
52.192 569.483 454.966 0
52.352 569.448 454.93 0
52.35 569.381 454.989 0
52.266 569.48 454.954 0
52.361 569.433 454.962 0
52.26 569.491 454.925 0
52.308 569.468 454.926 0
52.381 569.462 454.927 0
52.316 569.449 454.958 0
52.438 569.424 454.904 0
52.88 569.141 454.701 0
52.48 569.406 454.88 0
52.495 569.378 454.91 0
52.448 569.4 454.935 0
52.233 569.47 454.969 0
52.975 569.235 454.832 0
52.844 569.069 454.988 0
52.837 569.079 454.957 0
52.84 569.07 454.925 0
52.824 569.241 454.897 0
52.973 569.035 454.954 0
52.969 569.244 454.8 0
52.617 569.351 454.858 0
52.873 569.217 454.891 0
52.901 569.237 454.869 0
52.748 569.311 454.83 0
52.708 569.317 454.796 0
52.989 569.211 454.863 0
52.526 569.391 454.871 0
52.569 569.377 454.861 0
52.801 569.078 454.99 0
52.541 569.359 454.903 0
52.728 569.279 454.894 0
52.708 569.322 454.861 0
52.921 569.132 454.726 0
52.705 569.327 454.829 0
52.673 569.315 454.895 0
52.581 569.352 454.893 0
52.751 569.308 454.798 0
52.507 569.356 454.941 0
52.802 569.282 454.864 0
52.851 569.259 454.859 0
52.799 569.288 454.769 0
52.755 569.3 454.768 0
52.882 569.268 454.837 0
52.756 569.298 454.862 0
52.794 569.295 454.831 0
52.93 569.251 454.842 0
52.796 569.296 454.801 0
52.631 569.33 454.888 0
52.662 569.333 454.861 0
53.085 569.102 454.667 0
53.132 569.155 454.723 0
53.112 569.193 454.754 0
53.019 569.227 454.799 0
53.112 569.193 454.789 0
53.038 569.187 454.866 0
53.189 569.118 454.721 0
53.232 569.113 454.854 0
53.082 569.176 454.857 0
53.021 569.22 454.833 0
53.218 569.14 454.819 0
53.175 569.144 454.853 0
53.215 569.143 454.789 0
53.157 569.175 454.756 0
53.119 569.112 454.891 0
53.028 569.003 454.932 0
53.162 569.166 454.819 0
53.203 569.161 454.757 0
53.159 569.107 454.886 0
53.28 569.096 454.857 0
53.125 569.17 454.852 0
53.317 569.097 454.788 0
53.427 569.037 454.794 0
53.316 569.098 454.821 0
53.378 569.057 454.831 0
53.266 569.12 454.826 0
53.379 569.055 454.864 0
53.339 569.059 454.854 0
53.068 569.206 454.827 0
53.028 569.006 454.897 0
53.116 569.184 454.82 0
53.441 569.014 454.858 0
53.485 569.002 454.802 0
54.165 568.391 454.645 0
54.371 568.325 454.588 0
54.494 568.262 454.562 0
54.463 568.312 454.601 0
54.407 568.336 454.565 0
54.419 568.317 454.598 0
54.465 568.31 454.634 0
54.048 568.45 454.632 0
54.375 568.317 454.552 0
54.607 568.218 454.653 0
54.595 568.24 454.618 0
54.655 568.212 454.618 0
54.791 568.126 454.547 0
54.722 568.168 454.664 0
54.769 568.097 454.52 0
54.033 568.474 454.668 0
54.709 568.188 454.595 0
54.773 568.159 454.621 0
54.816 568.158 454.628 0
54.776 568.153 454.655 0
54.716 568.179 454.629 0
54.663 568.193 454.653 0
54.53 568.281 454.605 0
54.521 568.488 454.85 0
54.74 568.406 454.804 0
54.749 568.395 454.839 0
54.728 568.43 454.766 0
54.704 568.399 454.85 0
54.623 568.461 454.812 0
54.86 568.359 454.766 0
54.117 568.523 454.624 0
54.826 568.338 454.833 0
54.577 568.47 454.842 0
54.833 568.312 454.812 0
54.791 568.399 454.763 0
54.085 568.549 454.723 0
54.643 568.427 454.849 0
54.816 568.383 454.772 0
54.679 568.435 454.815 0
54.097 568.705 454.779 0
54.809 568.367 454.798 0
54.05 568.717 454.822 0
54.367 568.604 454.803 0
54.243 568.605 454.853 0
54.288 568.596 454.852 0
54.047 568.724 454.789 0
54.344 568.574 454.853 0
54.311 568.624 454.821 0
54.434 568.56 454.84 0
54.161 568.668 454.804 0
54.499 568.523 454.817 0
54.256 568.645 454.82 0
54.105 568.692 454.812 0
54.182 568.632 454.841 0
54.309 568.629 454.784 0
54.375 568.593 454.84 0
54.368 568.6 454.771 0
54.551 568.505 454.806 0
54.224 568.633 454.816 0
53.376 568.991 454.888 0
53.326 569.014 454.891 0
53.206 569.087 454.886 0
53.1 568.942 454.935 0
53.069 568.95 454.895 0
52.776 569.263 454.894 0
52.662 569.266 454.921 0
52.716 569.238 454.924 0
52.676 569.172 454.955 0
52.975 569.036 454.921 0
52.923 569.058 454.96 0
52.925 569.058 454.925 0
52.882 569.062 454.959 0
52.881 569.066 454.925 0
52.888 569.054 454.99 0
52.955 569.038 454.893 0
52.762 569.079 455.001 0
52.802 569.074 454.957 0
52.759 569.088 454.968 0
52.801 569.07 454.916 0
52.712 569.108 454.987 0
52.666 569.122 454.965 0
52.619 569.282 454.924 0
52.572 569.303 454.936 0
52.379 569.466 454.895 0
52.411 569.401 454.96 0
52.339 569.474 454.899 0
52.298 569.481 454.895 0
52.3 569.412 454.987 0
52.264 569.412 454.998 0
52.213 569.511 454.904 0
52.172 569.521 454.902 0
52.189 569.488 454.934 0
52.224 569.425 455.026 0
52.226 569.42 454.997 0
53.985 568.757 454.749 0
53.979 568.767 454.782 0
53.933 568.778 454.79 0
53.903 568.761 454.849 0
53.932 568.781 454.756 0
53.945 568.758 454.721 0
53.875 568.806 454.781 0
53.878 568.803 454.747 0
53.884 568.794 454.711 0
53.766 568.862 454.754 0
53.763 568.862 454.721 0
53.797 568.804 454.857 0
53.821 568.831 454.745 0
53.831 568.814 454.712 0
53.71 568.889 454.782 0
53.713 568.884 454.747 0
53.722 568.868 454.713 0
53.659 568.911 454.724 0
53.702 568.835 454.689 0
53.781 568.764 454.678 0
53.687 568.793 454.683 0
53.588 568.962 454.754 0
53.535 568.984 454.754 0
53.539 568.976 454.785 0
53.485 569.009 454.766 0
53.478 569.016 454.704 0
53.491 568.993 454.734 0
53.651 568.923 454.792 0
53.596 568.95 454.789 0
53.657 568.914 454.76 0
53.608 568.925 454.72 0
53.568 568.819 454.752 0
53.517 568.952 454.866 0
53.557 568.949 454.719 0
53.161 569.168 454.786 0
53.065 569.211 454.793 0
53.064 569.209 454.76 0
53.084 569.175 454.727 0
53.076 569.253 454.595 0
53.076 569.191 454.685 0
53.135 569.162 454.454 0
53.37 569.07 454.798 0
53.375 569.06 454.766 0
53.432 569.028 454.827 0
53.43 569.033 454.759 0
53.444 569.013 454.727 0
53.392 569.032 454.73 0
53.264 569.122 454.791 0
53.322 569.089 454.755 0
53.267 569.118 454.76 0
53.265 569.052 454.884 0
53.308 569.027 454.832 0
53.343 569.055 454.723 0
53.452 568.983 454.66 0
53.326 569.053 454.671 0
53.269 568.817 454.824 0
53.239 569.102 454.722 0
53.08 568.975 454.706 0
53.202 569.124 454.68 0
53.17 569.084 454.622 0
53.196 569.044 454.652 0
53.257 568.999 454.584 0
53.117 569.113 454.627 0
53.123 569.103 454.659 0
53.107 569.132 454.594 0
53.09 569.094 454.632 0
53.088 569.097 454.6 0
53.08 569.049 454.664 0
53.206 568.835 454.814 0
53.14 568.877 454.843 0
53.102 568.915 454.818 0
53.076 568.892 454.813 0
53.137 568.942 454.693 0
53.204 568.927 454.607 0
53.019 569.223 454.768 0
53.037 569.189 454.733 0
52.974 569.237 454.765 0
52.985 569.22 454.732 0
52.919 569.267 454.81 0
52.882 569.271 454.803 0
52.882 569.271 454.773 0
52.951 569.209 454.872 0
52.937 569.241 454.744 0
52.928 569.253 454.775 0
52.9 569.235 454.739 0
52.839 569.282 454.827 0
52.835 569.291 454.795 0
52.842 569.277 454.762 0
52.794 569.287 454.712 0
52.828 569.238 454.733 0
52.815 569.192 454.731 0
52.819 569.182 454.698 0
52.745 569.338 454.799 0
52.664 569.335 454.799 0
52.712 569.308 454.766 0
52.675 569.31 454.765 0
52.699 569.324 454.729 0
52.845 569.206 454.67 0
52.749 569.28 454.618 0
53.029 569.001 454.699 0
52.942 569.095 454.693 0
53.031 569.068 454.64 0
53.056 569.093 454.633 0
52.974 569.104 454.669 0
52.975 569.1 454.638 0
53.037 569.054 454.674 0
52.936 569.107 454.663 0
52.894 569.121 454.619 0
53.014 568.938 454.871 0
53.054 568.879 454.714 0
52.981 568.878 454.781 0
53.051 568.819 454.683 0
52.884 568.812 454.65 0
52.828 569.097 454.729 0
52.804 569.143 454.696 0
52.765 569.145 454.729 0
52.757 568.914 454.737 0
52.613 569.364 454.825 0
52.608 569.369 454.793 0
52.564 569.383 454.831 0
52.567 569.379 454.797 0
52.516 569.406 454.84 0
52.52 569.397 454.808 0
52.476 569.418 454.847 0
52.476 569.415 454.815 0
52.534 569.371 454.777 0
52.487 569.393 454.783 0
52.658 569.341 454.83 0
52.633 569.322 454.76 0
52.642 569.317 454.716 0
52.649 569.292 454.727 0
52.595 569.326 454.766 0
52.369 569.481 454.866 0
52.437 569.426 454.842 0
52.429 569.435 454.874 0
52.44 569.414 454.811 0
52.395 569.431 454.834 0
52.372 569.411 454.806 0
52.336 569.483 454.87 0
52.3 569.478 454.864 0
52.26 569.489 454.86 0
52.353 569.449 454.836 0
52.318 569.448 454.832 0
52.287 569.437 454.828 0
52.266 569.292 454.762 0
52.361 569.082 454.751 0
52.234 569.474 454.841 0
52.216 569.505 454.875 0
54.855 568.366 454.73 0
54.83 568.391 454.692 0
54.811 568.362 454.692 0
54.79 568.395 454.729 0
54.664 568.465 454.745 0
54.728 568.432 454.789 0
54.754 568.441 454.708 0
54.731 568.423 454.731 0
54.754 568.387 454.696 0
54.669 568.453 454.78 0
54.685 568.429 454.708 0
54.767 568.366 454.631 0
54.709 568.394 454.674 0
54.668 568.39 454.671 0
54.88 568.322 454.693 0
54.906 568.339 454.644 0
54.814 568.329 454.734 0
54.804 568.25 454.785 0
54.829 568.336 454.656 0
54.781 568.342 454.659 0
54.772 568.157 454.582 0
54.714 568.193 454.548 0
54.728 568.16 454.556 0
54.684 568.161 454.543 0
54.832 568.133 454.589 0
54.606 568.486 454.777 0
54.608 568.487 454.742 0
54.579 568.463 454.698 0
54.633 568.446 454.706 0
54.545 568.516 454.77 0
54.546 568.513 454.737 0
54.516 568.497 454.708 0
54.492 568.538 454.78 0
54.496 568.532 454.745 0
54.492 568.361 454.72 0
54.472 568.377 454.61 0
54.431 568.568 454.804 0
54.43 568.57 454.77 0
54.393 568.562 454.698 0
54.371 568.599 454.735 0
54.314 568.622 454.751 0
54.319 568.61 454.716 0
54.259 568.645 454.748 0
54.264 568.637 454.715 0
54.453 568.465 454.874 0
54.444 568.549 454.733 0
54.457 568.522 454.697 0
54.391 568.497 454.676 0
54.349 568.497 454.677 0
54.605 568.23 454.634 0
54.632 568.241 454.554 0
54.658 568.204 454.581 0
54.626 568.188 454.545 0
54.59 568.244 454.584 0
54.604 568.155 454.523 0
54.519 568.287 454.602 0
54.517 568.296 454.564 0
54.544 568.286 454.525 0
54.469 568.301 454.527 0
54.543 568.252 454.634 0
54.451 568.262 454.632 0
54.417 568.248 454.655 0
54.419 568.248 454.621 0
54.413 568.189 454.625 0
54.317 568.278 454.637 0
54.209 568.657 454.784 0
54.205 568.663 454.747 0
54.258 568.644 454.783 0
54.226 568.63 454.712 0
54.181 568.639 454.7 0
54.153 568.684 454.77 0
54.156 568.676 454.735 0
54.121 568.67 454.71 0
54.102 568.701 454.743 0
54.138 568.638 454.846 0
54.1 568.636 454.855 0
54.255 568.581 454.676 0
54.077 568.673 454.684 0
54.154 568.611 454.671 0
54.102 568.432 454.667 0
54.107 568.419 454.632 0
54.014 568.711 454.851 0
54.041 568.731 454.755 0
54.058 568.706 454.718 0
54.001 568.732 454.714 0
53.966 568.725 454.686 0
54.038 568.668 454.676 0
53.975 568.51 454.678 0
53.976 568.505 454.645 0
53.902 568.433 454.678 0
54.239 568.34 454.632 0
53.756 568.673 454.678 0
53.539 568.709 454.701 0
51.818 569.699 454.982 0
51.827 569.634 455.009 0
51.711 569.714 455.018 0
51.672 569.737 455.075 0
51.536 569.779 455.154 0
51.588 569.792 455.011 0
51.582 569.779 455.022 0
51.478 569.824 455.083 0
51.564 569.712 455.187 0
51.45 569.812 455.151 0
51.4 569.853 455.112 0
51.446 569.831 455.038 0
51.454 569.837 455.027 0
51.338 569.885 455.035 0
66.245 563.046 452.996 0
66.124 563.099 453.091 0
66.212 563.02 453.064 0
66.141 562.815 453.085 0
66.103 562.641 453.049 0
65.778 563.2 452.987 0
65.816 563.171 452.976 0
65.678 563.195 452.99 0
65.596 563.208 453.012 0
65.648 563.177 453.086 0
65.597 563.208 453.072 0
65.844 563.146 453.088 0
65.95 563.184 453.011 0
65.759 563.182 453.055 0
65.814 563.175 453.035 0
65.731 563.177 453.072 0
66.021 563.216 452.949 0
65.987 562.842 453.203 0
66.038 562.661 453.194 0
66.049 562.743 453.169 0
66.031 562.952 453.338 0
66.03 562.879 453.412 0
66.025 562.868 453.308 0
66.044 562.888 453.35 0
65.991 562.847 452.94 0
65.978 562.615 452.848 0
66.009 562.863 452.875 0
65.206 563.429 453.031 0
65.111 563.469 453.06 0
65.29 563.371 453.064 0
65.48 563.266 453.074 0
65.991 562.847 452.94 0
65.978 562.615 452.848 0
65.246 563.333 452.93 0
65.179 563.399 452.994 0
65.188 563.416 452.975 0
65.778 563.2 452.987 0
65.816 563.171 452.976 0
65.678 563.195 452.99 0
65.976 563.179 452.888 0
65.987 562.842 453.203 0
65.1 563.495 453.045 0
65.105 563.5 453.105 0
65.45 563.244 453.204 0
65.096 563.496 453.226 0
65.206 563.429 453.031 0
65.155 563.464 453.178 0
65.111 563.469 453.06 0
65.214 563.436 453.151 0
65.497 563.207 453.21 0
65.192 563.418 453.217 0
65.421 563.296 453.099 0
65.29 563.371 453.064 0
65.367 563.328 453.143 0
65.313 563.364 453.212 0
65.158 563.468 453.114 0
65.408 563.288 453.222 0
65.384 563.343 453.198 0
65.133 563.448 453.242 0
65.48 563.266 453.074 0
65.274 563.407 453.209 0
65.436 563.309 453.156 0
65.257 563.404 453.179 0
65.441 563.236 453.269 0
65.276 563.387 453.235 0
65.424 563.318 453.18 0
65.483 563.269 453.136 0
65.265 563.398 453.124 0
65.498 563.243 453.118 0
65.452 563.175 453.342 0
65.378 563.191 453.343 0
65.487 563.198 453.272 0
65.109 563.431 453.312 0
65.298 563.352 453.275 0
65.387 563.273 453.288 0
65.283 563.266 453.346 0
65.512 563.231 453.057 0
65.596 563.208 453.012 0
65.35 563.314 453.267 0
65.648 563.177 453.086 0
65.262 563.32 453.329 0
65.221 563.365 453.286 0
65.363 563.296 453.286 0
65.597 563.208 453.072 0
65.727 563.18 453.014 0
65.656 563.106 453.199 0
65.71 563.115 453.199 0
65.085 563.495 453.289 0
65.537 563.236 453.137 0
65.17 563.401 453.284 0
65.55 563.175 453.207 0
65.722 563.154 453.124 0
65.611 563.147 453.186 0
65.673 563.15 453.142 0
65.592 563.205 453.136 0
65.844 563.146 453.088 0
65.95 563.184 453.011 0
65.759 563.182 453.055 0
65.814 563.175 453.035 0
65.865 563.123 453.144 0
65.96 563.114 453.122 0
65.927 563.147 453.066 0
65.796 563.112 453.184 0
65.913 563.082 453.213 0
65.658 563.179 453.114 0
65.882 563.131 453.148 0
65.631 563.113 453.219 0
65.731 563.177 453.072 0
65.644 563.099 453.263 0
65.677 563.07 453.274 0
65.766 563.139 453.128 0
65.747 563.078 453.251 0
65.963 563.112 453.18 0
65.982 563.133 453.137 0
65.755 563.11 453.227 0
65.91 563.081 453.199 0
65.589 563.127 453.253 0
65.782 563.129 453.16 0
65.53 563.158 453.273 0
65.93 563.062 453.256 0
65.107 563.5 453.165 0
66.009 562.863 452.875 0
66.076 562.764 452.86 0
66.247 563.12 452.984 0
66.084 563.027 452.844 0
66.245 563.046 452.996 0
66.298 563.16 452.91 0
66.021 563.216 452.949 0
66.085 562.702 453.002 0
66.038 562.661 453.194 0
66.14 562.871 453.139 0
66.075 562.988 453.206 0
66.141 562.815 453.085 0
66.117 562.781 453.004 0
66.009 562.989 453.183 0
66.103 562.641 453.049 0
66.093 562.924 453.276 0
66.049 562.743 453.169 0
66.207 562.941 453.19 0
66.111 562.79 453.032 0
66.033 562.954 453.278 0
66.081 562.625 453.115 0
66.024 562.797 453.297 0
66.031 562.952 453.338 0
66.128 562.955 453.206 0
66.182 562.995 453.134 0
66.066 563.093 453.115 0
66.046 562.844 453.149 0
66.03 562.879 453.412 0
66.167 563.059 453.123 0
66.025 562.868 453.308 0
66.104 563.082 453.116 0
66.105 563.084 453.173 0
66.044 562.888 453.35 0
66.202 562.936 453.13 0
66.024 563.052 453.233 0
66.124 563.099 453.091 0
66.031 563.125 453.177 0
66.057 563.12 453.124 0
66.01 563.013 453.26 0
66.212 563.02 453.064 0
65.969 562.808 453.385 0
66.258 563.204 452.895 0
66.303 563.192 452.879 0
65.861 562.798 453.297 0
66.165 563.158 453.01 0
66.227 563.222 452.908 0
66.218 563.173 452.964 0
66.198 563.208 452.95 0
66.208 563.235 452.907 0
66.142 563.256 452.916 0
66.137 563.269 452.899 0
66.137 563.181 452.986 0
66.102 563.219 452.956 0
66.078 563.246 452.899 0
66.05 563.187 452.999 0
66.052 563.188 453.005 0
65.971 563.184 453.007 0
66.012 563.225 452.89 0
65.891 563.18 453.011 0
65.954 563.202 452.95 0
65.883 563.19 452.956 0
65.884 563.204 452.952 0
65.857 563.185 453.019 0
65.824 563.162 452.908 0
65.759 563.184 452.932 0
65.738 563.167 452.955 0
65.683 563.2 452.928 0
65.65 563.177 453.028 0
65.633 563.194 452.972 0
65.606 563.215 452.951 0
65.465 563.256 453.018 0
65.536 563.236 453.076 0
65.528 563.232 453.019 0
65.537 563.204 452.996 0
65.519 563.223 452.962 0
65.532 563.158 452.907 0
65.478 563.191 452.909 0
66.17 563.061 453.061 0
66.244 563.043 452.939 0
66.221 563.009 452.956 0
66.11 563.132 453.058 0
66.132 563.105 453.048 0
66.067 563.127 453.063 0
66.163 562.905 453.08 0
66.114 562.869 453.032 0
66.059 562.825 452.926 0
66.016 563.144 453.059 0
65.987 563.138 453.076 0
65.902 563.146 453.083 0
65.945 563.129 452.889 0
65.989 562.788 453.226 0
65.9 562.873 453.282 0
65.908 562.756 453.227 0
66.042 562.81 452.991 0
66.104 562.784 452.795 0
66.133 562.808 452.727 0
66.011 562.865 452.814 0
66.041 562.886 452.749 0
65.971 562.908 452.752 0
65.988 562.841 452.879 0
66.058 562.677 453.13 0
65.89 562.666 453.203 0
66.035 562.747 452.902 0
66.095 562.637 452.75 0
66.166 562.619 452.632 0
66.117 562.722 452.635 0
66.154 562.681 452.676 0
66.074 562.712 452.664 0
66.148 562.642 452.604 0
66.138 562.52 452.655 0
66.025 562.578 452.828 0
65.972 562.611 452.79 0
65.999 562.632 452.721 0
65.815 563.153 453.09 0
65.847 563.141 452.913 0
65.73 563.013 452.92 0
65.716 562.946 452.903 0
65.641 563.097 452.902 0
65.638 563.02 452.892 0
65.536 563.09 452.902 0
65.571 562.97 452.848 0
65.517 563.002 452.871 0
65.433 563.307 453.034 0
65.399 563.281 452.981 0
65.443 563.241 452.964 0
65.384 563.197 452.918 0
65.358 563.303 452.998 0
65.223 563.441 453.09 0
65.173 563.477 453.05 0
65.126 563.443 453 0
65.348 563.171 452.866 0
65.027 563.554 453.179 0
65.061 563.518 453.12 0
65.072 563.505 453.234 0
65.061 563.467 452.992 0
65.096 563.351 452.936 0
65.532 562.902 453.307 0
65.499 562.969 453.362 0
65.532 562.902 453.307 0
65.254 563.035 453.247 0
65.227 563.12 453.285 0
65.169 563.137 453.285 0
65.422 563.09 453.351 0
65.346 563.082 453.296 0
65.477 563.065 453.34 0
65.292 563.106 453.29 0
65.398 563.047 453.299 0
65.46 563.026 453.422 0
65.163 563.261 453.317 0
65.756 562.809 453.369 0
65.592 562.884 453.37 0
65.637 562.84 453.374 0
65.62 562.809 453.319 0
65.577 562.854 453.312 0
65.554 562.941 453.361 0
65.486 562.95 453.302 0
65.44 562.99 453.3 0
65.541 562.791 453.269 0
65.501 562.845 453.261 0
65.537 562.878 453.003 0
65.512 562.899 452.911 0
65.768 562.665 453.24 0
65.36 562.976 453.259 0
65.312 563.011 453.254 0
65.456 562.892 453.257 0
65.407 562.931 453.256 0
64.347 563.836 453.129 0
64.298 563.875 453.207 0
64.5 563.795 453.167 0
64.357 563.842 453.185 0
64.345 563.834 453.252 0
64.501 563.796 453.228 0
64.431 563.82 453.191 0
64.567 563.771 453.172 0
64.474 563.706 453.319 0
64.563 563.766 453.233 0
64.347 563.836 453.129 0
64.298 563.875 453.207 0
64.5 563.795 453.167 0
64.357 563.842 453.185 0
64.392 563.724 453.318 0
64.345 563.834 453.252 0
64.501 563.796 453.228 0
64.431 563.82 453.191 0
64.611 563.731 453.118 0
64.405 563.802 453.259 0
64.567 563.771 453.172 0
64.713 563.65 453.192 0
64.474 563.706 453.319 0
64.604 563.723 453.181 0
64.563 563.766 453.233 0
64.74 563.639 453.192 0
64.616 563.734 453.239 0
65.079 563.179 453.224 0
65.049 563.311 453.32 0
65.093 563.261 453.324 0
65.113 563.166 453.283 0
65.044 563.457 453.303 0
65.059 563.189 453.285 0
64.96 563.469 453.329 0
65.005 563.224 453.286 0
65.052 563.39 452.959 0
64.978 563.409 452.95 0
65.023 563.285 453.209 0
64.903 563.226 453.195 0
64.885 563.13 453.088 0
64.511 563.66 453.329 0
64.297 563.733 453.314 0
64.563 563.768 453.109 0
64.491 563.79 453.107 0
64.474 563.777 453.05 0
64.627 563.741 453.053 0
64.574 563.632 452.984 0
64.532 563.745 453.058 0
64.551 563.688 453.011 0
64.482 563.714 453.006 0
64.442 563.829 453.129 0
64.259 563.849 453.278 0
64.413 563.808 453.072 0
64.364 563.775 453.022 0
64.342 563.834 453.065 0
64.338 563.828 453.005 0
64.44 563.602 453.248 0
64.418 563.742 453.002 0
64.505 563.474 453.232 0
64.472 563.392 453.193 0
64.547 563.325 453.04 0
64.318 563.527 453.236 0
64.264 563.469 453.155 0
64.224 563.68 452.993 0
64.287 563.869 453.148 0
64.257 563.918 453.196 0
64.289 563.87 453.021 0
64.287 563.869 453.148 0
64.257 563.918 453.196 0
64.289 563.87 453.021 0
64.282 563.866 453.084 0
64.184 563.945 453.213 0
64.2 563.881 453.269 0
64.235 563.905 453.137 0
64.227 563.899 453.077 0
64.011 563.69 453.256 0
64.05 563.766 453.244 0
63.967 563.619 453.197 0
63.999 563.671 452.965 0
63.874 563.661 453.034 0
63.729 563.563 452.881 0
64.112 563.966 453.227 0
64.119 563.899 453.29 0
63.851 564.078 453.24 0
63.898 564.038 453.247 0
63.875 564.024 453.314 0
63.963 564.008 453.248 0
64.035 563.917 453.311 0
63.956 563.935 453.324 0
63.851 564.078 453.24 0
63.963 564.008 453.248 0
63.898 564.038 453.247 0
63.875 564.024 453.314 0
64.024 563.979 453.243 0
64.112 563.966 453.227 0
64.172 563.934 453.156 0
64.119 563.899 453.29 0
64.035 563.917 453.311 0
63.894 563.963 453.327 0
64.109 563.964 453.166 0
64.043 563.992 453.175 0
64.033 563.984 453.118 0
63.986 564.024 453.18 0
63.96 564.007 453.124 0
63.915 564.049 453.181 0
63.894 564.037 453.124 0
63.999 563.964 453.064 0
63.935 563.989 453.068 0
63.871 564.021 453.067 0
63.848 564.075 453.178 0
63.826 564.062 453.119 0
63.796 564.043 453.063 0
63.805 563.976 453.017 0
64.159 563.925 453.095 0
64.094 563.954 453.107 0
64.171 563.863 453.028 0
64.123 563.903 453.043 0
63.891 563.882 453.251 0
64.056 563.928 453.055 0
64.055 563.858 452.995 0
63.992 563.884 453.008 0
63.948 563.929 453.012 0
63.867 563.947 453.021 0
63.958 563.863 452.955 0
63.8 563.778 452.891 0
63.826 563.704 452.859 0
63.691 564.119 453.14 0
63.613 564.145 453.278 0
63.697 564.125 453.261 0
63.772 564.1 453.204 0
63.778 564.103 453.265 0
63.677 564.037 453.041 0
63.692 563.746 453.222 0
63.752 563.697 453.15 0
63.376 564.279 453.249 0
63.308 564.086 453.291 0
63.419 564.235 453.307 0
63.301 564.302 453.257 0
63.283 564.291 453.324 0
63.564 564.182 453.238 0
63.485 564.205 453.294 0
63.573 564.192 453.296 0
63.496 564.14 453.063 0
63.294 564.003 453.073 0
63.608 563.902 452.962 0
63.692 563.746 453.222 0
63.752 563.697 453.15 0
63.298 563.91 453.254 0
63.633 563.768 453.214 0
63.611 563.899 453.393 0
63.199 563.865 453.035 0
63.585 563.955 453.267 0
63.496 564.14 453.063 0
63.294 564.003 453.073 0
63.376 564.279 453.249 0
63.308 564.086 453.291 0
63.378 564.223 453.366 0
63.403 564.038 453.398 0
63.419 564.235 453.307 0
63.338 564.264 453.319 0
63.324 564.282 453.265 0
63.301 564.302 453.257 0
63.677 564.037 453.041 0
63.691 564.119 453.14 0
63.283 564.291 453.324 0
63.721 564.141 453.196 0
63.564 564.182 453.238 0
63.485 564.205 453.294 0
63.613 564.145 453.278 0
63.697 564.125 453.261 0
63.355 564.267 453.315 0
63.772 564.1 453.204 0
63.778 564.103 453.265 0
63.812 564.051 453.31 0
63.65 564.094 453.335 0
63.573 564.192 453.296 0
63.269 564.26 453.372 0
63.312 564.06 453.402 0
63.063 564.174 453.428 0
63.766 564.095 453.145 0
63.759 564.025 453.249 0
63.742 564.079 453.086 0
63.668 564.105 453.081 0
63.636 564.157 453.149 0
63.583 564.195 453.169 0
63.504 564.217 453.225 0
63.532 564.162 453.12 0
63.488 564.205 453.166 0
63.464 564.189 453.111 0
63.624 564.148 453.216 0
63.599 564.133 453.096 0
63.471 564.125 453.09 0
63.54 564.096 453.045 0
63.368 564.272 453.186 0
63.444 564.25 453.238 0
63.429 564.241 453.181 0
63.458 564.186 453.138 0
63.389 564.211 453.152 0
63.404 564.226 453.122 0
63.332 564.27 453.211 0
63.354 564.17 453.098 0
63.413 564.157 453.057 0
63.396 564.074 453.025 0
63.383 564.06 453.025 0
63.188 563.969 453.256 0
63.145 564.002 453.273 0
63.129 563.989 453.26 0
63.755 563.69 452.976 0
63.581 563.793 453.215 0
63.508 563.798 453.112 0
63.618 563.855 452.935 0
63.63 563.789 452.95 0
63.532 563.904 452.957 0
63.488 563.872 452.956 0
63.459 563.896 452.962 0
63.525 563.832 453.004 0
63.472 563.809 453.001 0
63.697 563.741 452.872 0
63.355 563.893 453.251 0
63.281 563.881 453.133 0
63.376 563.915 452.959 0
63.263 563.88 453.02 0
63.244 563.938 453.254 0
63.224 563.892 452.992 0
63.21 563.828 452.897 0
