38
96
49
72
46
47
96
49
51
139
54
160
57
59
59
59
64
64
777
57
59
104
96
104
116
103
139
116
220
171
36
96
43
44
36
36
0
96
0
96
96
49
72
0
0
789
0
0
96
0
51
0
139
96
0
160
57
0
59
0
59
59
49
49
0
64
777
36
104
72
57
59
0
57
0
72
220
96
0
171
268
72
227
777
227
72
72
104
0
104
184
103
148
104
88
148
0
191
103
191
103
191
103
0
0
171
103
789
116
103
139
116
49
265
116
171
0
150
365
116
103
160
160
116
139
444
116
116
150
49
220
139
150
265
139
325
64
434
229
0
116
139
116
116
308
160
220
64
0
267
0
308
139
160
308
116
139
266
325
148
0
266
229
148
268
148
116
171
194
148
150
0
148
184
103
305
171
510
116
148
171
171
184
191
0
148
266
171
171
103
325
0
184
568
0
148
104
305
316
316
305
325
148
191
316
104
148
104
148
104
229
305
64
103
103
324
383
414
403
103
0
148
305
364
403
0
414
0
191
0
49
367
383
191
365
0
734
492
305
648
579
297
500
297
648
526
948
297
457
536
590
716
492
0
500
160
413
671
268
160
265
267
579
266
434
0
0
0
0
268
316
266
268
266
342
342
267
308
324
325
325
308
64
305
305
434
342
342
150
373
268
373
266
316
160
457
441
0
590
457
434
150
342
579
568
0
500
308
0
325
324
194
268
325
580
324
0
568
500
305
526
373
575
324
0
0
148
308
316
148
342
575
575
324
579
324
308
308
160
308
457
342
0
325
342
526
305
191
305
342
648
526
325
434
316
444
390
500
579
444
171
139
403
364
0
0
580
0
268
225
414
103
510
0
434
441
265
390
526
373
266
479
390
0
414
444
0
434
386
413
0
434
478
342
482
536
413
414
364
383
492
500
482
0
235
325
590
481
523
413
305
194
191
0
0
390
305
413
478
568
316
325
305
305
575
305
194
441
568
325
367
342
590
316
0
500
305
342
434
444
492
0
342
492
0
492
441
580
434
342
160
568
670
444
305
662
575
0
481
481
481
579
268
523
434
523
536
662
523
590
526
523
526
225
568
324
510
367
0
0
413
0
0
386
367
523
568
479
827
444
648
235
0
580
492
441
836
457
316
457
0
414
575
266
434
580
444
308
580
526
0
673
457
441
457
523
716
731
568
492
342
324
579
0
526
580
0
342
305
579
305
268
561
575
731
575
0
265
590
590
836
836
836
671
305
670
225
0
670
305
265
678
492
481
568
568
478
580
413
481
536
0
633
364
316
523
678
253
0
662
367
316
575
526
316
0
305
575
441
0
0
579
342
590
457
716
492
457
492
492
0
648
568
523
580
523
526
492
308
342
568
648
731
670
316
673
523
808
732
0
673
1280
580
434
732
633
526
667
579
441
738
827
413
536
633
1310
500
536
580
523
441
457
316
0
579
590
580
526
492
812
536
673
580
434
648
305
297
648
0
500
1280
579
342
648
590
434
342
457
0
441
536
673
0
859
857
492
930
0
731
742
0
0
297
0
855
874
648
670
0
849
253
673
884
884
648
297
297
731
716
874
719
716
849
297
731
253
297
855
731
297
742
884
857
874
734
523
731
742
732
297
731
854
742
731
1001
297
0
253
849
0
884
297
884
731
948
673
849
948
1083
895
738
0
0
716
0
716
716
648
0
731
855
742
0
854
734
716
884
855
297
734
855
742
1065
851
884
859
854
171
229
49
49
88
104
104
64
160
777
64
103
49
49
777
104
104
49
229
220
0
59
789
0
789
0
72
43
792
790
790
148
0
0
792
0
116
47
266
57
139
266
150
47
47
47
0
1316
1310
0
859
0
0
806
806
0
819
840
1051
1316
812
0
0
1277
1102
2853
1326
1238
881
1226
0
0
390
673
1310
0
1316
0
884
0
609
979
738
0
945
671
895
845
0
1118
568
812
0
818
0
857
948
0
0
962
0
734
0
874
1040
859
678
882
925
930
845
1118
859
808
1160
895
878
0
840
819
0
0
884
983
0
0
854
0
962
734
731
0
895
731
895
983
854
734
0
884
948
731
1051
1117
925
678
849
662
948
948
859
948
962
884
925
859
963
818
962
963
878
877
859
942
742
999
742
948
0
845
1280
1040
667
0
925
1001
1007
1310
1083
978
1112
808
999
1001
978
0
945
1020
0
978
962
0
1154
963
979
857
983
1092
1100
1154
948
979
963
963
1140
0
0
945
963
884
978
1083
979
978
992
925
1117
948
1092
962
1001
0
0
895
1001
948
0
882
1020
1118
979
983
992
1118
1020
0
948
1102
1118
1001
1051
1160
0
1040
0
1181
1051
945
1118
1051
0
1051
1112
1012
1177
0
1091
942
1100
895
983
930
854
0
1118
1117
925
1040
948
1112
1112
925
930
849
1118
1177
874
963
1102
1188
854
1083
1140
0
1091
895
983
0
1239
963
1092
1102
1221
1246
0
1112
1238
1102
963
979
874
1051
1051
1112
1112
881
1092
1065
0
874
895
1001
1083
1044
1083
1001
1051
1100
1100
1051
1140
1083
1112
1083
1206
1117
0
1092
1100
1051
888
1133
895
1092
0
0
1118
1141
1100
1133
1083
1117
1112
0
1139
0
1100
1091
1112
1051
1170
1100
1112
1205
1117
0
881
1170
1141
1102
0
0
1092
1117
1141
1139
1188
1146
1140
1083
1133
1206
1091
2863
1102
1239
0
888
1146
1141
1140
1205
0
0
0
979
1206
1146
1205
0
1133
999
942
1206
1112
1181
942
0
1181
983
1160
857
1181
0
1102
888
930
945
840
1206
1221
1193
1188
0
1334
983
0
1187
1140
888
0
1193
1083
845
0
930
979
1331
1193
1226
0
0
1193
1118
1140
1187
0
1205
1239
1345
1181
1343
1177
983
1205
1133
1118
888
0
0
1206
1268
1231
1234
1141
1140
1239
1206
1139
1140
1238
1012
1139
1231
0
1100
1268
1139
1139
0
1246
1065
1348
1232
0
0
1260
0
1051
1188
1221
0
0
1140
1205
1193
1231
1170
1326
0
1345
1260
1268
1206
1231
1348
1331
1193
1331
2874
1348
1020
1188
0
2872
1139
2863
2905
1246
1246
1100
0
1141
1324
1146
481
1326
2853
1102
1326
0
670
2860
0
670
851
0
895
1310
670
0
1226
877
1007
895
526
2853
0
859
1173
945
2853
983
673
859
983
895
983
859
1326
738
859
859
0
812
0
673
925
719
0
1326
1226
2254
2852
0
2872
2903
0
888
0
1146
2891
1146
888
0
1334
1260
0
1350
1348
0
1337
3027
1206
1239
1345
0
1238
0
1331
1117
0
2863
0
1331
2957
2245
2872
2252
2872
3027
2246
2252
2252
2853
2372
0
0
0
0
0
0
0
1779
1474
0
0
0
0
0
0
0
0
0
0
1949
0
0
0
0
0
0
0
0
0
0
0
0
0
0
1936
0
0
0
0
0
1934
0
0
0
1560
0
2741
0
2742
0
1672
1461
2631
1654
1622
2650
0
0
2817
0
2817
0
0
0
0
0
0
0
0
0
0
0
0
0
0
0
0
0
0
0
0
2700
1624
2694
1633
1639
2700
1628
1633
2723
1694
1636
0
0
0
0
0
1654
0
1490
0
1597
0
0
0
0
1829
2314
1639
0
0
0
1672
0
2741
0
1654
2805
1551
1473
2318
1654
1654
5849
1785
1457
1473
0
5937
0
5894
5894
1622
5885
0
1713
1701
5870
0
1608
0
1572
1572
0
0
1523
1523
0
0
1516
1520
0
0
0
0
1648
0
0
1520
0
0
0
0
1617
0
0
1535
0
0
5906
1789
0
0
0
0
0
0
0
0
1559
0
0
1559
0
0
0
1656
1589
0
0
5878
0
0
0
0
0
0
0
0
0
0
1516
0
5952
1559
1593
0
1559
1581
0
1523
0
1589
0
1523
0
0
1544
0
1841
5674
0
1617
0
0
5932
0
2805
1821
2413
0
0
0
1717
0
1607
0
5903
1563
0
1478
1535
6365
0
0
0
1501
1839
0
2351
1671
1701
2402
0
0
2405
1563
0
1676
0
4474
0
1636
2700
1636
0
2723
0
1628
2696
0
0
0
0
1642
0
0
2697
0
0
0
0
1559
1663
2364
0
0
0
0
1581
0
0
1695
0
0
1463
1677
0
1620
2757
0
1424
1501
1702
2761
0
0
2723
0
0
0
0
1459
0
0
0
1713
1455
1599
1671
1461
1463
1677
0
1694
1587
1678
0
5674
1561
1706
0
0
1599
0
0
1561
0
0
0
1593
0
1702
0
1713
1565
0
1554
0
0
0
0
0
1698
0
0
0
1712
1634
1713
1554
1478
1607
5878
1558
0
1671
1719
1536
1551
0
2232
0
1829
2232
0
2232
0
0
0
0
0
0
0
1751
0
0
0
0
0
0
0
0
0
0
0
0
0
0
0
0
0
0
0
0
0
0
0
2318
2284
0
0
0
0
2284
2284
0
0
2318
0
0
0
0
0
0
1785
0
0
0
0
0
0
0
0
1869
0
0
0
1840
0
0
0
0
0
0
1821
0
0
0
0
0
0
0
0
0
0
0
0
0
0
0
1840
1840
0
0
0
0
2407
0
1854
1803
1840
1840
2408
2381
1840
0
0
0
2408
1859
1854
1840
0
2407
2225
0
0
0
0
0
0
0
0
1841
0
0
1800
0
0
2408
0
0
0
0
0
0
0
0
0
0
1800
0
1840
0
0
0
1878
0
1558
1886
0
2351
0
0
0
1893
0
1890
0
0
0
1890
0
1878
2353
0
0
0
0
0
0
0
0
0
0
1890
0
0
0
0
0
0
0
0
0
0
0
0
0
0
0
0
0
0
0
0
1388
0
1948
0
0
0
0
0
0
0
0
0
0
0
1945
0
0
0
0
0
0
0
0
0
0
0
0
0
0
0
0
0
0
1965
0
0
1865
0
0
0
0
0
0
0
0
0
0
0
0
0
0
0
0
0
0
0
0
0
0
0
0
0
2191
0
0
0
0
0
0
0
0
0
0
0
0
0
0
0
0
0
0
0
0
0
0
0
0
0
0
0
0
0
0
0
0
2067
0
0
0
0
0
2991
2975
2976
0
0
2509
0
0
0
0
2164
0
0
0
2081
0
0
0
2092
0
2085
0
2038
0
0
0
0
0
0
0
0
2114
2939
2152
0
0
0
0
0
0
2091
2034
2972
0
2218
0
2080
2531
2170
0
0
0
0
2494
0
2102
0
0
2076
2290
0
0
2849
2091
0
0
2152
2465
0
0
0
0
2095
2080
0
0
2939
2040
2110
0
2949
0
0
0
0
0
2154
0
0
0
0
2985
2110
0
0
0
2439
2991
0
0
0
2070
2923
2140
0
0
0
2168
2217
0
2830
2639
0
0
0
0
2440
2214
2083
0
0
0
0
0
0
0
0
0
0
0
2083
0
2465
0
0
2947
0
0
0
0
2076
2200
2113
2462
0
2113
0
0
0
0
2453
0
0
0
0
0
2428
0
0
2083
0
0
2219
0
0
0
2916
0
0
0
1422
2034
0
0
0
0
0
2428
2076
0
2832
0
2151
0
2978
2200
0
0
0
2095
0
0
2221
2196
0
2261
0
1671
0
2780
4457
0
2259
2268
0
0
0
2245
0
2372
2245
2725
0
2805
0
0
2380
2367
4449
2780
2227
0
0
0
0
0
0
0
0
2380
0
0
2268
2797
2445
0
2780
0
0
2268
0
2452
0
2779
0
0
0
0
2779
4448
0
0
2793
0
4471
4447
0
0
0
0
0
2050
0
0
0
2797
2488
2488
2300
0
2516
0
2590
2499
0
2452
2302
2588
2559
2510
0
0
0
0
0
0
0
0
2484
0
2473
2805
2484
2284
2805
1785
0
2484
1474
0
0
0
0
0
0
0
0
0
0
0
0
0
0
2413
0
0
0
0
0
0
0
0
0
0
0
0
0
0
0
0
2333
2367
2371
0
0
0
0
0
0
0
0
0
0
0
2409
2366
0
2381
2398
0
0
2364
0
1841
0
1821
2566
2366
0
0
0
0
0
0
0
2405
0
0
0
0
0
0
2341
0
0
0
0
0
0
0
0
1854
0
0
0
0
0
0
0
0
2408
0
0
0
0
0
2443
0
2443
0
0
2453
0
2448
0
2482
2926
2168
0
0
2920
2302
0
0
0
2439
2465
0
0
2347
0
0
0
2428
2452
2453
2448
2510
2524
2347
2464
0
2506
0
0
0
2499
2516
2462
2462
0
2426
0
2417
0
2300
2420
0
0
0
0
0
0
0
0
2452
2444
0
2300
2494
2509
2452
2576
0
2488
2452
2516
2466
0
2464
2300
2466
2464
2439
2576
0
2464
2510
0
0
0
2535
2466
2553
2509
0
2524
2440
2439
2466
2541
2452
2553
0
2464
2541
2510
0
2440
2559
0
2488
2553
2554
0
2591
2556
2464
2590
2464
0
2466
2559
2095
2095
2656
2631
2569
2564
2576
2624
2646
0
0
0
0
2506
2571
0
2569
2541
2571
2564
0
0
0
2576
2590
0
2588
0
2588
2650
2559
2631
0
2571
2564
2624
2582
2576
0
2645
2588
2590
2564
2606
0
2626
0
0
2554
0
2606
2689
2569
2631
2642
2576
2626
0
0
2626
2606
2576
0
2639
2639
2196
2588
2554
0
2102
2029
2724
2196
2801
2102
2747
2196
2689
2673
2726
0
2726
0
2559
2697
0
2646
0
0
2642
2699
2712
2646
2626
2726
0
2645
0
0
2646
2645
0
0
2588
2564
2588
0
2632
2588
2748
2757
2672
0
2672
0
2606
2741
0
0
0
0
2650
0
2744
2733
2739
1463
2726
0
0
2641
2718
2728
2170
2726
2724
2721
2687
2712
2720
0
0
0
0
2641
0
2718
0
2696
2723
0
2694
0
0
2700
0
0
2728
0
0
0
0
0
0
2641
2712
0
2641
0
2641
0
2728
2687
2734
0
0
0
0
2823
0
0
0
0
2728
0
0
0
2744
0
0
0
0
1456
1420
0
0
2650
0
0
0
0
1459
1501
0
0
1461
1412
0
0
0
2786
1412
0
0
1412
2645
0
0
0
0
0
2756
0
0
4464
2268
2767
2792
2780
4449
2780
1673
0
2780
0
0
0
0
0
2767
0
0
0
2782
4449
2784
2229
0
0
0
2484
1419
0
0
1478
2471
2784
0
2741
0
2188
0
2803
0
0
0
0
0
0
0
0
0
0
0
0
0
0
0
4450
0
0
2780
2780
888
0
0
0
0
0
2506
0
0
3028
2920
0
3020
2245
2926
0
888
888
0
0
0
0
0
0
0
0
0
2852
1326
2903
0
2859
0
0
2156
2872
0
2945
2863
3004
3004
2995
1141
1345
2853
0
3029
0
0
1326
1348
2875
1331
2891
1232
1331
1345
1268
3006
1268
3004
2945
1337
2945
0
1345
3006
2853
2945
1334
2975
1133
1337
3004
2905
2863
0
2991
0
1260
3032
2034
2916
3006
3006
1221
2979
1177
0
0
2859
2903
2947
0
2939
2939
0
888
0
0
2975
0
2440
2920
2939
2985
2948
0
2923
0
2947
0
0
0
3032
0
0
0
0
2177
0
0
0
2070
2942
2916
2954
0
2926
2874
0
2991
2991
3004
2979
2891
2949
1326
2151
0
0
2087
2940
2939
2991
0
2945
1260
0
0
2206
0
0
2926
3004
2217
2101
2087
0
3006
2945
2976
2976
2940
0
2923
2905
2923
0
1268
2985
2991
1348
2905
2874
2975
2923
0
2945
0
2949
3006
2832
1326
1350
2859
1324
2448
2926
2445
0
2448
2852
0
2452
2200
888
2336
2445
2440
0
0
0
888
0
0
2385
2905
0
0
0
3198
0
0
0
3198
0
0
0
0
0
0
0
0
0
0
0
0
0
0
0
0
0
0
0
0
0
0
0
0
0
0
0
0
0
0
0
0
0
0
0
0
0
0
3053
0
0
0
0
0
0
0
0
3157
0
0
0
0
0
0
0
0
0
0
0
0
0
0
0
0
0
0
0
0
3113
3165
0
3165
0
0
0
0
0
0
0
0
0
0
0
0
0
0
0
0
0
0
4315
0
0
0
0
0
0
0
0
0
0
0
0
0
0
0
3165
0
0
0
0
0
0
0
0
0
0
0
3164
0
0
0
0
0
0
0
0
0
0
0
0
0
0
0
0
0
0
0
0
0
0
0
0
0
0
0
0
0
0
0
0
0
0
0
4251
0
0
0
0
0
0
0
0
0
0
0
0
0
0
0
0
0
0
0
0
0
0
0
0
0
0
0
0
0
0
0
0
0
0
0
0
0
0
3271
0
0
0
0
0
0
0
0
0
0
0
0
0
0
0
0
0
0
0
0
0
0
0
0
0
0
0
0
0
0
0
0
0
0
0
0
0
0
0
0
0
0
0
0
0
0
0
0
0
0
0
0
0
0
0
0
0
3292
0
0
0
0
0
0
0
0
0
0
0
0
0
0
0
0
0
0
0
0
0
0
0
0
0
0
0
0
0
0
0
0
0
0
0
0
0
0
0
0
0
0
0
0
0
0
0
0
0
0
0
0
0
3413
0
3413
0
3407
0
0
0
0
0
0
0
0
0
0
0
0
0
0
0
0
0
0
3408
0
0
0
0
0
0
0
0
0
0
0
0
0
0
0
0
0
0
0
0
0
3344
0
0
0
0
0
0
0
0
0
0
0
0
0
0
0
0
0
0
0
0
0
3425
0
0
3292
0
0
0
0
0
0
0
0
0
0
0
0
0
0
0
0
0
0
0
0
0
3338
0
3333
0
0
0
0
0
0
0
0
0
0
0
0
0
0
0
0
0
0
0
0
0
0
3446
0
0
0
0
0
0
0
0
3912
0
0
0
0
0
0
0
0
0
0
0
0
0
0
0
0
0
0
0
0
0
0
0
0
0
0
0
3906
3575
0
0
0
0
0
0
3797
0
0
0
3906
0
0
0
0
0
0
0
0
3797
3580
0
0
0
3878
0
0
3649
3618
0
0
3543
0
0
0
0
0
3906
3489
0
3557
0
6597
0
0
0
0
0
0
0
0
0
0
0
4187
4201
0
0
3731
6597
3534
0
3253
0
0
4201
0
0
3580
4201
0
0
0
3886
0
3567
0
0
3649
0
0
0
0
0
0
0
0
0
0
0
0
0
0
0
0
0
0
0
0
0
0
4209
0
0
0
0
0
0
0
0
0
0
0
0
0
0
0
0
0
0
0
6491
0
6513
0
0
0
0
0
0
0
0
0
0
0
0
0
0
0
0
0
0
3598
0
0
0
0
0
0
6580
0
3692
0
0
3681
0
0
0
0
3902
0
0
0
0
0
0
0
0
0
0
0
0
0
0
0
0
0
0
3649
0
0
3728
6575
3580
3736
3883
3762
6583
0
3649
4355
3878
3736
3886
3719
0
0
0
3878
8424
0
0
3883
3762
0
3844
3649
0
0
0
3700
3762
0
0
0
0
0
3818
0
0
8424
8432
0
3749
0
0
0
0
0
3736
0
3877
0
3618
8449
0
0
8227
3618
0
3723
0
3749
0
8450
0
0
0
0
0
0
0
0
0
0
0
0
0
0
0
3649
0
0
0
0
0
4277
0
3850
3777
0
3789
3791
0
3784
3791
3897
3777
4207
0
0
4289
0
3803
3789
0
0
0
0
0
3789
3827
4253
0
3897
0
4303
3893
5843
0
3774
3887
0
4571
0
3817
3774
3771
3771
3530
3774
0
0
0
0
0
0
3846
0
3830
3820
3903
3792
0
0
4504
0
3820
0
0
0
0
0
0
0
0
0
0
4504
0
0
0
0
6702
4253
0
0
0
6571
3844
0
0
0
0
0
0
0
0
0
0
0
0
0
3550
3518
3893
3897
0
0
3556
3905
0
3894
0
0
3533
3815
3580
3580
0
3906
0
0
0
0
0
0
3897
3797
0
0
0
3815
0
3580
0
3518
0
0
0
3903
0
0
3893
3893
3518
0
3912
0
3844
3903
3700
0
0
3921
0
0
0
0
0
4478
4000
0
4532
4544
0
0
0
0
0
6376
0
0
0
0
0
4213
0
0
4540
0
0
3941
0
0
0
0
0
0
0
3983
8287
6232
0
0
0
4092
0
0
0
0
6085
0
6232
0
6073
0
0
3950
6080
0
0
3948
0
0
3980
0
6232
0
0
0
3980
0
3980
0
0
0
3970
0
3131
4155
0
0
6090
4535
0
0
0
0
0
4158
0
0
3731
0
0
0
0
4492
0
0
0
0
0
4066
0
0
0
3974
0
0
0
0
0
0
0
0
0
0
0
0
0
0
0
0
0
0
4047
0
0
0
0
0
0
0
0
0
0
0
0
4067
0
0
0
4055
0
0
0
0
0
0
0
0
0
0
0
4055
0
0
0
0
0
0
0
0
0
0
0
0
0
0
0
0
4023
0
0
4055
0
0
4080
4102
0
0
0
0
0
4078
4102
0
0
0
0
4009
0
4102
0
4103
0
0
0
0
0
0
0
0
0
0
3204
0
4009
0
4111
0
0
0
0
3654
0
0
0
0
0
0
3964
0
0
4190
0
4186
4204
0
0
4147
0
4178
4522
4178
3649
4197
0
3731
0
4204
4196
0
4153
0
4187
4532
4216
0
4178
5741
6599
3731
0
4522
4190
4533
0
4164
4164
0
3731
0
6573
4176
4190
5741
5989
0
0
0
0
4190
4158
0
0
0
0
0
4274
0
0
0
4206
3917
0
4571
6394
0
0
0
0
4217
0
0
4141
3999
0
4289
4193
0
0
6448
0
4566
0
4522
0
0
0
0
0
4213
0
0
0
4000
0
4532
0
0
0
3578
0
4158
0
0
0
0
0
0
0
0
0
4522
0
0
0
0
4314
0
0
0
0
0
0
0
0
0
0
0
0
0
4259
0
0
0
0
0
0
3792
0
0
4273
4216
0
0
0
0
6642
0
0
0
0
4283
0
0
4314
0
3791
0
0
4164
0
4314
0
0
0
0
0
0
4362
3131
4305
0
3654
4314
4305
0
0
4317
0
0
0
0
0
0
0
0
0
0
0
3119
4322
0
0
0
0
0
0
0
0
0
0
0
0
0
0
0
8229
0
0
0
0
0
0
0
8450
3749
0
0
4126
8450
0
3580
0
0
0
0
0
0
0
0
0
6216
6085
0
4385
0
6079
4224
0
0
0
0
4377
0
0
0
0
0
6079
4385
0
0
0
0
0
0
0
0
0
0
0
0
0
0
0
0
0
0
0
0
0
0
0
0
0
0
0
4409
0
4409
0
0
4391
0
0
0
0
0
0
0
0
0
0
0
0
0
0
0
0
0
0
0
0
0
0
0
0
0
0
0
0
0
3922
4478
0
4541
0
4459
0
0
0
4492
4459
4459
4532
0
5999
0
4459
4473
4473
2277
0
0
0
0
0
4540
0
0
0
0
0
0
0
4459
4459
0
0
0
0
4510
0
0
4510
0
3849
0
3830
4516
3828
3921
0
4532
0
0
3921
4504
0
4516
5659
0
4510
3830
0
0
0
0
4551
4535
0
4557
4197
0
4197
5989
4197
4158
3999
0
4173
4213
0
0
0
4216
0
0
4213
4186
4547
0
0
0
4547
0
4446
4446
0
4153
4541
3917
0
3921
4492
4536
4547
5718
0
4532
4492
4547
0
4541
0
6379
3850
0
0
4197
0
4194
0
0
0
4572
0
4193
0
4204
4289
4194
0
0
0
0
0
0
0
0
0
0
0
0
0
0
0
0
0
4646
0
0
0
0
0
0
0
0
4689
0
0
0
0
0
0
0
0
0
0
0
0
0
0
0
0
0
0
0
0
0
0
0
0
0
0
0
0
0
0
0
0
0
0
0
0
0
0
0
0
0
0
0
0
0
0
0
0
0
0
0
0
0
0
0
0
0
0
0
0
5505
0
0
0
0
0
0
0
0
0
0
0
0
0
0
0
0
0
0
0
0
0
0
0
0
0
0
0
0
0
0
0
0
0
0
0
0
0
0
0
0
0
0
0
0
0
0
0
0
0
0
0
0
0
0
0
0
0
0
4824
0
4747
0
0
0
0
0
0
0
0
0
0
0
0
0
0
0
0
0
0
0
0
0
0
0
0
0
0
0
0
0
0
0
0
0
0
0
0
0
0
0
0
4649
0
5170
0
0
0
0
0
0
0
0
0
0
0
0
0
0
0
0
0
0
0
0
0
0
0
0
0
0
0
0
0
0
0
0
0
0
0
0
0
0
0
0
0
0
0
0
0
0
0
4734
0
0
0
0
0
0
0
0
0
0
0
0
0
0
0
0
0
0
0
4835
0
0
0
0
0
0
0
4844
0
4826
4856
0
0
0
0
0
0
0
0
0
0
0
0
0
0
0
0
0
0
0
0
0
0
0
0
0
0
0
0
0
0
0
0
0
0
0
0
0
0
0
0
0
0
0
0
4866
0
0
0
4917
0
0
0
4925
4923
4917
4932
4920
5488
5057
0
4866
0
0
0
0
0
0
4937
0
4924
4920
0
0
0
0
4920
0
0
0
0
0
5055
4920
0
0
0
0
0
0
0
0
0
0
0
0
0
4972
0
0
0
0
0
0
0
0
0
0
0
0
0
0
0
0
0
0
0
0
4989
0
0
0
4974
0
0
0
5057
0
0
4978
5055
5052
0
0
0
0
5062
0
0
0
0
0
0
0
0
0
0
0
0
0
0
0
0
0
0
0
0
0
0
0
0
0
0
0
0
0
0
0
0
0
0
0
0
0
0
0
0
0
0
0
0
0
0
0
0
0
0
0
0
0
0
0
0
0
0
0
5083
0
0
5083
0
0
0
5051
0
0
0
0
0
0
0
0
5099
5119
0
5051
0
5067
5505
0
0
0
0
0
5104
0
0
0
0
0
0
0
0
0
0
0
0
5108
0
0
0
0
0
0
0
0
5074
5381
0
0
0
5168
5057
0
0
0
5389
0
5089
0
5089
0
0
5074
5049
5509
0
0
0
0
0
0
5405
0
0
0
0
0
0
0
0
0
0
0
0
0
0
0
0
0
0
0
0
0
0
0
0
0
0
0
0
0
0
0
0
0
0
0
5355
0
0
0
0
0
0
0
0
0
0
0
5199
5490
0
0
0
0
0
5220
5269
5187
5257
5218
5241
5185
0
5230
0
0
5241
0
5255
0
0
0
0
0
5490
0
0
0
0
0
0
0
5484
0
0
0
0
0
0
0
0
5190
5190
5190
5230
0
5187
0
0
0
5241
5269
0
5269
5241
0
5190
0
5253
0
0
5228
0
0
0
0
0
5259
0
5253
0
0
0
0
5333
0
0
5285
5255
0
0
5255
0
5257
0
5244
0
5344
0
5255
0
5317
0
0
5339
0
0
5359
5339
0
5255
0
0
5289
0
0
0
5246
0
0
0
0
0
5351
0
5289
0
0
0
0
0
0
0
0
0
0
0
0
0
0
0
0
0
0
0
0
0
0
0
0
0
0
0
0
0
5317
0
5334
0
0
5340
0
5342
5339
5317
5336
5342
5336
5345
5340
0
0
0
0
0
5388
0
0
0
0
0
0
0
5388
0
0
0
0
0
0
0
0
0
5391
0
5361
0
0
0
0
0
0
5381
5336
0
0
0
5362
0
0
5372
0
0
0
0
0
5399
0
0
0
0
5341
5333
5362
0
0
0
5364
0
5510
0
0
0
5297
0
0
0
0
0
5128
0
0
0
5508
5374
0
0
0
0
0
5405
0
0
5423
0
0
0
0
0
0
0
5391
0
0
0
5399
0
0
0
5106
0
0
0
0
0
0
0
0
0
0
4743
0
0
0
0
0
0
0
0
0
0
0
0
0
0
0
0
0
0
0
0
0
0
0
5302
0
0
0
0
0
0
0
0
0
0
4602
5124
0
0
0
4763
0
0
0
0
0
0
0
0
0
0
0
0
0
0
0
0
0
0
0
0
0
0
0
0
0
0
0
0
0
0
0
0
0
0
0
5520
0
0
0
0
0
0
0
5489
5869
5572
6427
6029
0
5538
4075
0
5535
0
0
6311
0
0
5540
6320
0
6316
0
6311
6310
0
5624
5624
5617
5617
5869
5643
0
5660
5584
5643
5869
5869
5597
5584
5602
0
5556
5595
6426
6426
5618
0
0
6243
5595
5617
5618
6431
5643
5618
0
5584
6131
6632
0
6243
5605
5617
0
0
5565
6197
5660
0
0
0
5875
0
5657
0
5616
6142
0
5584
0
0
5605
5595
5584
0
6438
6197
5616
0
0
5838
0
0
0
5572
5623
6197
5878
0
0
5614
0
0
5605
5769
5623
6197
5572
0
5675
0
0
0
0
0
0
0
0
0
5659
6243
1540
0
0
0
0
0
5675
0
5675
0
5649
0
5879
0
0
5659
0
0
0
5675
5898
0
5815
6316
5681
0
0
5697
0
0
0
5837
5898
5773
1595
0
5681
1595
5819
5681
0
0
0
0
5697
0
1581
0
0
0
0
0
0
0
0
0
0
0
0
0
0
0
5789
0
0
0
0
5837
0
0
5833
0
0
0
0
0
0
0
0
0
0
5851
0
0
0
0
0
0
0
0
0
0
0
0
0
0
0
0
0
0
0
0
0
0
0
0
0
0
0
0
0
0
0
5846
0
0
0
5640
0
0
0
0
5829
0
0
0
0
0
0
0
4187
0
5833
0
0
0
0
0
0
0
0
5707
0
0
0
0
5838
0
0
0
0
0
6282
0
0
6430
0
5584
0
0
0
5806
4079
0
0
0
5837
0
6316
0
0
5826
0
0
0
5846
5851
5783
5826
0
0
5640
5640
0
0
5851
6141
0
5851
0
0
0
0
5833
0
5826
5921
0
0
6141
0
5648
5789
0
1677
0
5657
1565
0
5649
5202
0
0
0
6632
5675
5851
5675
0
0
0
0
0
0
0
5879
0
5657
0
0
6632
0
0
0
5675
0
1516
0
0
0
1565
1572
6632
0
0
5916
0
5202
0
0
5879
5202
0
1565
5649
6431
5894
0
6632
5884
0
5945
1535
5936
1606
5952
1717
5675
1676
5955
0
5922
5922
1607
5922
0
0
1607
0
6431
0
5556
6369
1535
0
5662
0
5959
5945
6411
0
0
5978
5605
6197
0
1536
5983
5892
0
0
0
0
5959
0
5593
0
5978
0
0
0
0
0
0
5978
5962
0
0
0
0
0
0
5964
0
0
5185
5952
0
5978
0
0
0
0
0
0
0
5878
0
5595
0
1544
6197
0
0
0
5746
0
0
4496
3834
0
0
4053
0
0
0
4494
5659
0
0
0
6005
6111
6029
0
6057
6268
6136
6029
6134
0
0
0
0
6172
6029
0
6134
6080
6069
0
6270
0
0
6131
0
0
6187
0
0
0
0
0
0
5890
0
6053
0
0
0
0
0
0
0
0
0
0
0
0
0
0
0
0
0
0
0
6084
0
6052
0
0
6084
0
0
0
0
0
0
0
0
5038
0
0
0
0
0
6232
6175
0
0
0
0
0
6085
0
0
0
0
0
0
0
6069
6216
0
0
0
0
0
0
0
0
0
6430
0
6111
0
6270
0
0
0
0
5983
0
0
6369
1572
5892
0
0
5595
6037
0
6181
0
0
0
0
0
0
0
0
6136
0
6204
0
0
0
0
6228
0
5532
6220
0
5889
0
0
0
0
0
5892
5245
0
6369
0
5922
6369
6220
5983
1565
5613
5613
5613
0
5878
6369
5894
0
0
6046
0
0
6414
0
6190
5616
0
6337
5660
0
0
0
0
6190
7649
0
6267
6181
0
0
6226
6150
0
0
6204
6197
6185
0
0
0
0
0
0
6339
6334
6190
5878
0
0
0
0
0
6357
6334
0
0
0
0
0
6357
6187
0
0
0
0
0
0
0
0
0
0
6026
0
0
0
6262
0
0
0
0
0
0
0
6243
0
6130
0
6267
6427
0
5623
0
5549
6267
0
6229
5549
0
6153
0
0
6427
0
0
6310
0
0
0
0
0
6310
6267
6274
6153
6267
0
6310
0
6050
6267
6274
6430
0
6090
6204
6176
6153
6267
6204
6310
6262
6438
6450
6320
6153
6450
6229
6430
6274
0
6204
6274
5549
5549
6430
0
0
6320
6420
6420
6450
0
6316
6262
6316
0
5544
5623
6334
6204
0
5623
0
6264
6438
5544
5544
6320
7629
0
0
0
0
0
0
6226
0
0
0
0
6357
0
0
0
0
0
0
0
6357
7630
6325
0
0
5532
6176
0
5556
0
0
5597
0
5889
5660
6197
0
1569
6197
5955
1572
6197
3970
0
0
6072
0
5225
0
0
6072
0
0
6376
0
0
0
0
0
0
0
0
0
0
0
0
0
0
0
0
0
0
0
0
0
0
0
0
0
0
0
0
6427
6420
6431
6431
6431
0
6427
6431
5597
6426
5556
0
0
6414
6316
0
0
6414
6316
5532
5618
6316
6311
0
6438
6316
6311
6414
5540
6282
6316
5540
6414
0
6311
0
5869
0
5572
5869
5540
0
4127
6427
0
6474
0
6849
0
6478
6844
6478
6514
6478
6474
6514
6474
6529
0
0
6844
0
6478
0
6478
0
6844
6494
6474
0
6514
6478
6513
6511
6474
6476
0
0
6492
0
6492
6494
0
6474
6514
6532
6520
6852
6491
6844
0
6513
6536
0
6505
0
0
6615
0
0
0
6833
6575
6519
0
0
6511
6822
0
0
0
0
6532
0
0
0
0
0
0
0
0
0
0
6514
0
0
0
0
0
0
0
0
0
0
0
0
6491
6833
0
0
0
0
0
0
0
0
0
0
0
0
0
0
0
5659
0
0
0
4507
0
0
0
6615
6615
0
0
0
4209
6615
0
6622
6622
0
0
0
0
0
0
0
0
0
0
0
0
0
0
0
0
0
0
0
0
0
0
0
0
0
0
0
0
0
0
0
0
0
0
0
0
0
0
6569
0
6630
0
0
6601
0
6758
0
6627
6640
6630
5649
0
6762
6632
0
5675
0
0
6726
6630
0
6664
6669
6657
0
6669
3530
6664
7209
7216
0
0
0
0
0
0
0
0
0
0
0
0
0
0
0
0
0
0
0
0
0
0
0
0
0
0
0
0
0
0
0
0
0
0
0
0
0
0
0
0
6702
0
0
0
0
0
0
0
0
0
0
0
0
0
0
0
6708
0
6710
0
0
0
0
0
0
0
0
0
6410
0
0
0
0
0
0
0
0
0
0
0
0
0
0
0
0
0
0
0
0
0
0
0
0
0
0
0
0
0
0
0
0
0
0
0
0
0
0
0
0
0
0
0
0
0
0
0
0
0
0
0
0
0
0
0
0
0
0
0
0
0
0
0
0
0
0
0
0
0
0
0
0
0
0
0
0
0
0
0
0
0
0
0
0
0
0
0
0
0
6513
0
0
6575
0
0
0
0
0
0
0
0
0
0
0
0
0
0
0
0
0
0
0
0
0
0
0
0
0
6532
0
6478
6463
6532
0
0
6514
0
0
0
0
0
0
0
0
0
0
0
0
0
0
0
0
0
0
6872
0
0
0
0
0
0
0
0
0
0
0
0
0
0
0
0
0
0
0
0
0
0
0
0
0
0
6474
6529
0
0
0
6478
0
0
0
0
0
0
6476
0
6474
0
6927
0
0
0
0
0
0
0
6478
0
0
6474
0
0
0
0
0
0
0
0
0
0
0
0
0
0
0
0
0
0
0
0
0
0
0
0
0
0
0
0
0
0
0
0
0
0
0
0
0
0
0
0
0
0
0
0
0
0
0
0
0
0
0
0
0
0
0
0
0
0
0
0
0
0
0
0
0
0
0
0
0
0
0
0
0
6987
0
0
0
0
0
0
0
0
0
0
0
0
0
0
0
0
0
0
0
0
0
0
0
0
0
0
0
0
0
0
0
0
0
0
0
0
0
0
0
0
0
0
0
0
0
0
0
0
0
0
0
0
0
0
0
0
0
0
0
0
0
0
0
0
0
0
0
0
0
0
0
0
0
0
0
0
0
0
0
0
0
0
0
0
0
0
0
0
0
0
0
0
0
0
0
0
0
0
0
0
0
0
0
0
0
0
0
0
0
7209
0
0
0
0
0
0
0
0
0
0
0
0
0
0
0
0
0
0
0
0
0
0
0
0
0
0
0
0
0
0
0
0
0
0
0
0
0
0
0
0
0
0
0
0
0
0
0
0
0
0
0
0
7212
0
0
0
0
0
0
0
0
0
0
0
0
0
0
0
0
0
0
0
0
0
0
0
7191
0
0
0
0
0
0
0
0
0
0
0
7212
0
0
0
0
0
0
7195
0
0
0
7216
6669
0
0
7157
0
0
6669
0
0
0
0
7195
0
0
0
0
6669
0
0
0
0
0
0
0
0
0
0
0
0
0
0
0
0
0
0
0
0
0
0
0
0
0
0
0
0
0
0
0
0
0
0
0
0
0
0
0
0
0
0
0
0
0
0
0
0
0
0
0
0
0
0
7645
0
0
0
0
0
0
0
0
0
0
0
0
0
0
0
0
7284
0
0
0
0
0
0
0
0
0
0
0
0
0
0
0
0
0
0
0
0
0
0
0
0
0
0
0
0
0
0
0
0
0
0
0
0
0
0
0
0
0
0
0
0
0
0
0
0
0
0
0
0
0
0
0
0
0
0
0
0
0
0
0
0
0
0
0
0
7581
0
0
0
0
0
0
0
0
0
0
0
0
0
0
0
0
0
0
0
0
0
0
0
0
0
0
0
0
0
0
0
0
0
0
0
0
0
0
0
0
0
0
0
0
0
0
0
0
0
0
0
0
0
0
0
0
0
0
0
0
7284
0
0
0
0
0
0
0
0
0
0
0
0
0
0
0
0
0
0
0
0
0
0
0
0
0
0
0
0
0
0
0
0
0
0
0
0
0
0
0
7405
7422
0
0
0
0
0
0
0
0
0
0
0
7410
0
0
0
0
0
0
0
7414
0
0
0
0
0
0
0
0
0
0
0
7593
0
0
0
0
0
0
0
0
0
0
0
0
0
0
0
0
0
0
7653
0
0
0
0
0
0
0
0
0
0
0
0
0
0
0
0
0
0
0
0
0
0
0
0
0
0
0
0
0
0
7614
0
0
0
0
0
0
0
0
0
0
0
0
0
0
0
0
0
0
0
0
0
0
0
0
0
0
0
0
0
0
7581
0
0
0
0
7581
0
7469
7474
6325
0
0
7623
0
7623
0
7608
7623
7653
0
0
0
0
0
0
7623
0
0
0
0
0
0
0
0
0
0
0
0
0
0
0
0
0
0
0
6251
0
0
0
0
0
0
0
0
0
7490
0
0
0
0
7641
0
7520
7465
0
0
7517
0
0
0
0
0
0
0
0
7505
0
7666
0
7464
7667
7332
7417
0
0
0
0
0
0
0
0
0
0
0
0
0
0
0
0
0
0
0
0
0
0
0
0
0
0
0
0
0
0
0
0
0
0
0
0
0
0
0
0
0
0
0
0
0
0
0
0
0
0
0
0
0
0
0
0
0
0
0
0
0
0
0
0
0
0
0
0
0
0
0
0
0
0
0
0
0
0
0
0
0
0
0
0
0
0
0
0
0
0
0
0
0
0
7969
0
0
0
0
0
0
0
0
0
0
0
0
0
0
0
0
0
0
0
0
0
0
0
0
0
0
0
0
0
0
0
0
0
0
0
0
0
0
0
0
0
0
0
0
0
0
0
0
0
0
0
0
0
0
0
0
0
0
0
0
0
0
0
0
0
0
0
0
0
0
0
0
7829
0
0
0
0
0
0
0
0
0
0
0
0
7851
0
0
7889
0
0
0
0
0
0
0
0
0
0
0
0
0
0
0
0
0
0
0
0
0
0
0
0
0
0
0
0
0
0
0
0
0
0
0
0
0
5485
0
0
7969
0
0
0
0
0
0
0
0
0
0
0
0
0
0
0
0
0
0
0
0
0
0
0
0
0
0
0
0
0
0
0
0
0
0
0
0
0
0
0
0
0
0
0
0
0
0
0
0
0
0
0
0
0
0
0
0
0
0
0
0
0
0
0
0
0
0
0
0
0
0
0
0
0
0
0
0
0
0
0
0
0
0
0
0
0
0
0
0
0
0
0
0
0
0
0
0
0
0
0
0
0
0
0
0
0
0
0
0
0
0
0
0
8003
0
0
0
0
0
0
0
0
0
0
0
0
0
0
0
0
0
0
0
0
0
0
0
0
0
0
0
0
0
0
0
0
0
0
0
0
0
0
0
0
0
0
0
0
0
0
0
0
0
0
0
0
0
0
0
0
0
0
0
3975
0
0
8332
0
0
0
3970
0
0
0
0
0
0
0
0
0
0
0
0
0
0
0
0
0
0
0
0
8091
0
0
0
0
0
0
8118
0
0
0
8054
7942
0
0
0
0
0
8332
0
0
0
8141
0
8118
0
0
0
0
0
0
0
0
0
0
0
0
0
0
0
0
0
0
0
0
0
0
0
0
8294
0
0
0
0
0
0
0
0
0
0
0
8155
0
0
0
0
0
0
0
0
0
0
0
0
0
0
8189
0
0
0
0
3723
0
0
0
0
0
0
0
0
0
0
0
8229
0
8189
0
0
0
0
0
0
0
0
8155
0
8228
0
0
0
8175
0
0
0
0
0
0
0
0
0
8049
0
0
0
0
0
8219
0
0
0
0
0
0
0
0
0
0
0
0
0
0
0
0
0
8201
0
0
0
0
0
0
0
0
0
0
0
0
0
0
0
0
0
0
0
0
0
0
0
0
0
0
0
0
0
0
0
0
8101
0
0
0
8064
0
0
0
0
0
8091
0
0
8314
3962
0
8078
8284
3970
0
0
0
0
0
0
0
0
0
0
0
0
0
0
0
0
0
0
0
0
0
0
0
0
0
0
0
0
8332
0
0
0
0
0
0
0
0
0
0
0
0
0
0
0
0
0
0
0
0
0
0
0
0
0
0
0
0
0
0
0
0
0
0
0
0
0
0
0
0
0
0
0
0
0
0
0
0
0
0
0
0
0
0
0
0
0
0
0
0
0
0
0
0
0
0
0
0
0
0
0
0
0
0
0
0
0
0
0
0
0
0
0
8579
0
0
0
0
0
0
0
8584
0
0
0
0
0
0
0
0
0
8411
0
0
0
0
0
0
0
0
0
0
0
0
0
0
8450
0
0
0
0
0
0
0
0
8450
0
0
0
8439
8579
0
3575
0
0
0
0
0
0
0
0
0
0
0
0
0
0
0
0
0
0
0
0
0
0
0
0
0
0
0
0
0
0
0
0
0
0
0
8588
0
0
0
8588
0
0
0
0
0
0
0
0
0
0
0
0
0
0
0
0
0
0
0
0
9100
0
0
0
0
0
0
0
0
0
0
0
0
0
0
0
0
0
8897
0
0
0
0
0
0
0
0
0
0
0
0
0
0
0
0
0
0
0
0
0
0
0
0
0
0
0
0
0
0
0
0
0
0
0
0
0
0
0
0
0
0
0
0
0
0
0
0
0
0
0
0
0
0
0
0
0
0
0
0
0
8492
0
0
0
0
0
0
0
0
0
0
0
0
0
0
0
0
0
0
0
0
0
0
8613
0
0
0
0
0
8421
0
0
0
8894
0
0
0
0
0
0
0
0
0
0
0
0
0
0
0
0
0
0
0
0
0
0
0
0
0
0
0
0
0
0
0
0
0
0
0
0
0
0
0
0
0
0
0
0
0
0
0
0
0
0
0
0
0
0
0
0
0
8777
0
0
0
0
0
0
0
0
0
0
0
0
0
0
0
0
0
0
0
0
0
0
0
0
0
0
0
0
0
0
0
0
0
0
0
0
0
0
0
0
0
0
0
0
0
0
0
0
0
0
0
0
0
0
0
0
0
0
0
0
0
0
0
0
0
0
0
0
0
0
0
0
0
0
0
0
0
0
0
0
8770
0
0
0
0
0
0
8766
0
0
0
0
0
0
0
8772
0
0
0
0
0
0
0
0
0
0
0
0
0
0
0
0
0
0
0
0
0
0
0
0
0
0
0
0
0
0
0
0
0
0
0
0
0
0
0
0
0
0
0
0
0
0
0
0
0
0
0
0
0
0
0
0
0
0
0
0
0
0
0
0
0
0
0
0
0
0
0
0
0
0
0
0
0
0
0
0
0
0
0
0
0
0
0
0
0
0
0
0
0
0
0
0
0
0
0
0
0
0
0
0
0
0
0
0
0
0
0
0
0
0
0
0
0
0
0
0
0
0
0
0
0
0
0
0
0
0
0
0
0
0
0
0
9172
0
0
0
0
0
0
0
0
0
0
0
0
0
0
0
0
0
0
0
0
0
0
0
0
0
0
0
0
0
0
0
0
0
0
0
0
0
0
0
0
0
0
0
8584
0
0
0
0
0
0
0
0
0
0
0
0
0
0
0
0
8777
0
0
0
0
0
0
0
0
0
0
0
0
0
0
0
0
0
0
0
0
0
0
0
0
0
0
0
0
0
0
0
0
0
0
0
0
0
0
0
0
0
0
0
0
0
0
0
0
0
0
0
0
0
0
0
0
0
0
0
0
0
0
0
0
0
0
0
0
0
0
0
0
0
0
0
0
0
0
0
0
0
0
0
0
0
0
0
0
0
0
8912
0
0
0
0
0
0
0
0
0
0
0
0
0
0
0
0
0
8946
0
0
8510
0
0
0
0
0
0
0
0
9086
0
0
0
0
0
0
0
0
0
0
0
0
0
0
0
0
0
0
0
0
0
0
0
0
0
0
0
0
0
0
0
0
0
0
0
0
0
0
0
0
0
0
0
0
0
0
0
0
0
0
0
0
0
0
0
8892
0
0
0
0
0
0
0
9155
0
0
0
0
0
0
0
0
0
0
0
9155
0
0
0
0
0
0
0
0
0
0
0
0
0
0
0
0
0
0
0
0
0
0
0
0
0
0
0
0
0
0
0
0
0
0
0
0
0
0
0
8073
0
0
0
0
0
0
0
0
0
0
0
0
0
0
0
0
0
0
0
0
0
0
0
0
0
0
0
0
0
0
0
0
0
0
0
0
0
0
0
0
0
0
0
0
0
0
0
0
0
0
0
0
0
0
0
0
0
0
0
0
0
0
0
0
0
0
0
0
0
0
8271
0
0
0
0
0
0
0
0
0
0
0
0
0
0
0
0
0
0
0
0
0
0
0
0
0
0
0
0
0
0
0
0
0
0
0
0
0
0
0
0
0
0
0
0
0
0
0
0
0
0
0
0
0
0
0
0
0
0
0
0
0
0
0
0
0
0
0
0
0
0
0
0
0
0
0
0
0
0
0
0
0
0
0
0
0
0
0
0
0
0
0
0
0
0
0
0
0
0
0
0
0
0
0
0
0
0
0
0
0
0
0
0
0
0
0
0
0
0
0
0
0
0
0
0
0
0
0
0
0
0
0
0
0
0
0
0
0
0
0
0
0
0
0
0
