38
39
41
42
46
51
48
49
51
126
54
55
57
58
59
60
64
65
66
70
71
89
96
232
108
109
110
126
146
167
36
77
43
44
0
0
0
38
0
0
0
0
0
0
0
0
0
51
0
0
0
0
126
0
0
0
59
0
0
0
0
0
0
0
0
0
0
0
0
0
0
0
0
0
0
0
0
0
0
0
0
0
0
0
0
0
0
0
160
0
0
0
0
0
0
0
0
0
0
0
0
0
0
234
232
0
0
0
0
0
0
119
118
0
143
0
141
59
0
0
96
0
0
141
119
0
0
0
0
0
0
0
0
0
170
0
0
170
0
119
0
0
0
0
0
0
0
265
0
393
407
0
59
0
0
0
0
766
0
0
0
143
0
0
383
0
0
0
190
172
0
0
0
0
102
0
0
0
143
0
802
0
82
0
397
206
131
276
202
0
0
215
428
0
0
0
466
423
0
94
198
153
0
0
0
209
0
0
0
0
0
423
0
0
0
0
0
0
193
102
0
0
159
0
0
0
0
0
0
0
0
0
0
0
0
0
0
587
594
0
0
651
729
0
0
563
249
417
542
0
809
0
1284
0
1312
0
110
0
0
500
0
0
232
265
214
0
144
307
367
260
347
419
280
365
0
0
0
396
0
383
0
307
612
0
549
0
0
520
0
580
212
0
338
0
371
0
581
690
0
298
345
399
520
227
326
460
512
0
0
337
0
229
0
558
469
367
521
158
587
159
338
404
388
0
0
502
0
326
402
323
0
603
563
592
381
221
460
0
0
484
232
0
298
418
338
0
0
0
308
275
0
223
0
350
0
226
0
0
298
361
384
0
0
189
0
0
557
0
812
0
0
0
367
183
504
488
550
0
371
142
0
0
566
0
0
624
0
391
0
0
0
0
0
0
479
0
0
0
500
0
420
0
0
0
0
0
542
0
419
0
423
0
0
377
0
0
0
0
0
0
0
426
544
0
550
346
0
621
0
564
0
193
426
441
0
377
423
520
500
512
127
0
393
539
1312
514
513
612
504
412
177
492
426
608
377
0
502
492
0
510
0
594
402
486
203
0
0
380
0
0
592
0
390
488
326
502
0
412
0
0
0
416
0
632
0
391
0
0
0
397
586
0
0
486
404
501
377
397
561
491
0
0
0
520
0
729
673
0
613
367
0
285
0
0
0
0
618
417
0
570
0
0
618
632
357
244
515
601
624
275
544
0
224
640
392
346
0
356
307
0
235
542
0
0
0
550
603
0
563
0
0
465
624
391
492
484
0
0
0
0
675
0
624
0
0
419
0
488
0
566
0
198
640
0
411
465
0
0
676
0
0
0
286
579
513
293
0
0
566
399
393
0
0
510
0
480
0
570
357
0
0
0
352
0
531
0
558
389
0
0
1295
670
0
0
620
257
278
624
0
670
0
0
0
828
0
0
0
0
732
0
0
1272
0
0
0
0
0
0
658
0
0
345
842
0
0
0
0
0
654
847
629
0
0
736
0
635
0
668
0
0
626
0
0
876
0
676
671
0
0
0
0
0
0
0
0
0
0
0
0
240
695
717
0
580
0
0
253
0
690
0
0
0
0
0
805
0
0
0
931
706
586
621
864
626
731
0
0
0
748
586
878
0
834
0
0
0
674
0
745
0
0
0
1172
895
0
882
966
927
0
0
1310
0
0
0
0
844
0
738
0
668
0
0
0
0
0
0
0
884
0
0
886
0
0
0
0
805
882
224
232
227
227
298
0
0
138
141
0
0
0
226
0
0
0
772
0
0
0
0
0
0
0
0
0
0
0
0
0
0
0
0
0
0
0
0
798
798
0
0
0
0
801
0
0
0
0
0
0
0
0
0
0
0
0
0
0
0
804
0
0
0
0
0
0
0
0
0
1322
0
0
0
0
0
0
0
0
0
0
828
0
0
0
810
0
0
0
0
0
0
0
1033
1028
0
0
689
998
0
0
0
906
664
852
0
0
0
0
844
0
0
0
0
0
0
0
0
0
0
0
0
0
0
0
0
0
0
0
949
0
1201
0
0
0
980
0
0
1164
0
741
927
0
0
253
728
1125
0
1059
906
0
867
914
1015
0
678
1117
0
0
864
0
0
0
1153
0
947
0
1133
0
1048
0
0
1024
0
0
0
0
0
862
0
1003
1035
839
0
0
1312
1225
0
0
0
1077
0
0
0
960
0
0
0
952
1085
0
731
804
0
0
1026
0
0
745
0
0
889
0
0
0
0
715
953
0
890
814
0
1024
883
0
0
0
0
0
0
0
0
0
0
862
1078
0
927
917
1048
0
1010
0
0
1231
986
0
0
0
0
1070
0
851
1151
0
0
0
959
0
0
974
0
1177
0
1215
1059
0
753
0
1019
0
1199
0
1074
0
2884
1040
0
1126
0
1028
1024
1157
1173
0
940
0
0
0
857
1055
0
0
869
0
1108
1125
889
0
0
0
1262
840
0
1048
1024
1078
929
966
753
1007
0
932
888
0
0
945
881
0
906
1010
0
0
883
0
0
949
0
0
0
810
0
1165
0
0
0
1087
1077
0
1022
0
0
1210
1217
1251
1074
0
1176
960
1054
0
1248
0
821
0
1152
0
1172
0
1190
0
0
0
0
1162
1243
0
0
0
0
0
0
0
0
0
0
1211
0
0
0
0
0
0
0
0
0
1158
1187
1153
0
0
0
0
0
984
0
0
0
0
0
0
0
0
0
0
0
0
0
0
0
1232
0
0
0
0
1210
0
0
0
0
0
0
0
1194
0
0
0
0
0
0
0
0
0
0
0
0
1131
0
0
1337
0
0
0
0
1210
0
0
0
0
1231
0
1243
0
1243
0
0
0
0
0
0
2958
0
1206
0
0
0
1225
0
0
0
0
0
0
0
0
0
0
1248
0
2884
0
0
0
0
0
0
0
0
0
0
1242
0
0
1227
0
0
1352
0
0
0
0
0
0
0
0
0
0
1254
0
0
1265
0
0
0
0
0
0
0
0
0
0
1280
0
0
0
0
0
0
0
0
0
0
0
563
612
843
0
0
0
0
0
0
2844
0
639
1295
1299
869
1299
0
0
671
0
0
0
0
0
732
0
0
0
1326
0
0
0
0
0
0
0
0
0
0
0
0
0
0
0
0
0
2968
0
0
0
0
0
0
0
0
0
0
0
0
1361
0
0
1227
0
0
0
0
0
0
1359
0
0
0
0
0
0
0
0
1775
1369
0
0
1373
1373
0
0
1385
0
1381
1393
1393
0
0
1385
0
1943
0
1381
0
0
0
0
0
0
0
0
0
0
0
1936
0
0
0
1936
0
0
0
0
0
0
0
0
0
0
0
0
0
0
0
0
0
0
0
0
0
0
0
1943
0
0
0
0
0
0
0
0
0
0
0
0
0
0
0
0
0
2775
2699
2699
0
1447
1447
0
1630
2699
0
0
0
0
0
0
0
0
0
0
0
0
0
0
0
0
0
0
1632
0
0
0
0
0
0
0
1490
0
0
0
0
1490
0
0
0
0
0
0
0
0
0
0
0
0
0
0
0
0
0
0
0
0
0
0
0
0
0
0
0
1525
1577
0
0
1522
1549
1515
0
0
0
0
1510
0
0
0
0
0
1566
0
0
1527
0
0
5908
1560
0
0
1533
0
0
0
0
0
5882
0
0
0
0
0
0
2356
0
0
0
0
0
1551
1510
0
1597
0
0
0
0
0
1564
0
5885
0
0
0
0
0
0
0
0
0
1703
0
1595
0
0
1595
1580
1593
1594
0
0
0
0
1534
0
0
0
0
0
0
1593
1604
0
0
0
0
0
0
0
0
0
0
0
0
0
0
0
0
0
1916
0
0
0
0
0
0
1632
1632
1624
0
0
0
0
0
1624
0
0
0
0
1632
0
0
0
1660
0
0
1508
0
1854
0
0
0
0
0
0
0
0
0
0
0
0
0
0
0
0
0
0
0
0
0
0
0
0
0
0
0
0
0
0
0
0
0
0
0
0
0
0
0
1691
0
1716
1629
0
0
0
0
0
0
0
0
0
0
0
0
0
1703
0
0
0
0
0
0
0
0
0
0
0
0
0
0
0
0
0
0
2258
0
0
0
0
0
0
0
0
0
0
0
0
0
0
0
0
0
0
0
0
0
1775
1751
0
0
0
1751
0
0
0
0
1751
0
0
1751
1751
0
0
0
0
0
0
0
1373
0
1373
0
1373
0
0
1744
0
0
0
0
0
0
0
0
1773
0
0
0
0
0
0
0
0
0
0
0
0
0
0
0
0
0
0
0
0
0
0
0
0
0
0
0
0
0
0
0
0
0
0
0
0
0
0
0
1809
0
1824
0
0
0
0
1854
0
0
0
0
0
0
1824
1824
0
0
0
0
0
0
0
0
0
0
0
0
0
0
0
0
0
0
0
0
0
0
0
0
1824
1862
0
0
0
0
0
0
0
0
0
0
1870
0
0
0
0
0
0
0
0
0
0
0
0
0
0
0
0
0
0
0
0
0
0
0
0
0
0
0
0
0
0
0
0
0
0
0
0
0
0
0
0
0
0
0
0
0
0
0
1925
0
0
0
0
0
1791
0
0
0
0
1938
1406
0
0
0
0
0
0
0
0
0
0
0
0
0
0
0
0
0
0
1982
0
0
0
0
0
0
0
2021
0
0
0
0
0
0
0
0
0
0
0
0
0
0
1998
0
1997
0
0
0
0
1968
0
0
0
0
0
0
0
0
0
0
0
2001
0
0
1971
0
0
0
0
0
0
0
0
0
0
0
0
0
0
0
0
0
0
0
0
0
0
0
0
0
0
0
0
0
2663
0
0
0
0
0
0
0
0
0
0
0
0
0
0
0
0
0
0
0
0
0
0
0
0
0
0
0
0
0
0
0
0
0
0
0
0
0
0
0
0
2933
0
0
0
0
0
2080
0
0
0
0
0
0
0
0
0
0
0
0
0
0
2094
0
0
0
0
0
0
0
0
0
0
0
0
0
0
0
0
0
0
0
0
0
0
0
0
0
0
0
0
0
0
0
0
0
0
0
0
0
0
0
0
0
0
0
0
0
0
0
0
2123
0
0
0
0
0
0
0
0
0
0
0
0
0
0
0
0
0
0
0
0
0
0
0
0
2060
0
0
0
0
0
0
0
0
0
0
2218
0
0
0
0
0
0
0
0
0
0
0
0
0
0
0
0
0
0
0
0
0
0
0
0
0
0
0
0
0
0
0
0
2172
0
0
0
0
0
0
0
0
0
0
0
0
0
0
0
0
0
0
0
0
0
0
0
2241
0
0
0
0
0
0
1330
0
0
0
0
0
2248
0
0
0
0
0
0
0
0
0
0
0
0
2260
0
0
0
2766
0
0
0
2251
0
0
0
0
0
0
2275
0
0
0
2780
0
0
0
0
0
0
0
0
0
0
0
0
0
0
0
0
0
0
0
0
0
0
0
0
0
0
0
0
0
0
0
0
0
0
0
0
0
0
0
0
2322
0
0
0
0
2323
0
0
0
0
0
0
0
0
0
0
0
0
0
0
0
0
0
0
0
0
0
0
0
0
0
0
0
0
0
0
0
0
0
0
0
0
0
0
0
0
0
0
0
0
0
0
0
0
2362
0
0
0
0
0
0
0
0
0
0
0
0
0
0
0
0
0
0
0
0
0
0
0
0
0
0
0
0
0
2414
0
0
0
0
0
0
0
0
0
0
0
0
0
0
0
0
0
0
0
0
0
2838
0
0
0
2832
0
0
0
0
0
0
0
0
0
0
0
0
0
2438
0
0
0
0
0
0
0
2133
0
0
0
0
2464
0
0
0
2437
0
0
0
0
0
0
0
2476
2470
0
0
0
0
0
0
0
0
0
0
0
0
0
0
0
0
0
2833
0
0
0
2564
0
0
2543
0
0
0
0
2504
0
2123
0
0
0
2439
2117
0
0
0
2513
0
0
0
0
2092
2500
0
2539
0
0
0
0
0
0
0
2164
0
0
0
0
0
0
0
2560
0
0
0
0
0
0
0
0
0
0
0
2302
0
0
0
0
0
0
0
0
0
0
0
2599
0
0
0
0
0
0
0
0
2648
0
0
0
0
0
0
0
0
0
0
0
0
2577
2592
0
0
0
2568
0
0
0
0
0
0
0
2224
0
2590
2573
0
2557
0
0
0
0
0
0
0
2573
2550
0
0
0
0
0
0
0
1944
0
0
0
0
0
0
0
2638
0
0
0
0
0
0
0
0
0
0
0
0
0
0
0
0
0
0
0
0
0
0
0
0
0
0
2618
2785
0
0
0
0
0
0
0
0
0
0
0
0
0
0
0
0
0
0
0
0
0
2680
2717
0
1380
0
0
2675
0
1930
0
0
0
2678
0
0
0
0
2678
0
0
0
2698
2699
2698
0
0
0
2698
2699
0
0
0
0
0
0
2726
1380
0
2717
0
2726
0
2719
1450
0
0
0
1632
0
0
0
2726
0
0
0
2719
0
0
0
0
0
0
0
0
0
0
0
0
0
0
0
0
0
0
0
0
0
0
0
0
0
0
0
0
0
0
0
0
0
0
0
0
0
0
0
0
0
0
0
0
0
0
0
0
0
0
0
0
0
0
0
0
0
0
0
0
0
0
0
0
0
0
0
0
2796
0
0
0
0
0
0
0
0
0
0
0
0
0
0
0
0
0
0
0
0
0
0
0
0
2768
0
0
0
2779
0
0
0
0
0
0
0
0
0
0
2464
0
0
0
0
0
0
0
0
0
0
0
3016
0
0
0
0
0
0
3030
0
0
0
0
0
0
2866
0
0
0
0
0
0
0
0
0
0
2085
0
0
3004
0
1361
1176
0
3017
0
0
0
0
2904
0
0
0
0
2867
0
0
0
0
0
0
0
0
2945
0
0
0
0
0
0
0
2891
0
3004
0
2870
0
0
0
0
0
0
0
0
0
0
0
0
0
0
0
0
2939
0
0
0
0
0
0
0
0
0
0
0
0
0
0
0
0
0
0
0
0
2937
0
0
0
0
0
0
0
2973
0
0
0
0
0
0
0
0
0
0
0
0
0
0
0
3004
3004
0
0
0
2991
0
0
2085
0
0
2966
0
0
0
0
0
0
0
0
0
0
0
0
0
2996
0
0
0
0
0
2985
0
0
0
0
0
0
0
3016
3021
0
0
0
0
0
0
0
0
0
0
0
0
0
0
0
0
0
0
0
0
0
3239
0
0
3052
3052
0
0
3047
0
0
0
3052
3055
0
0
0
0
3052
0
0
3052
0
3052
0
0
0
3051
3062
0
0
0
3075
0
0
4744
0
3069
3076
0
0
0
0
3196
0
0
0
0
0
0
0
0
0
0
0
0
0
0
0
0
3188
0
0
0
0
0
0
0
0
0
0
3098
0
0
0
0
0
0
0
0
0
3165
0
0
0
0
0
0
0
3165
3136
0
0
0
0
0
0
0
0
0
0
0
0
0
0
0
3146
0
0
0
0
0
0
0
0
0
0
0
0
0
0
0
0
0
0
0
0
0
0
0
0
3172
3172
0
0
0
0
0
0
0
0
0
0
0
0
0
0
0
0
0
3183
0
0
0
0
0
0
0
0
0
0
0
0
0
0
3203
0
0
0
0
0
0
0
3208
0
0
0
0
0
0
0
0
0
0
0
0
0
0
0
0
0
0
0
0
0
0
0
0
3239
0
0
0
0
0
0
0
0
0
0
0
0
0
0
0
0
0
0
0
0
8816
0
0
0
0
0
0
0
0
0
0
3259
0
0
0
0
0
0
0
0
0
0
0
0
0
0
0
0
0
0
0
0
0
0
0
0
0
3286
3286
0
3286
0
0
3286
3297
0
0
0
0
0
0
0
0
0
0
0
0
0
0
0
0
0
0
0
0
0
0
0
0
0
0
0
0
0
0
0
0
0
0
0
0
0
0
0
3329
0
0
0
0
3329
0
0
0
0
0
0
0
3408
0
0
0
0
0
0
0
0
0
0
0
0
0
0
0
0
0
0
0
0
0
0
0
0
3374
0
0
0
0
0
0
0
0
0
0
0
0
0
0
3387
0
0
0
0
0
0
0
0
0
0
0
0
0
0
0
0
0
0
0
0
0
0
0
0
0
0
0
0
0
0
0
0
0
0
0
0
0
0
0
0
0
0
0
0
0
0
0
0
0
0
0
0
0
0
0
0
0
0
0
0
0
0
0
0
0
0
0
0
3343
0
0
0
0
0
0
0
0
0
0
0
0
0
0
0
0
0
0
0
0
0
0
0
0
0
0
0
0
0
0
0
0
0
0
0
0
0
0
0
0
0
0
0
0
0
0
0
0
0
0
0
0
0
0
0
0
0
0
0
0
0
0
0
0
0
0
0
0
0
0
0
3802
0
0
0
0
0
0
0
0
0
0
0
0
0
0
0
3535
0
0
0
0
0
6581
0
0
3579
3569
0
0
3569
0
0
0
0
0
0
0
0
0
0
3605
0
0
0
3551
0
0
0
0
3682
0
0
0
0
0
0
0
0
0
0
0
0
0
0
0
0
0
0
0
0
0
0
0
0
0
0
0
0
0
0
0
0
0
0
0
0
0
0
0
0
0
0
0
0
0
0
3627
0
0
0
0
0
0
0
0
0
0
0
0
0
0
0
0
0
0
3731
3884
0
0
0
0
0
3731
0
0
0
0
0
0
0
3510
0
4208
0
0
0
0
0
0
0
0
0
0
0
3731
0
0
0
0
0
0
0
0
3731
0
0
0
0
6584
6585
3618
0
3699
0
3749
0
0
0
0
0
0
0
0
0
0
0
0
0
0
6581
0
0
0
3704
0
3704
0
0
0
3915
0
0
3734
0
3728
0
0
0
0
0
3744
0
0
0
0
0
0
0
0
3746
0
0
0
0
0
3726
0
6667
0
0
0
0
0
0
0
0
3760
0
3762
0
0
0
0
0
0
0
3794
0
0
0
0
0
0
0
0
3789
0
0
0
0
0
0
0
0
0
0
0
0
3776
0
3851
0
0
0
3844
0
0
0
3844
0
0
0
0
0
0
3527
3721
0
0
0
0
0
0
0
0
0
0
0
3824
3832
4499
0
0
0
0
0
3852
0
0
0
0
0
0
0
0
0
0
0
0
0
0
0
0
0
0
0
0
0
0
0
0
0
0
3861
0
0
0
0
0
0
0
0
0
0
3874
3874
3893
0
0
0
0
0
0
3878
0
0
0
3913
0
3878
0
0
0
0
0
0
0
0
0
3881
0
0
0
3893
3870
0
0
0
0
0
3905
0
0
0
0
0
0
0
0
0
0
0
0
0
0
0
0
0
4463
0
0
0
0
0
4518
3934
0
0
0
0
0
0
0
0
0
0
3944
0
0
0
0
0
0
0
0
0
0
3964
0
0
0
0
0
0
0
4541
0
0
0
0
0
0
0
0
0
0
0
3979
0
0
0
4039
0
0
4124
0
0
0
0
0
0
0
0
0
3979
0
0
0
0
0
0
0
0
0
3967
0
4530
4142
0
0
0
0
0
0
0
0
0
0
0
0
0
0
0
0
0
0
0
0
0
0
0
0
0
0
0
0
0
0
0
0
0
0
0
0
0
0
0
0
0
0
0
0
0
0
0
0
0
0
0
4037
0
0
0
0
0
0
0
0
0
0
0
0
0
0
4066
0
0
0
0
0
0
0
0
0
0
0
4083
4073
0
0
0
0
0
0
0
0
0
0
0
0
0
0
0
0
0
0
0
0
0
0
0
0
0
0
0
0
0
0
4126
0
0
0
0
0
0
0
0
0
0
0
0
0
0
0
0
0
0
4177
0
0
0
0
0
0
0
0
0
4172
4147
0
0
0
0
4172
0
4152
0
0
0
0
0
0
0
0
0
0
0
0
0
0
4154
0
0
4211
0
0
0
0
0
0
4154
0
0
0
0
0
0
0
0
0
0
0
0
0
0
0
0
0
0
0
0
0
0
4201
0
0
0
4187
0
0
0
0
0
0
0
0
0
0
0
4150
0
0
0
0
0
0
0
0
0
3940
4072
0
0
0
0
0
0
0
0
0
0
4518
0
0
0
0
0
0
0
0
0
0
0
0
0
0
0
0
0
0
0
0
0
0
0
0
0
0
0
0
0
0
0
0
0
0
0
0
0
0
0
0
0
0
0
0
0
0
4274
4306
4274
0
0
0
0
0
0
0
0
0
0
0
0
0
0
0
0
0
0
0
0
0
0
0
4308
0
0
0
0
0
0
0
0
0
4308
0
0
0
0
0
0
0
0
0
0
0
0
0
0
0
0
0
0
0
0
0
0
0
0
0
0
0
0
0
0
0
0
0
0
0
0
0
0
0
0
0
0
0
0
0
0
0
0
0
0
0
0
0
3955
0
0
0
0
4374
0
0
0
0
0
0
0
0
0
0
0
0
0
0
0
0
0
4399
0
0
0
0
0
0
0
0
0
0
0
0
0
0
0
0
0
0
0
0
0
0
4400
0
0
0
0
0
0
0
0
0
0
0
0
0
0
4404
0
0
0
0
0
0
0
0
0
0
0
0
0
4452
0
0
0
0
0
0
0
0
0
0
0
4455
4485
0
4471
0
0
0
0
0
4469
4485
0
0
0
0
0
0
0
0
0
0
0
4464
0
0
0
0
0
0
0
0
0
4487
0
0
0
0
4499
0
0
0
0
4228
0
0
0
0
0
4496
0
4498
0
0
0
4496
0
0
0
0
0
0
0
0
0
0
0
0
4150
0
0
0
0
0
0
0
0
0
0
0
0
0
0
0
0
3924
4478
4463
0
4545
0
0
4548
0
0
0
4518
0
0
0
0
0
0
0
3206
4559
3204
0
0
0
0
0
4574
0
0
0
0
0
0
4214
0
0
0
0
0
0
0
0
0
0
0
0
0
0
0
0
0
0
0
0
0
0
0
0
0
0
0
0
0
0
0
0
0
0
0
0
0
0
0
0
0
0
0
0
0
0
0
0
4863
0
0
0
0
0
4864
0
0
0
0
0
0
0
0
0
0
0
0
0
0
0
4772
0
0
0
0
0
0
0
0
0
0
0
0
0
0
0
0
0
0
0
0
0
0
0
0
0
0
0
4680
0
0
0
0
0
0
0
0
0
0
0
0
3066
0
0
0
0
0
0
0
0
0
0
0
0
4630
0
0
0
4748
0
0
0
0
0
0
0
0
0
0
0
4718
0
0
0
0
0
0
0
0
0
0
0
0
0
0
0
0
0
0
0
0
0
0
0
0
0
0
0
0
0
0
0
0
0
0
0
0
0
0
0
0
0
0
0
0
0
0
0
0
0
0
0
0
0
0
0
0
0
0
0
0
0
0
0
0
0
0
0
0
0
0
0
0
0
0
0
0
0
0
0
0
0
0
0
0
0
0
0
0
0
0
0
0
0
0
0
0
0
0
0
0
0
0
0
0
0
0
0
0
4851
0
0
0
0
0
0
0
0
0
0
0
0
0
0
4718
0
0
0
4850
0
0
0
0
0
0
4861
0
0
0
0
0
0
4684
0
0
4684
0
0
0
0
0
4877
0
0
0
0
0
0
0
0
0
0
0
0
0
0
0
0
0
0
0
0
0
0
0
0
0
0
0
0
0
0
0
0
0
0
0
0
0
0
0
0
0
0
0
0
0
0
0
0
0
0
0
0
0
0
0
0
0
0
0
0
0
0
0
0
0
0
0
0
0
0
0
0
0
0
0
0
0
0
0
0
0
0
0
0
0
0
0
0
0
0
0
0
0
0
0
0
0
0
0
0
0
0
0
0
0
0
0
0
0
0
0
0
0
0
0
0
0
0
0
0
0
0
0
0
4960
0
0
0
0
0
0
0
0
0
0
0
0
0
0
0
5005
0
0
0
0
0
0
0
0
0
0
0
0
0
0
0
0
0
0
0
0
0
0
0
0
0
0
0
0
0
0
0
0
0
0
0
0
0
0
0
0
0
0
0
0
0
0
0
0
0
0
0
0
0
0
0
0
0
0
0
0
0
0
0
0
0
0
0
0
0
0
0
0
0
0
0
0
0
0
0
0
0
0
0
0
0
0
0
0
0
0
0
0
0
5114
5115
0
0
0
0
0
0
0
0
0
0
0
0
0
0
0
0
0
0
0
0
0
0
0
0
0
0
0
0
0
0
0
0
0
0
0
0
0
0
0
0
0
0
0
0
0
0
0
0
0
0
0
0
0
0
0
0
0
0
0
0
0
0
0
0
0
0
0
0
0
0
0
0
0
0
5190
5186
0
5234
0
0
0
0
0
0
5234
0
0
5225
0
0
0
0
0
0
0
0
0
0
0
5203
0
0
5203
5203
0
0
5203
0
0
0
0
0
0
0
0
0
0
0
0
0
0
5219
0
5234
0
0
5227
0
0
0
0
0
0
5234
0
0
0
0
5269
0
5269
0
5244
0
0
0
0
0
0
0
0
0
0
0
5262
0
0
0
0
0
0
0
0
0
0
0
0
0
0
5445
0
0
0
0
0
0
0
0
0
0
0
0
0
0
0
0
0
0
0
0
0
0
0
0
0
0
0
0
0
0
0
0
0
0
0
0
0
0
0
0
0
0
0
0
0
0
5379
0
0
5322
0
5329
5329
0
0
0
0
0
5352
0
0
0
0
5379
0
0
0
0
0
0
0
0
0
0
0
0
0
0
0
5359
5356
0
0
0
0
0
0
0
0
0
0
0
0
0
0
0
0
0
0
0
0
0
0
5138
0
0
0
0
0
5390
0
0
0
0
0
0
0
0
0
0
0
0
0
0
0
0
0
0
0
0
0
0
0
0
0
0
0
0
0
0
0
0
0
0
0
0
0
0
0
0
0
0
0
0
0
0
0
0
0
0
0
0
0
0
0
0
0
0
0
0
0
0
0
0
0
0
0
0
0
0
0
0
0
5457
5447
0
5463
0
0
0
0
0
0
0
0
0
0
0
0
0
0
0
0
0
0
0
0
0
0
0
0
0
4866
0
0
0
0
0
0
0
0
0
0
0
0
4842
0
0
0
0
0
0
0
0
0
0
0
0
0
0
0
0
0
0
0
0
0
0
0
0
0
0
0
0
0
0
0
0
6441
5814
0
0
0
0
0
0
0
0
0
0
0
0
0
0
0
6435
0
5603
0
0
0
6435
0
0
0
5572
5567
0
0
0
0
0
0
0
0
5564
0
0
5555
0
0
0
0
0
0
5571
0
0
6636
0
0
0
0
0
5967
0
0
0
0
5640
0
0
0
5654
0
0
0
0
0
0
0
0
0
0
0
6108
0
0
0
0
5650
0
0
0
0
0
0
0
0
0
0
0
0
0
0
0
0
0
0
0
0
0
5650
0
5891
0
0
5841
0
0
0
0
0
0
5900
0
0
0
0
0
0
0
0
6638
0
0
5842
0
0
0
5842
5896
0
0
0
5668
0
0
5812
0
0
1594
0
5852
0
0
0
5697
1490
0
5679
0
0
0
0
5677
0
5686
0
0
0
5967
0
0
0
0
0
0
0
0
0
0
0
5848
0
0
0
0
5697
0
0
0
0
0
5722
0
0
0
0
0
5737
0
0
0
0
0
0
0
0
0
0
0
0
0
5737
0
0
0
0
0
0
0
0
0
0
0
0
0
0
0
0
0
0
0
0
0
0
0
0
0
0
0
0
5854
0
0
0
0
0
0
0
0
0
5833
0
0
0
0
0
0
0
0
0
0
5836
0
0
0
0
0
0
0
0
0
0
0
0
0
0
0
0
0
0
0
0
0
0
0
5837
0
0
0
0
0
0
5827
0
0
0
5841
0
0
0
5727
5845
0
0
0
0
5845
0
0
0
5825
0
0
0
0
0
0
0
0
0
0
0
0
5836
0
0
0
5664
0
0
0
0
5852
5664
0
0
0
0
5898
5817
0
0
0
5879
0
5877
0
0
6641
0
0
0
5672
5898
0
0
0
0
0
0
0
0
0
0
0
0
0
0
0
0
0
5902
0
6441
0
0
6641
0
0
0
0
0
0
5917
0
6634
0
0
0
0
6372
0
0
0
0
0
0
0
0
6433
0
0
0
0
0
0
0
0
0
6149
0
0
0
0
0
0
0
0
0
0
0
0
5967
0
0
5967
5967
0
5963
0
0
5967
0
5987
0
0
5967
0
0
0
0
5967
0
0
0
5947
5960
0
0
0
5967
5967
5957
5957
0
0
6211
0
5983
0
0
0
0
0
0
0
0
0
0
0
0
0
0
0
0
0
0
0
0
0
0
0
0
0
5582
0
0
0
0
0
0
0
0
0
0
0
0
0
0
0
0
0
0
0
0
0
0
0
0
0
0
0
0
0
0
0
0
0
0
0
0
0
0
0
0
0
0
0
0
0
6064
0
6093
0
0
0
0
0
0
0
0
0
0
0
0
0
0
0
0
0
0
0
0
6042
0
0
6071
0
0
0
0
0
0
0
0
0
0
0
0
0
0
0
0
0
0
0
0
0
0
0
0
0
0
0
0
0
0
0
0
0
5596
0
5895
0
0
0
0
6326
0
0
0
0
0
0
0
0
0
0
0
6019
0
0
0
0
0
0
0
0
0
0
0
0
0
0
0
0
0
0
0
0
0
0
0
0
0
6183
0
0
0
0
0
0
0
0
0
0
0
0
0
0
0
0
6171
0
0
0
0
0
0
0
6213
0
0
0
0
0
6213
0
0
6368
0
0
0
0
0
0
0
6189
0
0
0
6212
0
0
0
0
0
0
0
0
0
0
0
0
0
0
0
0
0
0
0
0
0
0
0
0
0
0
0
0
0
0
0
0
0
0
0
0
0
0
6423
0
6280
0
0
0
0
0
0
0
0
0
6276
6313
6270
0
0
0
0
6252
0
0
0
0
0
0
0
0
0
6309
6252
6290
0
6252
0
0
0
0
0
0
0
0
0
0
6287
0
0
6282
0
0
6319
0
0
0
0
0
0
0
6282
0
0
0
0
6257
6313
0
0
0
0
0
0
0
0
0
6326
6217
0
0
0
0
0
6318
0
6308
0
0
0
0
0
0
0
0
0
0
0
0
0
0
0
0
0
0
0
0
0
0
6238
0
0
0
0
0
0
0
0
0
0
0
0
0
0
5983
0
0
0
0
0
0
0
0
0
0
0
0
0
0
0
0
0
0
0
0
0
0
0
0
0
0
0
0
0
0
0
0
0
0
0
0
0
0
0
0
0
0
0
0
0
0
0
0
0
0
0
0
0
0
0
0
0
5803
0
0
0
0
0
0
0
0
0
6440
0
0
0
0
0
0
6441
6436
0
0
0
0
0
0
0
0
0
0
0
0
0
0
0
0
6477
0
0
6477
0
0
6477
6477
0
6477
6899
6463
6480
6477
6504
0
0
6849
0
6504
0
0
6899
6536
0
0
0
6504
0
6503
6501
6849
0
0
6514
6467
0
6514
6514
0
6501
0
0
0
6482
0
6813
6849
0
0
0
0
0
6538
0
0
0
0
0
6818
6518
6827
6828
6831
0
0
0
0
0
0
6552
0
0
0
0
0
0
0
0
0
0
6718
0
0
0
0
0
0
0
6536
0
0
0
0
0
0
0
0
0
0
0
0
0
0
0
0
0
3828
0
0
0
4007
0
0
0
6582
6582
0
6583
0
0
0
0
0
0
0
0
6604
0
0
0
0
0
0
0
0
0
0
6602
0
0
0
0
0
0
0
0
0
0
0
0
0
0
0
0
0
0
0
0
0
0
0
0
0
0
0
6604
5653
0
6639
6634
0
0
0
0
0
0
0
6637
0
0
0
0
0
6638
0
6651
0
0
0
0
0
0
0
0
0
0
0
0
0
0
0
0
0
0
0
6667
0
0
6678
0
0
0
0
0
0
0
0
0
0
0
0
0
0
0
0
0
0
0
0
0
0
0
0
0
0
0
0
0
0
0
0
0
0
0
0
0
0
0
0
0
0
0
6706
0
0
0
0
0
0
0
6726
0
0
0
0
0
0
0
0
0
0
0
0
0
0
0
0
0
0
0
0
0
0
0
0
0
0
0
0
0
0
0
0
0
0
0
0
0
0
0
0
0
0
0
0
0
6778
0
0
0
0
0
0
0
0
0
6775
0
0
0
0
0
0
6801
0
0
0
0
0
0
0
0
0
0
0
0
0
0
0
0
0
0
6815
0
0
0
0
0
0
0
0
0
0
6797
0
0
6517
0
0
0
0
0
0
0
0
0
0
0
0
6836
0
0
0
0
0
6836
0
0
0
0
0
0
0
0
6846
0
0
0
0
0
6867
6919
0
0
0
0
0
6863
0
0
0
0
0
0
0
0
0
0
0
6883
6866
0
6874
6880
0
0
6954
0
0
6877
0
0
0
0
0
0
0
0
0
6880
0
0
0
0
0
6490
0
0
0
0
0
0
0
0
0
0
0
0
0
6927
0
0
0
6904
0
0
0
0
0
0
0
0
0
0
0
0
0
0
0
0
6935
0
0
0
0
6950
0
0
0
6950
0
0
0
0
0
0
0
0
0
0
0
0
0
0
0
0
0
0
0
0
0
0
6962
0
0
0
0
0
0
0
0
0
0
0
0
0
0
0
0
0
0
0
0
0
0
0
0
0
0
0
0
0
0
0
0
0
0
0
0
0
0
0
0
0
0
0
0
0
0
0
0
0
0
0
0
0
0
0
0
0
0
0
0
0
0
0
0
0
0
0
0
0
0
0
0
0
0
0
0
7038
0
0
0
0
0
0
0
0
0
0
0
0
0
0
0
0
0
0
0
0
0
0
0
0
0
0
0
0
0
0
0
0
0
0
0
0
0
0
0
0
0
0
0
0
0
0
0
0
0
0
0
0
0
0
0
0
0
0
0
0
0
0
0
0
0
0
0
0
0
0
0
0
0
0
0
0
0
0
0
0
0
7131
0
0
0
0
0
0
0
0
0
0
0
0
0
0
0
0
0
0
0
0
0
0
0
0
0
0
0
0
0
0
0
0
0
0
0
0
0
0
0
0
0
0
0
0
0
7188
0
0
0
0
0
0
0
0
0
0
0
7184
0
0
0
0
0
0
0
0
0
0
0
0
0
0
0
0
7203
0
7187
0
0
0
0
0
0
0
0
0
0
0
0
0
0
0
0
0
0
0
0
0
0
0
0
0
0
0
0
0
0
0
0
0
0
0
0
0
0
0
0
0
0
0
0
0
0
0
0
7051
0
0
0
0
0
0
0
0
0
0
0
0
0
0
0
0
0
0
0
0
0
0
0
0
0
0
0
0
0
0
0
0
0
0
0
0
0
0
0
0
0
0
0
0
0
0
0
0
0
0
0
0
0
0
0
0
0
0
7308
0
0
0
0
0
0
0
0
0
0
0
0
7327
0
0
0
0
0
0
0
0
0
0
0
0
0
0
0
0
0
0
0
0
0
0
7363
0
0
0
0
0
0
0
0
0
0
0
0
0
0
0
0
0
0
0
0
0
0
0
0
0
0
0
0
0
0
0
0
0
0
0
0
0
0
0
0
0
0
0
0
0
0
0
0
0
0
0
0
0
0
0
0
0
0
0
0
0
0
0
0
0
0
0
0
0
0
0
0
0
0
0
0
0
0
0
0
0
0
0
0
0
0
0
0
0
0
0
0
0
7436
0
0
0
0
0
0
0
0
0
0
0
0
7675
0
0
0
0
0
0
0
0
0
0
0
0
0
0
0
0
0
0
7479
0
0
0
0
0
0
0
0
0
0
0
0
0
0
0
7660
0
0
0
0
0
0
0
0
0
0
0
0
0
0
0
0
0
0
0
0
0
0
0
0
0
0
0
0
0
0
0
0
0
0
0
0
0
0
0
0
0
0
0
0
0
0
0
0
0
0
0
0
0
0
0
0
0
0
0
0
0
0
0
0
0
0
0
0
0
0
0
0
0
0
0
0
0
0
0
0
0
0
0
0
0
0
0
0
0
0
0
0
0
0
0
0
0
0
0
0
0
0
0
0
0
7595
0
0
0
0
0
0
0
0
0
0
0
0
0
7478
0
0
0
0
0
0
0
0
0
0
0
0
0
0
0
0
0
0
0
0
0
7631
0
0
0
0
0
0
0
0
0
0
0
0
0
0
7650
0
0
0
0
0
0
0
7650
0
0
0
0
0
0
0
0
0
0
0
0
0
0
0
0
0
0
0
0
0
0
0
0
0
0
0
0
0
0
0
0
0
0
0
0
0
0
0
0
0
0
0
0
0
0
0
0
0
0
0
0
0
0
0
0
0
0
0
0
0
0
0
0
0
7719
0
0
0
0
0
0
0
0
0
0
0
0
0
0
0
0
0
7904
7904
0
0
0
0
0
0
0
0
0
0
0
0
0
0
0
0
0
0
0
0
0
0
0
0
0
0
0
0
0
0
0
0
0
0
0
0
0
0
0
0
0
0
0
0
0
0
0
0
0
0
0
0
0
0
0
0
0
0
0
0
0
0
0
0
0
0
0
0
7819
0
0
7819
0
0
0
0
0
0
0
0
0
0
0
0
0
0
0
0
0
0
0
0
0
0
0
0
0
0
0
0
0
0
0
0
0
0
0
0
0
0
0
0
0
0
0
0
0
0
0
0
0
0
0
0
0
0
0
0
0
0
0
0
0
0
0
0
0
0
0
0
0
0
7865
0
0
0
0
0
0
0
0
0
0
0
0
0
0
0
0
0
0
0
0
0
0
0
0
0
0
0
0
7916
0
0
0
0
8053
0
0
0
0
0
0
0
0
0
0
0
0
0
0
0
0
0
0
0
0
0
0
0
0
0
0
0
0
0
0
0
0
0
0
0
7951
0
0
0
0
0
0
0
0
0
0
0
0
0
0
0
0
0
0
0
0
0
0
0
0
0
7980
0
0
0
0
0
0
0
0
0
0
0
0
0
0
0
0
0
0
0
0
0
0
0
0
0
0
0
0
0
0
0
0
0
0
0
0
0
0
0
0
0
0
8004
0
0
0
0
0
0
0
0
0
0
0
0
0
0
0
0
0
0
0
0
0
0
0
0
0
0
0
0
0
0
0
0
8053
0
0
0
0
8061
8066
0
0
0
0
0
8067
0
0
0
0
0
0
0
0
0
0
0
0
0
0
0
0
0
0
0
0
0
0
7301
0
0
0
0
0
0
0
0
0
0
0
8113
0
0
0
0
0
0
0
0
0
0
0
0
0
0
0
0
0
0
0
0
0
0
0
0
0
0
0
0
0
0
7301
0
0
0
0
0
0
0
0
0
0
0
0
0
0
0
0
0
0
0
0
0
0
8170
0
0
0
0
0
0
0
0
0
0
0
0
0
0
0
0
0
0
0
0
8188
0
0
0
0
0
0
0
0
0
0
0
0
0
0
0
0
0
0
0
0
0
0
0
0
0
0
0
0
0
0
0
0
0
0
0
0
0
0
0
0
0
0
0
0
8251
0
0
0
0
0
0
0
0
0
0
0
0
0
0
0
0
0
0
0
0
0
0
0
0
0
0
0
0
0
0
0
0
0
0
0
0
0
0
0
0
0
0
0
0
0
8269
0
0
0
0
0
0
0
0
0
0
0
0
0
0
0
8332
0
0
0
0
0
0
0
0
0
0
0
0
0
0
0
0
0
0
0
0
0
0
0
0
0
0
0
0
0
0
0
0
0
0
0
0
0
0
0
0
0
0
0
0
0
0
0
0
0
0
0
0
0
0
0
0
0
0
0
0
0
0
0
0
0
0
0
0
0
0
8209
0
0
0
0
0
0
0
0
0
0
0
0
0
0
0
0
0
0
0
0
0
0
8461
0
0
0
0
0
0
0
0
0
0
0
0
0
0
0
0
0
0
0
0
0
0
0
0
0
0
0
0
0
0
0
0
0
0
0
0
0
0
0
0
0
0
0
0
0
0
0
0
0
0
0
0
0
0
0
0
0
0
8440
0
0
0
0
0
0
0
0
0
0
0
0
0
0
8438
8445
0
0
0
0
0
0
0
0
0
0
0
0
0
0
0
0
0
0
0
0
8472
0
0
0
0
0
0
0
0
0
0
0
0
0
0
0
0
0
0
0
0
0
0
0
0
0
0
0
0
0
0
0
0
0
0
0
8511
0
0
0
0
0
0
0
0
0
0
0
0
0
0
0
0
0
0
0
0
0
0
0
0
0
0
0
0
0
0
0
0
0
0
0
0
0
0
0
0
0
0
0
0
0
0
0
0
0
0
0
0
0
0
0
0
0
0
0
0
0
0
0
0
0
0
0
0
0
0
0
0
0
0
0
0
0
0
0
0
0
0
0
0
0
0
0
0
0
0
0
0
0
0
0
0
0
0
0
0
0
0
0
0
0
0
0
0
0
0
0
8615
0
0
0
0
0
0
0
0
0
0
8646
0
0
0
0
0
0
0
0
0
0
0
0
0
0
0
0
0
0
0
0
0
0
0
0
0
0
0
0
0
0
0
0
0
0
0
0
0
0
0
0
0
0
8655
0
0
0
0
0
0
0
0
0
0
0
0
0
0
0
0
0
0
0
0
0
0
0
0
0
0
0
0
0
0
0
0
0
0
0
0
0
0
0
0
0
0
0
0
0
0
0
0
0
0
0
0
0
0
0
0
0
0
0
0
0
0
0
0
0
8742
0
0
0
8748
0
0
0
0
0
0
0
0
0
0
0
0
0
0
0
0
0
0
0
0
0
0
0
0
0
0
0
0
8771
0
0
0
0
8781
0
0
0
0
0
0
8969
0
0
0
0
0
0
0
0
0
0
0
0
0
0
0
0
0
0
0
0
0
0
0
0
0
0
0
0
0
0
8820
0
0
0
0
0
0
0
0
0
0
0
0
0
0
8846
0
0
9035
0
0
0
0
0
0
0
0
0
0
0
0
0
0
0
0
0
0
0
0
0
0
0
0
0
0
0
8868
0
0
0
0
0
0
0
0
0
0
0
0
0
0
0
0
0
0
0
0
0
0
0
0
0
0
0
0
0
0
0
0
0
0
0
9156
0
0
0
0
0
0
0
0
0
0
0
0
0
0
0
0
0
0
0
0
0
0
0
0
0
0
8939
0
0
0
0
0
0
0
0
0
0
0
0
0
0
0
0
0
0
0
0
8949
0
0
0
0
0
0
0
8407
0
0
0
8960
0
0
0
0
0
0
0
8974
0
0
0
0
0
0
0
0
0
0
0
0
0
0
0
0
0
0
0
0
0
0
0
0
0
0
0
0
0
0
0
0
0
0
0
0
0
0
0
0
0
0
0
0
0
0
0
0
0
0
0
0
0
0
0
0
0
0
0
0
0
0
0
0
0
0
0
0
0
0
0
0
0
0
0
0
0
0
0
0
0
9050
0
0
0
0
0
0
0
0
0
9132
0
0
0
0
0
0
0
0
0
0
0
0
0
0
0
0
0
0
0
0
0
0
0
0
0
0
0
0
9083
0
0
0
0
0
0
0
0
0
0
0
0
0
0
0
0
0
0
0
0
0
0
9114
0
0
0
0
0
0
0
0
0
0
0
0
0
0
0
0
0
0
0
0
0
9130
0
0
0
0
0
0
0
0
0
0
0
0
0
0
0
0
9156
8916
0
0
0
0
0
0
0
0
0
0
0
0
0
0
0
0
0
0
9159
0
0
0
0
0
0
0
0
0
0
0
0
0
0
0
0
0
0
0
0
0
0
0
0
0
0
0
0
0
0
0
0
0
0
9213
0
0
0
0
0
9212
0
0
0
0
0
0
0
0
0
0
3172
0
0
0
0
0
0
0
0
3174
0
0
0
0
0
0
0
0
0
9242
0
0
0
0
0
0
0
0
0
0
0
0
0
0
0
0
0
0
0
0
0
0
0
0
0
0
0
0
0
8179
0
0
0
0
0
0
0
0
0
0
0
0
0
0
0
0
0
0
0
0
0
0
0
0
0
0
0
0
0
0
0
0
0
0
0
0
0
0
0
0
0
0
0
0
0
0
0
0
9324
0
0
0
0
0
0
0
0
0
0
0
0
0
0
0
0
0
0
0
0
0
0
0
0
0
0
0
0
0
9351
0
0
0
0
0
9355
0
0
0
0
0
0
0
0
0
0
0
0
0
0
0
0
0
0
0
0
0
0
0
0
9381
0
0
0
0
0
0
0
0
0
0
0
0
0
0
9400
0
0
0
0
0
0
0
9407
0
0
0
0
0
0
0
0
0
0
0
0
0
0
0
0
0
0
0
0
0
