38
39
41
42
46
47
48
49
51
52
54
55
57
58
59
60
64
65
66
70
71
89
96
104
108
109
110
126
146
167
36
77
43
44
0
0
0
0
0
0
0
0
0
0
0
0
0
0
0
0
0
0
0
0
0
0
0
0
0
0
0
0
0
0
0
0
0
0
0
0
0
0
0
0
0
0
0
0
0
0
0
0
0
0
0
0
0
0
0
0
0
0
0
0
0
0
0
0
0
0
0
231
0
0
0
0
0
0
0
0
0
186
0
0
798
42
0
0
112
795
0
141
55
145
380
0
0
0
0
0
0
153
0
0
0
0
0
0
0
0
0
0
58
0
0
0
0
0
0
0
0
0
0
0
0
0
0
0
0
0
0
0
0
208
0
159
0
0
0
0
0
0
169
0
0
204
0
0
0
0
218
0
173
106
0
206
0
0
0
0
0
0
0
282
0
0
0
200
0
195
0
405
0
102
0
0
0
0
0
0
230
0
0
0
0
0
0
0
0
91
0
0
169
0
0
0
0
0
0
0
0
0
0
0
0
0
0
0
0
676
0
0
0
0
0
0
0
0
0
0
751
0
677
0
0
0
143
0
0
0
0
0
0
0
0
0
0
0
0
0
0
59
212
0
412
0
477
0
0
0
0
0
0
0
330
476
431
442
0
397
347
262
0
0
0
0
0
0
281
597
0
0
442
489
0
0
0
301
0
0
0
0
352
154
0
268
0
0
160
0
292
166
623
0
0
331
217
0
0
0
0
0
0
0
445
0
0
0
292
0
514
679
0
352
0
0
422
0
549
0
0
415
0
0
0
262
0
0
342
0
0
0
0
0
0
0
345
0
0
0
0
0
0
0
0
331
624
0
0
156
0
0
0
0
0
422
0
0
0
0
0
387
0
0
0
0
0
0
0
0
0
0
0
0
0
0
405
0
0
0
0
0
0
0
0
0
0
0
0
407
200
0
0
0
331
0
416
0
0
0
484
0
363
0
489
633
0
0
0
512
496
0
0
433
0
0
370
407
0
431
374
408
0
0
331
0
357
0
304
510
337
278
0
575
265
398
0
0
565
281
573
441
0
488
0
627
0
0
0
0
0
530
0
357
0
0
0
0
0
0
445
0
428
0
445
0
0
512
0
514
441
621
546
0
0
0
581
0
0
278
0
267
0
427
0
277
251
0
396
0
395
0
618
645
0
0
0
0
0
525
0
534
0
0
0
0
0
0
350
452
0
0
0
0
530
0
0
0
453
0
0
0
574
0
0
389
0
0
0
0
0
0
0
0
433
0
569
0
571
0
0
0
546
0
0
0
545
0
0
0
586
0
306
0
621
0
0
0
0
716
0
0
600
0
0
0
695
0
0
0
0
0
534
0
0
610
336
0
0
0
0
541
0
1290
0
600
0
540
0
0
0
0
0
0
0
0
0
0
373
0
0
0
0
0
0
0
0
0
0
0
660
637
0
0
0
0
0
0
0
242
0
0
0
0
648
579
0
644
0
0
0
0
0
0
0
642
0
0
0
0
0
0
0
0
0
0
0
0
0
0
829
0
0
849
676
0
253
0
0
0
0
737
0
715
805
0
854
0
838
0
699
0
0
236
0
479
0
0
0
669
0
0
0
0
0
0
0
0
820
0
0
0
910
973
0
0
0
0
0
0
706
747
0
0
0
0
737
0
0
871
0
699
0
744
0
0
0
0
0
0
0
0
0
0
0
0
0
0
0
760
0
213
773
0
0
0
220
0
0
0
0
0
0
0
0
0
0
0
0
0
0
0
0
0
0
0
0
0
0
0
0
0
0
0
0
0
0
0
0
108
0
0
0
0
0
0
0
0
0
0
0
0
0
0
0
851
847
0
0
0
0
0
0
0
0
0
1216
0
0
0
0
0
0
0
0
0
0
0
0
0
0
0
843
0
0
0
1099
0
0
0
0
0
0
0
0
0
0
0
0
0
0
0
0
0
0
0
0
0
0
0
0
0
0
0
0
0
0
0
0
0
0
0
0
848
695
0
0
0
0
0
898
0
0
0
0
0
0
882
0
0
685
0
724
0
928
1292
0
0
0
0
0
0
0
854
0
977
0
0
0
0
0
0
0
0
0
0
0
0
0
0
874
0
0
0
869
0
0
0
0
0
0
865
0
0
919
0
0
0
0
0
0
1182
0
0
0
0
0
0
1158
1046
1033
0
0
0
0
0
726
0
0
891
948
0
0
0
0
0
814
0
0
0
891
984
0
0
0
0
0
1170
0
0
0
1194
0
989
0
1188
0
0
0
0
0
0
0
946
0
0
986
0
0
1059
0
0
0
0
0
0
0
0
0
0
1146
0
0
1157
1043
0
0
1139
0
924
1139
0
0
0
728
0
0
0
0
0
1053
956
955
0
0
1249
0
0
0
0
0
1140
0
0
0
910
1170
0
0
0
0
0
1201
0
0
945
0
0
0
0
0
0
1159
0
0
1103
0
0
0
979
0
0
0
0
0
0
0
0
0
0
0
0
0
0
0
0
1127
0
0
0
0
0
0
0
0
0
0
0
0
0
0
0
0
0
0
0
0
0
0
0
0
0
0
0
0
0
0
0
1195
0
0
0
0
0
0
0
0
0
0
0
0
0
0
0
2896
1220
0
0
0
1180
0
0
0
0
0
0
0
0
0
0
0
0
0
0
0
0
0
0
0
0
0
0
0
0
0
0
0
0
0
0
0
0
0
0
0
0
0
0
0
0
0
1132
0
0
0
0
0
0
0
0
0
0
1188
0
0
0
0
0
0
0
0
0
0
0
0
0
0
0
0
1177
0
0
1205
1271
0
0
0
1209
0
0
0
0
0
0
0
0
0
0
0
0
0
0
0
0
0
0
0
0
0
0
0
0
0
0
1242
0
0
0
1237
0
0
0
0
0
0
1266
0
0
0
0
0
0
0
0
0
0
0
0
0
0
0
0
0
0
0
0
0
0
0
0
0
0
0
0
0
0
0
0
0
1305
0
0
0
0
0
0
0
0
0
0
0
0
0
0
0
0
0
1326
0
0
0
0
0
0
0
0
0
0
0
0
0
0
0
0
0
0
0
0
0
0
0
0
0
0
0
0
0
0
0
0
0
0
0
0
0
0
0
0
0
0
0
0
0
0
0
0
0
1745
0
0
0
0
1371
1371
0
0
0
0
1393
1393
0
0
0
0
1393
0
1377
0
0
0
0
0
1395
0
0
0
1406
0
0
0
0
0
0
0
0
0
0
0
0
0
0
0
0
0
0
0
0
0
0
0
0
0
0
0
0
0
0
0
0
0
0
0
0
0
1433
0
0
0
0
0
0
0
0
0
0
0
0
0
0
0
0
0
0
0
0
0
0
0
0
0
0
0
0
0
0
0
0
0
0
0
1469
0
0
0
0
0
0
0
0
0
0
1733
0
0
0
0
0
0
0
0
0
0
0
0
0
0
0
0
0
0
0
0
0
0
0
0
0
0
0
0
0
1519
0
0
1520
0
0
0
0
0
0
0
0
0
0
0
0
0
0
1566
0
0
0
0
0
0
0
0
0
0
0
0
1549
0
0
0
0
0
0
0
0
0
0
0
0
0
0
0
0
0
0
0
0
0
1519
0
0
1519
0
0
0
0
0
0
0
0
0
1513
0
0
0
0
0
0
0
0
0
0
0
0
0
0
0
0
0
0
0
0
0
0
0
0
0
0
0
0
0
0
0
0
0
0
0
0
0
0
0
0
2386
0
0
0
0
0
0
0
0
0
0
0
0
0
0
1627
0
0
0
0
1630
0
0
0
0
0
0
0
0
0
1645
0
0
0
0
0
0
0
1645
0
0
0
0
0
0
1644
0
0
0
0
0
0
0
0
0
1644
0
0
0
0
0
0
0
0
0
0
0
0
0
0
0
0
0
1693
0
0
0
0
0
0
0
0
0
0
0
0
0
0
0
0
0
0
0
0
0
0
0
0
1689
0
0
0
0
0
0
0
0
0
0
0
0
0
0
0
0
0
1710
0
0
0
0
0
0
0
0
0
0
0
1751
0
0
1745
0
0
0
0
0
1758
0
0
0
1751
0
1763
0
0
1774
0
0
1771
0
1371
0
0
1777
0
0
1745
0
0
0
0
0
0
0
0
0
0
0
0
0
0
0
0
0
0
0
0
0
0
0
0
0
0
0
0
0
0
0
0
0
1773
0
1819
0
0
0
0
0
0
0
0
0
0
0
0
0
0
0
0
0
0
0
0
0
0
1836
0
0
0
1824
0
0
1832
0
0
0
1832
0
0
0
0
0
0
0
0
0
0
0
0
0
0
0
0
0
0
0
0
0
0
0
0
0
0
0
0
0
0
0
0
0
0
0
0
0
0
0
0
0
0
0
0
0
0
0
0
0
0
0
0
0
0
0
0
0
0
0
0
0
0
0
0
0
0
0
0
0
0
0
0
0
0
0
0
0
0
0
0
0
0
0
0
0
0
0
0
0
0
0
0
0
0
0
0
0
1393
0
0
1400
1376
0
0
1376
0
0
0
0
0
0
0
0
0
0
0
0
0
0
0
0
0
0
0
0
0
0
1954
0
0
0
0
0
0
0
0
0
0
0
0
0
0
0
0
0
0
0
0
1995
0
0
0
0
0
0
0
0
0
0
0
0
0
0
0
0
0
0
0
0
0
0
0
0
0
0
0
0
0
0
0
0
0
0
0
0
0
0
0
0
0
0
0
0
0
0
0
0
0
0
0
0
0
0
0
0
0
0
0
0
0
0
0
0
0
2195
0
0
0
0
0
0
0
0
0
0
0
0
0
0
0
0
0
0
0
0
0
0
0
0
0
0
0
0
0
0
0
0
0
0
0
0
0
0
0
0
0
0
0
0
0
0
0
0
0
0
0
0
0
0
0
0
0
0
0
0
0
0
0
0
0
0
0
0
0
0
0
0
0
0
0
0
2145
0
0
0
0
0
0
0
0
0
0
0
0
0
0
0
0
0
0
2118
0
0
0
2145
0
0
0
0
0
0
0
0
0
0
0
0
0
0
0
0
0
0
0
0
0
0
0
0
0
0
0
0
0
0
0
0
0
0
0
0
0
0
0
0
0
0
0
0
0
0
0
0
0
0
0
0
0
0
0
0
0
0
0
0
0
0
0
0
0
0
0
0
0
2268
0
0
0
0
0
0
0
0
0
0
0
0
0
0
0
0
0
0
2826
0
0
0
0
0
0
0
0
0
0
0
0
0
0
0
0
0
0
0
0
0
0
0
0
0
2285
0
2285
0
2286
2286
0
0
2286
0
0
0
0
0
0
0
0
0
0
0
0
0
0
0
0
0
0
0
0
0
0
0
0
0
0
0
0
0
0
2814
0
0
0
0
0
0
0
0
0
2323
0
0
0
0
0
0
0
0
0
0
0
0
0
0
0
0
0
0
0
0
0
0
0
0
0
0
0
0
0
0
0
0
0
0
0
0
0
0
0
0
0
0
0
0
0
0
0
0
0
0
0
0
0
0
0
0
0
0
0
0
0
0
0
0
0
0
0
0
0
0
0
0
0
0
0
0
0
0
0
0
0
0
0
0
0
0
0
0
0
0
0
0
0
0
0
0
0
0
0
0
0
0
0
0
0
0
0
0
0
0
0
0
0
0
0
0
0
0
0
0
0
0
0
0
0
0
0
0
0
0
0
0
0
0
0
0
0
0
0
0
0
0
0
0
0
0
0
0
0
0
0
0
0
0
0
0
0
0
0
0
0
0
0
2508
0
0
0
0
0
0
0
0
0
0
0
2499
0
0
0
0
0
2290
0
0
0
0
0
0
0
0
0
0
0
0
0
0
0
0
0
0
0
0
0
0
0
0
0
0
2529
0
0
0
0
0
0
0
0
0
2196
0
0
0
0
0
0
0
0
0
0
0
0
0
0
0
0
0
0
0
0
0
0
0
0
0
0
0
0
0
0
0
0
0
0
0
0
2604
0
0
0
0
0
0
0
0
0
0
0
0
0
0
0
0
0
0
0
0
0
0
2589
0
0
0
0
0
0
0
0
0
0
0
0
0
0
0
0
0
0
0
0
0
2690
0
0
0
0
0
0
0
0
0
0
0
0
0
0
0
0
0
0
0
0
0
0
0
0
0
0
0
0
0
0
0
0
0
0
0
0
0
0
0
0
0
0
0
0
0
0
0
0
0
0
0
0
0
0
2679
0
2681
0
0
0
0
0
0
0
0
0
0
0
0
0
2698
0
0
0
2699
0
0
0
0
0
0
0
0
0
0
0
0
2728
0
0
0
2711
0
0
0
0
0
0
0
0
0
0
0
0
0
0
0
0
0
0
0
0
0
0
0
0
0
0
0
0
0
0
0
0
0
0
0
0
0
0
0
0
0
0
0
0
0
0
0
0
0
0
2777
0
0
0
0
0
0
0
2777
0
0
0
0
0
0
0
0
0
0
0
0
0
2780
0
0
0
0
0
0
0
0
0
0
0
0
0
0
0
0
0
0
0
0
0
0
0
0
0
0
0
0
0
0
0
2777
0
0
0
0
0
0
0
0
0
0
2104
0
0
0
0
0
0
0
0
0
0
0
0
0
2846
0
0
0
0
0
0
0
0
0
0
2872
0
0
0
0
0
0
0
0
2945
0
0
0
0
0
0
0
0
0
0
0
0
0
0
0
0
0
0
0
0
0
0
0
0
0
0
0
0
0
0
0
0
0
0
0
0
0
0
0
0
0
0
0
0
0
0
0
0
0
0
0
0
0
0
0
0
0
2937
0
0
0
0
0
0
2963
0
0
0
0
0
0
0
0
0
0
0
0
0
0
0
0
0
0
0
0
0
0
0
0
0
0
0
0
0
0
0
0
0
0
0
0
0
0
0
0
0
0
0
0
0
0
0
0
0
0
0
0
0
0
0
0
0
0
0
0
0
0
0
0
0
0
0
0
0
0
0
0
0
0
0
2886
0
0
0
0
0
0
0
0
0
0
0
0
0
0
0
0
0
0
0
0
0
0
0
0
0
0
0
0
3239
3064
3064
3048
3048
3064
0
3043
0
0
0
0
3048
0
0
3048
3064
3048
3048
3043
3048
3048
3048
0
3043
3064
0
0
0
0
0
0
0
0
0
0
0
3076
0
0
0
0
0
0
0
0
0
0
0
0
0
0
0
0
0
0
0
0
0
3188
0
0
0
0
0
0
0
0
0
0
3149
0
0
0
0
0
0
0
0
0
0
0
0
0
0
0
0
0
0
0
0
0
0
0
0
0
0
0
0
0
0
0
0
0
0
0
3147
0
0
0
0
0
0
0
0
0
0
0
3164
0
0
0
0
0
0
0
0
0
0
0
0
3175
0
0
0
0
3167
0
0
0
0
0
0
0
0
0
0
0
0
0
0
0
0
0
0
0
0
0
0
0
0
0
0
0
0
0
0
0
0
0
0
0
3208
0
0
0
0
0
0
0
0
0
0
0
0
0
0
0
0
0
0
0
0
0
0
0
0
0
0
0
0
0
0
0
0
0
0
0
0
0
0
0
0
0
0
0
0
0
0
0
0
0
0
0
0
0
0
0
0
3259
0
0
0
0
0
0
0
0
0
0
0
0
0
0
3239
0
0
0
0
0
0
0
0
0
3282
0
0
0
0
0
0
0
0
0
0
0
0
0
0
0
0
0
0
0
0
0
0
0
0
0
0
0
0
0
0
0
0
0
0
0
0
0
0
0
0
0
0
0
0
0
0
0
0
0
0
0
0
0
0
0
0
0
0
0
0
0
0
0
0
0
0
0
0
0
0
0
0
0
0
0
0
0
0
0
0
0
3381
0
0
0
0
0
0
0
0
0
0
0
0
0
0
0
0
0
0
3387
0
0
0
0
0
0
0
0
0
0
0
0
0
0
0
0
0
0
0
0
0
0
0
0
0
0
3422
0
0
0
0
0
0
0
0
0
0
0
0
0
0
0
0
0
0
0
0
0
0
0
0
0
0
0
0
0
0
0
0
0
0
0
0
0
0
0
0
3458
0
3353
0
0
0
0
0
0
0
0
0
0
0
0
0
0
0
0
0
0
0
0
0
0
0
0
0
0
0
0
0
0
0
0
0
0
0
0
0
0
0
0
0
0
0
0
0
0
0
0
0
0
0
0
0
0
0
0
0
0
0
0
0
0
0
0
0
0
0
0
0
0
0
0
0
0
0
0
0
0
0
0
0
0
0
0
0
0
0
0
3702
0
0
0
0
0
0
0
0
0
0
0
0
0
0
0
0
0
0
0
0
3580
0
0
3580
0
3658
0
0
0
0
3658
0
0
0
0
0
3589
0
0
0
0
0
0
0
0
0
0
0
0
0
0
0
0
0
0
0
0
0
0
0
0
0
0
0
0
0
0
0
0
0
0
0
0
0
0
0
0
0
0
0
0
0
0
0
0
0
0
0
0
0
0
0
0
0
0
0
0
0
0
0
0
0
0
0
0
0
0
0
0
0
0
0
0
0
0
0
0
0
0
0
0
0
0
0
0
0
0
0
0
0
0
0
0
3696
0
0
0
0
0
0
0
3687
3688
3687
0
0
0
0
0
0
0
3688
0
0
0
0
0
0
0
0
0
0
0
0
0
0
0
0
0
0
0
0
0
3748
0
0
0
0
0
0
0
0
0
0
0
0
0
0
0
0
0
0
0
0
0
0
0
0
0
0
0
0
0
0
0
0
0
0
0
0
0
0
3541
0
0
0
0
0
0
0
0
0
0
0
0
0
0
0
0
0
0
0
0
0
0
0
0
0
0
0
0
0
0
0
0
0
0
0
0
0
0
0
0
3870
0
3819
0
0
0
0
0
0
0
0
0
0
0
0
0
0
0
4494
0
0
0
0
0
3852
0
0
0
0
0
0
0
0
0
0
0
0
0
0
0
3843
0
0
0
0
0
0
0
0
0
0
0
0
0
0
0
0
0
0
0
0
0
0
0
0
0
0
0
0
0
0
0
0
0
0
3869
0
0
0
0
0
0
0
0
0
0
0
0
0
0
0
0
0
0
3910
0
0
0
0
0
0
0
0
0
0
0
0
0
0
0
0
0
0
3927
0
0
0
0
0
4518
3943
0
0
3934
0
0
0
0
0
0
0
0
0
0
0
0
0
0
0
0
0
0
0
0
0
0
0
0
0
0
0
0
0
0
0
0
0
0
0
0
0
0
0
0
0
0
0
0
0
0
0
0
0
0
0
0
0
0
0
0
0
4069
0
0
0
0
0
0
0
0
0
0
0
0
4530
0
0
0
0
0
0
0
0
0
0
0
0
0
0
0
0
0
0
0
0
0
0
0
0
0
0
0
0
0
0
0
0
0
0
0
0
0
0
0
0
0
0
0
0
0
0
0
0
0
0
0
0
0
0
0
0
0
0
0
0
0
0
0
0
0
0
0
0
0
0
0
0
0
0
0
0
0
0
0
0
0
0
0
0
0
0
0
0
0
0
0
0
0
0
0
0
0
0
0
0
0
0
4108
0
0
0
0
0
0
0
0
0
0
0
0
0
0
0
0
0
0
0
0
0
3977
0
4111
0
0
0
0
0
0
0
0
0
0
3987
0
0
0
0
0
4177
0
0
0
0
0
0
4148
0
0
0
0
0
0
0
0
4148
0
0
0
4148
0
0
0
4190
0
4413
0
0
4165
0
0
0
0
0
4199
0
0
0
0
0
0
0
0
0
0
0
0
0
0
0
0
0
0
0
0
0
0
0
0
0
0
0
0
0
0
0
0
0
0
0
0
0
0
0
0
0
0
0
0
0
0
0
0
0
0
0
0
0
0
0
0
0
0
0
0
0
0
0
0
0
0
0
0
0
0
0
0
0
0
0
0
0
0
0
0
0
0
0
0
0
0
0
0
0
0
0
0
0
0
0
0
0
0
0
0
0
0
0
0
0
0
0
0
0
0
0
0
0
0
0
0
0
0
0
0
0
0
0
0
0
0
0
0
0
0
0
0
0
0
0
0
0
0
0
0
0
0
0
0
0
0
0
0
0
0
0
0
0
0
0
0
0
0
0
0
0
4338
0
0
0
0
0
0
0
0
0
0
0
0
0
0
0
0
0
0
0
0
0
0
0
0
0
0
0
0
0
0
6098
0
0
0
0
0
0
0
0
0
0
0
0
0
4393
0
0
0
0
0
0
0
0
0
0
0
0
0
0
0
0
0
0
4432
0
4400
0
0
0
0
0
0
0
0
0
0
0
0
0
4408
0
0
0
0
0
0
0
4432
0
0
0
0
0
0
0
0
0
0
0
0
0
0
0
0
0
0
0
0
0
0
0
0
0
0
0
0
0
0
4478
4461
0
0
0
0
0
0
0
0
0
0
0
0
0
0
0
0
0
0
0
0
0
0
0
0
0
0
0
0
0
0
0
4552
0
0
0
0
0
0
0
0
0
4518
0
0
0
0
0
0
0
0
0
0
0
0
0
0
4228
0
0
0
0
0
0
0
0
0
0
0
0
0
0
0
0
0
0
0
0
0
0
0
0
0
0
0
0
4540
0
0
4554
0
0
0
4518
0
4560
0
0
3921
0
0
0
4559
0
0
0
0
0
0
0
4580
0
0
0
0
0
0
0
0
0
0
0
0
0
0
0
0
0
4587
0
0
0
0
0
0
0
0
0
0
0
0
0
0
0
0
0
0
0
0
0
0
0
0
0
0
0
0
0
0
0
0
0
0
0
4863
4863
4722
0
0
0
0
0
0
0
0
0
0
0
0
0
0
0
0
0
0
0
0
0
0
0
0
0
0
0
0
0
0
0
0
0
0
4695
0
0
0
0
0
0
0
0
0
0
0
0
0
0
0
0
0
0
0
0
0
0
0
0
0
0
0
0
0
0
0
0
0
0
0
0
0
0
0
4630
0
0
0
0
0
0
0
0
0
0
0
4695
0
0
0
0
0
0
4695
0
0
0
0
0
0
0
0
0
0
0
0
0
0
0
4717
0
0
0
0
0
0
0
0
0
0
0
0
0
0
0
0
0
0
0
0
0
0
0
0
0
0
0
0
0
0
0
0
0
0
0
0
0
0
0
0
0
0
0
0
0
0
0
0
0
0
0
0
0
0
0
0
0
0
0
0
0
0
0
0
0
0
0
0
0
0
0
0
0
0
0
0
0
0
0
0
0
0
0
4718
0
0
0
0
0
0
0
0
4826
0
0
0
4843
0
0
0
0
0
4855
0
0
0
0
0
0
0
0
0
0
4826
4826
0
0
0
0
0
0
0
0
0
0
0
0
0
0
0
0
0
0
0
0
0
0
0
0
0
0
0
0
0
0
0
0
0
0
0
0
0
0
0
0
0
0
0
0
4912
0
0
0
0
0
0
0
0
0
0
0
0
0
0
0
0
0
0
0
0
0
0
0
0
0
0
0
0
0
0
0
0
0
0
0
0
0
0
0
0
0
0
0
0
0
0
0
0
0
0
0
0
0
0
0
0
0
0
0
0
0
0
0
0
0
0
0
0
0
0
0
0
0
0
0
0
0
0
0
0
0
0
0
0
0
0
0
0
0
0
0
0
0
0
0
0
0
0
0
0
0
0
0
0
0
0
0
0
0
0
0
0
0
0
0
0
0
0
0
0
0
0
0
0
0
0
0
0
0
0
0
0
0
0
0
5025
0
0
0
0
0
0
0
0
0
0
0
0
0
0
0
0
0
0
0
0
0
0
0
0
0
0
0
0
0
0
0
0
0
0
0
0
0
0
0
0
0
0
0
0
0
0
0
0
0
0
0
0
0
0
0
0
0
0
0
0
0
0
0
0
0
0
0
0
0
0
0
0
0
0
0
0
0
0
0
0
0
0
0
0
0
0
0
0
0
0
0
0
0
0
0
0
0
0
0
0
0
0
0
0
0
0
0
0
0
0
0
0
0
0
0
0
0
0
0
0
0
0
0
0
0
0
0
0
0
0
0
0
0
0
0
0
0
0
0
0
0
0
0
0
0
0
0
5183
0
0
0
0
0
0
0
0
0
0
0
0
0
0
0
0
0
0
0
0
0
0
0
5203
0
0
5203
5203
0
0
5203
5210
5210
0
0
0
0
0
0
0
0
0
0
0
0
0
5226
0
5218
0
5226
5248
0
0
0
0
0
0
0
0
0
5186
0
0
0
0
0
0
0
5267
0
0
0
0
0
0
0
0
0
0
0
5259
0
0
0
0
0
5261
0
0
0
0
0
0
0
0
0
0
0
0
0
0
0
0
0
0
0
0
0
5282
0
0
0
0
5287
0
0
0
0
0
0
0
0
0
0
0
0
0
0
0
0
0
0
0
0
0
5318
0
0
0
0
0
0
0
0
0
0
0
0
0
0
0
0
0
0
0
0
0
0
0
0
0
0
0
0
0
0
0
0
0
0
0
0
0
0
0
0
0
0
5366
0
0
0
0
0
0
0
0
0
0
0
0
0
0
0
0
0
0
0
0
0
0
0
0
0
0
0
0
0
0
0
0
0
0
0
0
0
0
0
0
0
0
0
0
0
0
0
0
0
0
5404
0
0
0
0
0
0
0
0
5436
0
0
0
0
0
0
0
0
0
0
0
0
0
0
0
0
0
0
0
0
0
0
0
0
0
0
0
0
0
0
0
0
0
0
0
0
0
0
0
5455
0
0
0
0
0
0
0
0
0
0
0
0
0
0
0
0
0
0
0
0
0
0
0
0
0
0
0
0
0
0
0
0
0
0
0
0
0
0
0
0
0
0
0
0
0
0
0
0
0
0
0
0
0
0
0
0
0
0
0
0
0
0
0
0
0
0
0
0
0
0
0
0
6452
5669
0
0
0
0
0
0
0
0
0
6426
0
0
0
0
0
5585
0
0
0
0
0
0
0
0
5595
5572
0
0
0
0
0
5552
0
0
0
0
0
0
0
5563
0
0
0
0
5553
0
0
0
5873
5553
0
5628
0
5183
0
0
5616
0
0
0
0
0
5628
0
0
0
0
0
0
0
0
5628
0
0
0
0
0
0
0
0
0
0
0
0
0
0
0
0
0
0
0
0
0
0
0
0
5602
0
0
0
0
0
5650
0
0
0
0
0
0
0
0
0
0
0
0
0
0
0
0
0
0
0
5658
0
0
0
0
0
0
0
0
0
0
0
0
5677
0
0
0
5683
0
0
0
0
0
5676
0
0
0
0
0
0
0
0
0
5677
0
5683
0
0
0
0
0
0
0
0
0
0
0
0
0
0
0
0
0
0
0
0
0
0
0
0
0
0
0
0
0
0
0
0
0
0
0
5736
0
0
0
0
0
0
0
0
0
0
0
0
0
0
0
0
0
0
0
0
4265
0
0
0
0
0
0
0
0
0
5821
0
0
0
0
0
0
0
0
0
0
0
0
0
0
0
0
0
0
0
0
0
0
0
0
0
0
0
0
0
0
0
0
0
0
0
0
0
0
5545
0
0
5669
0
6427
0
0
0
0
0
0
0
0
5676
0
0
0
0
0
0
0
0
0
0
0
0
0
0
0
5727
0
0
0
0
5778
0
0
0
0
0
0
0
0
0
0
0
0
0
0
5708
0
0
0
0
0
0
5860
0
0
0
0
0
0
0
0
0
0
0
0
0
0
0
0
0
0
0
0
5873
0
0
0
5896
0
0
0
0
5884
0
0
5873
0
0
0
0
0
0
0
0
0
0
0
5896
6243
0
0
5896
0
0
0
0
0
0
0
0
0
0
0
0
0
0
6365
6160
0
0
0
0
6243
0
0
0
0
0
0
0
0
0
0
0
0
0
0
0
0
0
0
0
0
0
5946
0
0
0
0
0
0
0
0
0
0
0
0
5968
0
5928
0
0
0
0
0
0
0
0
0
0
0
0
0
0
0
0
0
0
5946
0
0
0
0
0
0
0
0
0
0
0
0
0
0
0
0
0
0
0
0
0
0
0
0
0
0
0
0
0
0
6112
0
0
0
0
0
0
0
0
6009
0
0
0
0
0
0
0
0
0
0
0
0
0
0
0
6013
0
0
0
0
0
0
0
0
0
0
0
0
0
0
0
0
0
0
0
6030
0
0
0
0
0
0
0
0
0
0
0
0
0
0
0
0
0
0
0
0
0
0
0
0
0
0
0
0
0
0
0
0
0
0
0
0
0
0
0
0
0
0
0
0
0
0
0
0
0
0
0
0
0
0
0
0
0
0
0
0
0
0
0
0
0
0
0
0
0
6040
0
0
0
0
0
0
0
0
0
0
0
0
0
0
0
0
0
0
0
0
0
0
0
0
0
0
0
0
0
0
6197
0
0
0
0
6169
0
0
6200
0
0
0
6161
0
0
0
0
0
0
6243
0
0
6167
0
0
6364
0
0
0
0
0
0
0
0
0
0
0
0
0
0
0
6359
0
0
0
0
0
0
0
0
0
0
0
0
0
0
0
0
0
0
0
0
0
0
0
0
6251
0
0
0
0
0
0
0
0
0
0
0
0
0
0
0
0
0
0
0
0
0
0
0
6442
0
0
0
0
6428
0
0
0
6321
0
0
0
0
0
6301
0
0
0
0
0
0
0
0
0
0
0
0
0
0
0
6293
0
0
0
0
0
6277
6275
0
0
0
0
0
6291
0
0
6282
0
0
6319
6309
0
0
0
6282
0
6282
0
0
0
0
6297
0
6296
6319
6319
0
0
6319
0
0
0
0
6427
0
0
6251
0
0
0
0
0
6330
0
0
0
0
0
0
0
0
0
0
0
0
0
6333
0
0
0
0
0
0
0
0
0
0
0
0
0
0
0
0
0
0
0
0
0
0
0
0
0
5892
0
0
0
0
0
6672
0
0
0
0
0
0
0
0
0
0
0
0
0
0
0
0
0
0
0
0
6390
0
0
0
0
0
0
0
0
0
0
0
0
0
0
0
0
6418
0
0
0
6243
6429
0
0
6243
0
0
0
0
0
0
0
0
0
0
6449
0
0
0
6428
6446
0
0
0
0
6429
0
0
6421
0
0
0
0
0
0
0
0
0
0
0
0
0
0
0
0
0
0
6486
6500
0
6468
0
0
6899
0
0
0
0
6465
6486
0
0
6475
0
0
6480
0
0
0
0
6476
0
0
0
0
0
0
6514
0
0
6509
0
0
6501
0
6476
0
6488
0
0
0
6899
0
0
0
0
0
6542
0
0
0
0
0
0
0
0
0
0
0
0
0
0
0
0
0
0
0
0
0
6509
0
0
0
0
0
0
0
0
0
0
0
0
0
0
0
0
0
0
0
0
0
0
0
0
0
0
0
0
0
0
0
0
0
0
0
0
0
0
6582
0
0
0
0
0
0
0
0
0
0
0
0
0
0
0
0
0
6607
0
0
0
0
0
0
0
0
0
0
0
0
0
0
0
0
0
0
0
0
0
0
0
0
0
0
0
0
0
0
6639
0
0
0
0
0
0
0
6632
0
5896
0
0
0
0
0
0
0
0
0
6638
0
0
0
0
0
0
3698
0
0
0
0
0
0
0
0
0
0
0
0
0
3750
0
0
0
0
0
0
0
0
0
0
0
0
0
0
0
0
0
0
0
0
0
0
0
0
0
0
0
0
0
0
0
0
0
0
0
6711
0
0
0
0
6727
0
0
0
0
6727
0
0
0
0
0
0
0
0
0
0
0
6716
0
0
0
0
6732
0
0
0
0
0
0
0
0
0
0
0
0
0
0
0
0
0
0
0
0
0
0
0
6822
0
0
0
0
0
0
0
0
0
0
0
0
0
0
0
0
0
0
0
0
0
0
0
0
0
0
0
0
0
0
0
0
0
0
0
0
0
0
0
0
0
0
0
0
0
0
0
0
0
0
0
0
0
0
0
0
0
6824
0
0
0
0
0
0
0
0
0
0
0
0
0
0
0
0
0
0
0
0
0
0
0
6838
0
0
0
0
0
0
6846
0
6846
0
6846
0
6479
6500
0
0
0
0
0
0
0
0
0
0
0
0
0
0
0
6853
0
0
0
0
0
6853
0
0
6892
0
0
0
0
0
0
0
0
6907
0
0
0
0
0
0
0
0
0
6887
0
6490
0
6490
0
6490
0
0
6916
6916
0
0
0
0
0
6911
0
6927
0
0
0
0
0
0
0
6916
0
0
6911
0
0
0
0
0
0
0
0
0
0
0
0
0
0
0
0
0
0
0
0
0
0
0
0
0
0
6940
0
0
0
0
0
0
0
0
0
0
0
0
0
0
0
0
0
0
0
0
0
0
0
0
0
0
0
0
0
0
0
0
0
0
0
0
0
0
0
0
0
0
0
0
0
0
0
0
0
0
0
0
0
0
0
0
0
0
0
0
0
0
0
0
0
0
0
0
0
0
0
0
0
0
0
0
0
0
0
7013
0
0
0
0
0
0
0
7042
0
0
0
0
0
0
0
0
0
0
0
0
0
0
0
0
0
0
0
0
0
0
0
0
0
0
0
0
0
0
0
0
0
0
0
0
0
0
0
0
0
0
0
0
0
0
0
0
0
0
0
0
0
7085
0
0
0
0
0
0
0
0
0
0
0
0
0
0
0
0
0
0
0
0
0
0
0
0
0
0
0
0
0
0
0
0
0
0
0
0
0
0
0
0
0
0
0
0
0
0
0
8387
0
0
0
0
0
0
0
0
0
0
0
0
0
7164
0
7121
0
0
0
0
0
0
0
0
0
0
0
0
0
0
0
0
0
0
0
0
0
0
0
0
0
7184
0
0
0
0
0
0
0
0
0
0
0
0
0
0
0
0
0
0
0
0
0
0
0
0
0
0
0
0
0
0
0
7208
0
0
0
0
0
0
0
0
0
0
8426
0
0
0
0
0
0
0
0
0
0
0
0
0
0
0
0
0
0
0
0
0
0
0
0
0
0
0
0
0
0
0
0
0
0
0
0
0
0
0
0
0
0
0
0
0
0
0
0
0
0
0
0
0
0
0
7280
0
0
0
0
0
0
0
0
0
0
0
0
0
0
0
0
0
0
0
0
0
0
0
0
0
0
0
7308
0
0
0
0
0
0
0
0
0
0
0
0
0
0
0
0
0
0
0
0
0
0
7505
0
0
0
0
0
0
0
0
0
0
0
0
7363
0
0
0
0
0
0
0
0
0
0
0
0
0
0
0
0
0
0
0
0
0
0
0
0
0
0
0
0
0
0
0
0
0
0
0
0
0
0
0
0
0
0
0
0
0
0
0
0
0
0
0
0
0
0
0
0
0
0
0
0
0
0
0
0
0
0
0
0
0
0
0
0
0
0
0
0
0
7476
0
0
0
0
0
0
0
0
0
0
0
0
0
0
0
0
0
0
0
0
0
0
0
0
0
0
0
0
0
0
0
0
0
0
0
0
0
0
0
0
0
0
0
0
0
0
0
0
0
0
0
0
0
0
0
7664
0
0
0
0
0
0
0
0
0
0
0
0
0
0
0
0
7296
0
0
0
0
0
7503
0
0
0
0
0
0
0
0
0
0
0
0
7507
0
0
0
0
0
0
0
7525
0
0
0
0
0
0
0
0
0
0
0
0
0
0
0
0
0
0
0
0
0
0
0
0
0
0
0
0
0
0
0
0
0
0
0
0
0
0
0
0
0
0
0
0
0
0
0
0
0
0
0
0
0
0
0
0
0
0
0
0
0
0
0
0
0
0
0
0
0
0
0
0
0
0
0
0
0
0
0
0
0
0
7587
0
0
0
0
0
0
0
0
0
0
0
0
0
0
0
0
0
0
0
0
0
0
0
0
0
0
0
0
0
0
0
0
0
0
0
0
0
0
0
0
0
0
0
0
0
0
0
7650
0
0
0
0
0
7473
0
7464
0
0
0
0
0
0
0
0
0
0
0
0
0
0
0
0
0
0
0
0
0
0
0
0
0
0
0
0
0
0
0
0
0
0
0
0
0
0
0
0
0
0
0
0
0
0
0
0
0
0
0
0
0
0
0
0
0
0
0
0
0
0
0
0
0
0
0
0
0
0
0
0
0
0
0
0
0
0
0
0
0
0
0
0
0
0
0
0
0
0
0
7755
0
0
0
0
0
0
0
0
0
0
0
0
0
0
0
7783
0
0
0
0
0
0
0
0
0
0
0
0
0
0
0
0
0
0
7782
0
0
0
0
0
0
0
0
0
0
0
0
0
0
0
0
0
0
0
0
0
0
0
0
0
0
0
7880
0
7806
0
0
0
0
0
0
0
0
0
0
0
0
0
0
0
0
0
0
0
0
0
0
0
0
0
0
0
0
0
0
0
0
0
0
0
0
0
0
0
0
0
0
0
0
0
0
0
0
0
0
7877
0
0
0
0
0
0
0
0
0
0
0
0
0
0
0
0
0
0
0
0
0
0
0
0
0
0
0
0
0
0
0
0
0
0
0
0
0
0
0
0
0
0
0
0
0
0
0
0
0
0
0
0
0
0
0
0
0
0
0
0
0
0
0
0
0
0
0
0
0
0
0
0
0
0
0
0
0
0
0
7951
0
0
0
0
0
0
0
0
0
0
0
0
0
0
0
0
0
0
0
0
0
7975
0
0
0
0
0
0
0
0
0
0
0
0
0
0
0
0
0
0
0
0
0
0
0
0
0
0
0
0
0
0
0
0
0
0
0
0
0
0
0
0
0
0
0
0
0
0
0
0
0
0
0
0
0
0
0
0
0
0
0
0
0
0
0
0
0
0
0
0
0
0
0
0
0
0
0
0
0
0
0
0
0
0
0
0
0
8069
0
0
0
0
0
0
0
0
0
0
0
0
0
0
0
0
0
0
0
0
0
8085
0
0
0
0
0
0
0
0
0
0
0
0
0
0
0
0
0
0
0
0
0
0
0
0
0
0
0
0
0
0
0
0
0
0
0
0
0
8099
8137
0
0
0
0
0
0
0
0
0
0
0
0
0
0
0
0
0
0
0
0
0
0
0
0
0
0
0
0
0
8192
0
0
0
0
0
8146
0
0
0
0
0
0
0
0
0
0
0
0
0
0
0
0
0
0
8203
0
0
0
0
0
0
0
0
0
0
0
0
0
8203
0
0
0
0
0
0
0
0
0
0
0
0
0
0
0
0
0
0
0
0
0
0
0
0
0
0
0
0
0
0
0
0
0
0
0
0
0
0
0
0
0
0
0
0
0
0
0
0
0
0
0
0
0
0
0
0
0
0
0
0
0
0
0
0
0
0
0
0
0
0
0
0
0
0
0
0
0
0
0
0
0
0
0
0
0
0
0
0
0
0
0
0
0
0
0
0
0
0
0
0
0
0
0
0
0
0
0
0
0
0
0
0
0
0
0
0
0
0
0
0
0
0
0
0
0
0
0
0
0
0
0
0
0
0
0
0
0
0
0
0
0
0
0
0
0
0
0
0
0
0
0
0
0
0
0
0
0
0
0
0
0
0
0
0
0
0
0
0
0
0
0
8145
0
0
0
0
0
0
0
0
0
0
0
0
0
0
0
0
0
0
0
0
0
0
0
0
0
0
0
0
8390
0
0
0
0
0
0
0
0
0
0
0
8543
0
0
0
0
0
0
0
0
0
0
0
0
0
0
0
0
0
0
0
0
0
0
0
0
0
8426
0
8443
0
0
0
0
0
0
0
0
0
0
0
0
0
0
0
0
0
0
0
0
0
0
0
0
0
8452
0
0
0
0
0
0
0
0
0
0
0
0
0
8478
0
0
0
0
0
0
0
0
0
0
0
0
0
0
0
0
0
0
0
0
0
0
0
0
0
0
0
0
0
0
0
0
0
0
0
0
0
0
0
0
0
0
0
0
0
0
0
0
0
0
0
0
0
0
0
0
0
0
0
0
0
0
0
0
0
0
0
0
0
0
0
0
0
0
0
0
0
0
0
0
0
0
0
0
0
0
0
0
0
0
0
0
0
0
0
0
0
0
0
0
0
0
0
0
0
0
0
0
0
0
0
0
0
0
0
0
0
0
0
0
0
0
0
0
0
0
0
0
0
0
0
0
0
0
0
0
0
0
0
0
0
0
0
0
0
0
0
0
0
0
0
0
0
0
0
0
0
0
0
0
0
0
0
0
0
0
0
0
0
0
0
0
8674
0
0
0
0
0
0
0
0
0
0
0
0
0
0
0
0
0
0
0
0
0
0
0
0
0
0
8670
0
0
0
0
0
0
0
0
0
0
0
0
0
0
0
0
0
0
0
0
0
0
0
0
0
0
0
0
0
0
0
0
0
0
0
0
0
0
0
0
0
0
0
0
0
0
0
0
0
0
0
0
0
0
0
0
0
0
0
0
0
0
0
0
0
0
0
0
0
0
0
0
0
8748
0
0
0
0
0
0
0
0
0
0
0
0
0
0
0
0
0
0
0
0
0
0
0
0
0
0
0
0
0
0
0
0
0
0
0
0
0
0
0
0
0
0
0
0
0
0
0
0
0
0
0
0
0
0
0
0
0
0
0
0
0
0
0
0
0
0
0
0
0
0
0
0
0
0
0
0
0
0
0
0
0
0
0
0
0
0
0
0
0
0
0
0
0
0
0
0
0
0
0
0
0
0
0
0
0
0
0
0
0
0
0
0
0
0
0
0
0
0
0
0
0
0
0
0
0
0
0
0
0
0
0
0
0
0
0
0
0
0
0
0
0
0
0
0
0
0
0
0
0
0
0
0
0
0
0
9159
0
0
0
0
0
0
0
0
0
0
0
0
0
0
0
0
0
0
0
0
0
0
0
0
0
0
0
0
0
0
0
0
0
0
0
0
0
0
0
0
0
0
0
0
0
0
0
0
0
0
0
0
0
0
0
0
0
0
0
0
0
0
0
0
0
0
0
0
0
0
0
0
0
0
0
0
0
0
0
0
0
0
0
0
0
0
0
0
0
0
0
0
0
0
0
0
0
0
0
0
0
0
0
0
0
0
0
0
0
0
0
0
0
0
0
0
0
0
0
0
0
9029
0
0
0
0
0
0
0
0
0
0
0
0
0
0
0
0
0
0
9018
0
0
0
0
0
0
0
0
0
0
0
0
0
0
0
0
0
0
0
0
0
0
0
0
0
0
0
0
0
0
0
0
0
0
0
0
0
0
0
0
8804
0
0
0
0
0
0
0
0
0
0
9097
0
0
0
0
0
0
0
0
0
0
0
0
0
0
0
9110
0
0
0
0
0
0
0
0
0
0
0
0
0
0
0
0
0
0
0
0
0
0
0
0
0
0
0
0
0
0
0
0
0
0
0
0
0
0
0
0
8916
0
0
0
0
0
0
0
0
0
0
0
0
0
0
0
0
0
0
0
0
0
0
0
0
0
0
0
0
0
0
0
0
0
0
0
0
0
0
0
0
0
0
0
0
0
0
0
0
0
9219
0
0
0
0
0
0
0
0
0
0
0
0
0
0
0
0
3174
0
9219
0
0
0
0
0
0
0
0
0
9219
0
0
0
0
0
0
0
0
0
0
0
0
0
0
0
0
0
0
0
0
0
0
0
0
0
0
0
0
0
0
0
0
0
0
0
0
0
0
0
0
0
0
0
0
0
0
0
0
0
0
0
0
0
0
0
0
0
0
0
0
0
0
0
0
0
0
0
0
0
0
0
0
0
0
0
0
0
0
0
0
0
0
0
0
0
0
0
0
0
0
0
0
0
0
0
0
0
0
0
0
0
0
0
0
0
0
0
0
0
0
0
0
0
0
0
0
0
0
0
0
0
0
0
0
0
0
0
0
0
0
0
0
0
0
0
0
0
0
0
0
9370
0
0
0
0
0
0
0
0
0
0
0
0
0
0
0
0
0
0
0
0
0
0
0
0
0
0
0
0
0
0
0
0
0
0
0
0
0
0
0
0
0
0
0
0
0
0
0
0
0
0
9417
0
0
0
