38
39
41
42
46
47
48
49
51
52
54
55
57
142
59
60
64
65
66
70
60
89
96
104
52
146
380
79
146
88
36
77
43
44
0
0
0
0
0
0
0
0
0
0
0
0
0
0
0
0
93
0
0
0
0
0
0
0
142
0
0
0
212
0
0
0
0
229
371
38
0
60
779
63
0
0
0
0
46
0
0
85
100
220
100
0
0
0
0
0
0
219
0
0
219
168
0
384
90
148
0
231
228
370
0
0
183
0
52
146
380
186
54
0
798
42
141
373
184
798
144
141
55
141
380
92
79
0
137
0
0
153
127
0
55
783
418
0
65
0
155
0
0
0
0
141
0
141
0
274
161
399
141
0
417
0
0
220
0
165
0
0
144
179
392
0
491
88
0
0
51
148
169
90
219
165
88
0
0
0
105
85
90
0
0
206
0
274
202
405
0
206
183
282
0
179
282
200
411
363
0
405
0
228
165
762
0
213
179
89
0
426
0
0
575
206
36
0
231
0
0
168
169
0
105
516
54
770
0
0
210
0
786
231
88
0
662
672
681
676
561
831
0
734
547
257
0
417
610
696
751
516
840
686
242
798
143
0
501
141
160
477
491
380
565
610
494
476
223
160
354
407
212
365
0
771
477
515
223
556
352
399
0
394
561
476
431
274
342
397
480
491
557
394
415
144
184
557
399
494
372
399
274
184
360
510
477
399
525
360
223
414
352
417
213
223
190
210
160
523
557
491
331
488
158
331
217
360
558
331
647
0
0
194
494
488
409
409
557
360
514
561
0
352
525
547
0
383
394
561
476
415
0
695
0
491
571
0
342
47
0
426
0
0
194
0
547
0
480
0
0
0
0
0
565
331
624
564
415
156
0
0
617
0
0
346
0
391
357
217
0
0
0
639
0
590
518
0
363
0
617
384
0
829
342
0
405
0
100
0
346
0
274
156
0
0
426
0
0
407
200
200
346
550
331
168
0
513
503
564
484
0
363
564
581
546
426
590
405
491
617
500
274
363
467
494
370
407
391
431
565
467
625
550
331
183
357
282
484
510
409
641
534
575
1283
566
282
0
565
399
609
500
246
488
592
488
0
0
482
705
0
530
0
357
0
575
0
0
0
581
494
0
503
407
0
513
617
491
558
514
0
0
546
0
391
282
581
579
407
717
0
476
491
0
0
0
0
352
0
342
737
257
618
0
332
0
534
367
550
525
0
534
847
357
0
609
571
550
476
411
617
619
619
257
530
550
0
0
550
394
0
617
625
391
0
592
0
0
0
592
624
0
671
0
0
0
0
609
571
566
0
0
546
488
411
0
426
570
676
0
491
0
513
476
673
618
491
397
1304
751
0
1294
0
409
547
556
695
494
484
354
592
415
534
1307
558
610
515
484
625
0
0
619
242
1283
620
592
717
0
0
0
0
501
609
1292
0
0
671
488
373
564
844
817
523
546
705
579
547
641
619
0
609
0
0
476
657
523
672
0
0
242
667
558
579
657
648
579
581
0
571
1304
609
1312
0
235
864
642
563
0
657
494
619
0
0
0
750
866
0
840
875
867
829
0
673
817
676
734
0
686
710
866
0
737
557
715
805
0
0
751
871
741
741
871
864
662
927
0
0
839
910
1272
0
681
1272
686
875
0
880
0
820
734
910
819
910
514
902
927
818
681
696
843
706
750
872
877
0
737
737
0
872
871
695
0
705
744
0
641
878
750
959
750
0
0
681
246
705
805
1004
42
144
184
184
213
0
772
0
141
220
129
146
104
0
0
0
762
386
776
0
0
0
0
74
0
0
0
0
0
0
96
38
0
0
0
0
161
139
798
0
60
0
52
231
38
231
0
847
0
0
1304
530
0
840
696
0
0
864
851
847
0
0
0
0
0
1298
0
0
888
1049
0
0
0
1284
0
0
0
0
910
0
1289
871
0
0
869
843
0
0
0
1099
0
0
817
0
0
0
1289
696
657
998
874
1289
992
1007
1083
1295
710
0
967
0
0
990
0
1033
0
0
0
0
0
1035
0
0
706
0
0
0
848
695
0
1160
1002
0
844
898
980
0
690
1004
999
0
882
0
1035
734
0
0
902
1035
1108
924
1128
1057
0
0
1112
920
696
1176
977
1169
0
988
939
0
750
878
1140
0
979
1167
0
979
1183
874
872
676
0
869
967
1049
821
949
0
737
1291
1204
882
939
0
1003
1085
734
0
1155
1170
959
1174
1171
750
1104
882
850
0
1033
1125
1117
989
1160
696
818
0
1063
980
734
1099
945
896
1087
1145
864
0
1043
0
0
977
681
1145
977
0
1010
1170
0
0
0
1194
0
989
1035
0
1002
1093
0
0
1043
1035
0
0
0
1125
1010
0
1010
1099
0
1045
1155
741
0
1085
1185
813
1050
1147
1146
1003
1174
1157
1043
1185
1052
1139
980
924
1139
1003
1241
0
1136
0
850
1083
1193
867
1053
1104
750
0
1050
0
959
871
1233
0
0
1140
0
0
0
910
1170
0
1053
1099
979
1035
888
0
989
945
1140
1184
1170
1194
1049
872
1159
1054
1262
1103
990
824
1209
979
1053
1236
999
0
1102
0
1003
0
1096
1085
1102
1010
1087
0
1232
1267
0
1264
839
0
1110
1043
0
0
0
1099
1054
1233
0
1099
0
1176
0
1257
1233
1241
885
0
1033
0
1176
1362
0
0
1139
0
0
1096
0
1123
0
1130
1093
1159
1185
1251
0
2864
2900
0
0
1147
1171
1187
2896
0
0
0
878
1180
3034
1233
1057
1173
0
0
1210
0
1102
0
0
1083
1176
1200
0
1167
1264
0
0
0
0
0
949
0
0
1217
0
0
881
2879
0
0
1102
0
0
0
1222
0
995
0
1317
1093
1130
0
0
1128
0
1198
0
1167
0
980
995
1317
0
1222
2902
1340
1053
0
0
1170
1093
2900
959
1210
1049
0
1035
1177
1145
1007
0
1271
1043
1177
3011
1209
979
1140
1096
1083
0
0
1110
823
0
0
1174
0
1093
0
0
1209
2868
1104
1168
0
1233
1045
1232
0
0
0
1242
1110
0
0
1237
1274
1253
2865
0
2865
0
1266
0
0
1239
1136
0
0
0
0
0
2902
0
0
1284
1054
0
0
0
0
0
534
0
0
1271
0
1291
0
0
0
0
0
0
242
0
1305
1313
1304
1305
619
0
0
0
0
620
1305
706
671
0
0
1291
624
0
0
1362
0
3019
0
1266
0
0
2856
1317
0
1130
1237
2912
1347
0
0
0
0
3014
0
0
1185
0
2979
1189
0
0
0
2254
0
881
3007
0
0
1253
2912
2972
2247
1293
1360
2912
0
0
2890
0
1365
1365
0
0
1745
0
0
1809
0
1371
1371
1365
0
0
0
1393
1393
0
0
0
0
1393
0
1377
0
0
0
0
0
1395
0
0
0
1406
1387
0
0
1946
0
0
1406
0
0
0
0
0
0
0
0
0
0
0
0
0
0
0
0
0
0
0
0
0
0
0
0
0
0
0
0
0
0
1433
0
0
0
0
0
0
0
0
0
0
0
0
1449
1452
0
1631
1631
0
0
1631
0
0
0
0
0
0
1419
2803
0
0
0
0
0
1365
0
1469
0
0
0
1809
0
0
0
0
1465
1809
0
0
2325
0
0
0
0
0
0
5850
0
0
0
0
5902
0
0
2792
0
0
0
0
0
2776
0
0
0
1515
0
1520
0
0
1577
1520
0
0
0
0
1511
0
0
1525
0
1521
0
0
0
0
1566
0
0
1563
0
0
0
0
1542
0
1533
1542
0
0
5882
0
0
0
0
0
1542
0
0
0
0
0
0
0
0
0
1542
0
0
0
0
1511
0
0
1511
0
0
1512
0
0
1542
0
0
0
0
0
0
0
0
2384
0
0
1682
5885
0
0
0
0
0
0
0
0
0
0
0
0
0
1563
0
0
0
0
0
0
0
0
0
1647
0
0
1719
0
0
0
0
2386
0
0
0
0
0
0
1624
0
0
1673
1627
0
0
1444
1627
0
0
0
1636
1630
0
0
0
0
0
1673
0
0
0
1645
0
0
0
0
0
0
0
1645
0
2691
0
0
0
0
1673
1488
1667
0
0
0
0
0
0
0
0
0
1705
0
1465
0
0
0
0
0
0
0
0
0
5853
0
0
0
1693
0
0
0
1579
0
1527
1714
0
0
0
0
0
0
0
0
1412
0
0
0
0
1410
0
0
0
1689
0
0
0
0
0
0
1737
0
1456
0
1592
0
1473
0
1715
1481
1481
1710
0
2235
0
2805
1710
0
0
0
0
0
0
1751
1763
0
1745
0
0
0
0
0
1365
0
0
1365
1751
0
1763
0
0
1774
1788
1774
1371
0
1371
0
1371
1809
1809
0
1745
0
1809
1487
0
0
1809
0
1823
1809
1823
0
0
0
0
0
0
0
0
0
0
0
0
0
0
0
1799
0
0
0
0
0
0
0
0
0
1819
0
1827
0
0
0
0
0
0
0
0
0
0
1838
1838
0
0
0
0
1833
0
1841
0
1836
0
0
2185
0
1843
0
0
1836
0
0
1841
0
1833
0
0
0
0
0
0
2136
1821
0
0
1840
0
0
0
0
0
0
0
0
0
0
0
0
0
0
0
0
0
0
0
0
0
0
0
0
0
0
0
0
0
0
1768
0
0
0
0
0
0
0
2324
1878
0
0
0
0
0
0
0
0
0
0
0
0
0
0
0
0
0
0
0
0
0
0
0
0
0
0
0
0
0
0
0
0
0
0
0
0
0
0
0
0
0
0
0
0
1393
1946
0
0
1376
0
0
1376
0
0
0
1973
0
0
0
0
0
0
0
1986
0
0
0
0
0
0
0
0
0
0
0
0
0
0
0
0
0
0
0
0
0
0
0
0
0
0
0
2000
0
0
0
0
1994
0
0
0
0
0
0
0
0
0
0
0
0
0
0
0
0
0
0
0
0
0
0
0
0
0
0
0
0
0
2035
0
0
0
0
0
0
0
0
0
0
2175
0
0
0
0
0
0
0
0
0
0
0
0
0
2109
0
0
0
0
0
0
0
0
0
0
0
0
0
2265
0
0
0
0
0
0
2049
0
0
0
0
0
0
0
0
0
0
0
0
0
2985
0
0
0
0
0
0
0
0
0
0
0
0
2213
0
0
0
0
0
0
0
0
0
0
0
0
0
0
0
0
0
0
0
0
0
0
0
2128
0
0
0
0
2123
0
0
0
0
0
0
2035
0
0
2145
0
0
2963
0
0
0
0
0
0
3026
0
0
0
0
0
0
0
0
2118
0
0
2125
2145
0
0
0
0
0
0
0
2265
0
0
0
0
0
0
0
0
0
0
0
0
2045
0
0
0
0
0
0
0
0
0
0
2657
0
0
2060
0
0
0
0
0
0
0
0
0
0
0
0
0
0
0
0
0
0
0
0
0
0
0
0
2668
0
0
0
0
0
0
2785
0
0
0
0
0
2073
1486
0
0
0
2073
0
2372
2073
0
2074
2799
2073
0
0
0
2826
0
2776
0
0
0
2073
0
0
2805
0
2248
0
0
2826
0
0
0
2250
2230
0
2285
0
2152
0
2286
2285
0
2285
0
2286
2286
0
0
2286
0
0
0
0
0
0
2506
0
2146
0
0
0
0
2534
0
2564
0
2549
0
0
0
0
0
0
0
2072
2300
0
0
0
2814
0
0
0
0
2318
2475
0
2318
2324
0
0
1768
0
0
1823
2333
0
0
0
0
0
0
0
0
0
0
0
0
0
0
0
0
0
0
0
2349
0
0
0
0
0
0
0
0
0
0
0
0
0
0
0
0
0
0
0
0
0
0
0
0
0
2371
0
0
2364
0
0
0
0
0
0
0
0
0
0
0
0
0
0
0
0
0
0
0
0
0
0
0
2378
0
0
0
2225
0
0
0
0
2404
0
0
0
0
0
0
0
0
0
0
0
0
0
0
0
0
2075
0
3016
0
0
0
0
0
0
2436
0
3018
0
0
0
0
2448
0
0
0
0
0
0
0
0
0
0
3025
0
0
3014
2463
2588
0
0
2075
0
0
2131
2462
0
2051
0
2807
2480
2484
0
0
0
0
0
0
0
0
0
0
0
0
0
2508
2490
0
2588
2109
0
2841
2517
2211
2109
0
2500
0
2573
2606
2586
2466
2498
0
0
0
2450
0
0
2487
2560
0
2541
2524
0
2463
2570
0
0
0
2104
0
2538
0
2077
2469
2533
0
0
0
0
0
0
0
0
0
0
0
0
2535
2196
2614
2091
2541
0
2559
0
0
0
2469
0
0
0
0
0
2554
0
0
0
2554
2586
0
2645
0
2586
0
0
0
0
2587
0
2642
2549
0
2604
0
2551
2604
2559
0
0
0
0
0
0
0
0
0
2665
0
0
0
0
0
2179
0
0
0
0
0
2589
0
2655
0
0
2630
2671
0
2600
0
0
0
0
0
0
0
0
0
2653
0
2680
2224
2690
0
1424
2632
0
0
0
0
0
0
2606
2647
2640
0
0
0
0
0
0
2640
0
0
0
0
0
0
0
0
0
2668
0
0
0
0
0
0
0
2629
0
0
0
0
0
0
0
2589
0
1458
0
0
2638
0
0
2638
2680
0
0
2681
0
0
2638
0
0
0
0
0
0
0
0
0
0
2698
2698
0
0
2699
0
0
0
0
0
0
0
2709
0
0
2717
0
2728
0
2694
0
0
0
0
0
0
0
2698
0
0
0
0
0
0
0
0
0
0
0
0
0
0
2754
0
0
0
0
0
0
0
0
0
0
0
0
0
0
0
0
0
0
0
0
0
0
0
0
0
0
2769
0
0
2776
0
0
0
2826
2776
2788
2693
0
2776
0
0
0
0
0
0
0
0
0
0
0
0
2780
0
0
0
1554
0
0
0
0
0
0
1457
0
0
0
0
0
0
0
0
0
0
0
0
0
0
2814
0
0
0
0
0
2776
2276
0
2231
0
0
0
0
0
0
0
2104
0
0
0
3015
0
0
2827
0
0
2912
2827
0
0
2846
0
0
0
0
0
0
0
0
0
3030
2872
0
0
0
2963
0
0
0
1187
2945
0
1136
0
1196
0
0
2087
0
2978
1204
0
0
1347
0
0
0
2986
0
3008
2974
2989
0
0
0
0
1147
0
2989
0
3034
2905
0
0
1232
0
2850
2974
0
2997
0
0
0
0
1140
0
1262
0
0
0
0
0
2964
0
0
0
0
0
2937
2035
2202
0
2035
0
0
2963
0
0
2962
0
0
0
2986
0
3009
0
0
0
0
0
0
0
0
0
2166
0
0
0
2991
2202
823
0
0
0
0
0
0
0
0
0
0
1242
2972
0
0
0
2930
0
0
0
2104
0
0
0
0
0
2940
0
0
0
0
2218
0
0
0
2914
3034
2967
0
2952
0
2138
2890
0
0
2093
0
0
0
0
0
0
0
1344
0
2856
0
0
0
0
0
0
0
0
0
0
2856
0
0
0
0
0
0
0
0
0
0
0
0
0
0
3064
3064
3048
3048
3064
0
3043
0
0
0
0
3048
0
0
3048
3064
3048
3048
3043
3048
3048
3048
3047
3043
3064
0
0
0
0
0
0
0
0
0
0
0
0
0
3074
0
0
0
0
0
0
0
0
0
0
0
0
0
0
0
0
0
0
0
3188
0
0
0
0
0
0
0
0
0
0
0
0
3108
0
0
3107
0
0
0
0
0
0
0
0
0
0
0
3116
0
0
0
0
0
0
0
0
0
0
0
0
0
0
0
0
0
0
3147
0
0
0
0
0
3107
0
0
0
0
0
3164
0
0
0
0
0
0
0
0
0
0
0
0
0
0
0
0
0
3167
9216
3168
0
0
0
0
0
0
0
0
0
0
0
0
0
0
0
0
3198
0
0
0
3089
3089
0
3089
0
0
0
0
0
0
0
0
3209
0
0
0
0
0
3215
0
0
0
0
3217
0
0
0
0
0
0
0
0
0
0
0
0
0
3227
0
0
0
0
0
3037
0
0
0
0
0
0
0
0
0
0
0
0
0
0
0
0
0
0
0
3266
0
0
0
0
0
0
0
0
0
0
0
0
0
0
0
0
0
0
0
0
0
3037
3291
0
0
0
0
0
0
0
0
0
0
0
0
0
0
0
0
0
0
0
0
0
0
0
0
0
0
0
0
0
0
0
0
0
0
0
0
0
0
0
0
3450
0
0
0
0
3361
0
0
3375
0
0
0
0
0
0
0
0
0
0
0
0
0
0
0
0
0
0
0
0
0
0
0
0
0
0
0
0
0
0
3367
0
0
0
0
0
0
0
0
0
0
0
0
0
0
0
0
0
0
3373
0
0
0
0
0
0
0
0
0
0
3387
0
0
0
0
0
0
0
0
0
0
0
0
0
0
0
0
0
0
0
0
0
3413
0
0
0
3428
3422
0
0
0
0
0
0
0
0
0
0
0
0
0
0
0
0
0
0
0
0
0
0
0
0
0
0
0
0
0
0
0
0
0
0
0
0
0
0
0
0
3458
0
3353
0
0
0
0
0
0
0
0
0
0
0
0
0
0
0
0
0
0
0
0
0
0
0
0
0
0
3547
0
0
0
0
0
0
0
0
0
0
0
0
3685
3881
0
0
0
0
0
0
3697
0
0
0
3697
0
0
0
0
0
0
0
0
3883
3883
0
0
0
3561
0
0
3520
3702
3900
0
0
3561
0
0
0
0
3764
0
0
0
0
0
0
0
0
0
3702
0
0
3573
0
0
0
3692
3573
0
0
3569
0
0
0
0
3552
0
0
0
3553
3580
0
0
3580
0
3658
4266
0
0
0
3658
0
0
0
0
0
0
3588
0
0
0
0
0
0
0
0
0
0
0
0
0
0
0
6618
0
0
0
0
0
0
0
0
0
0
0
0
3689
0
0
0
0
0
0
0
0
0
0
0
0
0
0
0
0
0
0
0
0
0
0
0
0
0
0
0
0
0
0
3685
0
0
0
0
0
3692
0
0
0
0
0
0
0
0
0
0
0
0
0
0
0
0
0
0
0
0
0
0
0
0
0
0
3658
0
0
0
3665
3693
3703
0
0
0
0
0
3703
3693
3685
0
6648
0
3720
0
0
0
0
0
3689
0
0
0
3702
0
3665
0
0
0
0
0
0
0
0
3526
0
0
0
3748
0
3732
3748
0
0
0
0
3685
0
3685
3550
8201
4358
8424
0
3657
3685
0
4360
0
3685
0
0
3740
0
0
0
0
0
0
0
0
0
0
0
0
3759
0
0
0
0
0
0
0
0
0
0
0
0
0
3791
0
3794
0
3798
0
3798
0
3787
0
0
0
0
0
0
0
3812
0
0
0
3848
0
0
3779
6581
3870
0
0
3810
3870
0
3819
0
0
0
0
0
6394
0
0
0
0
0
0
0
3824
0
4494
0
0
0
0
0
3852
3824
0
0
0
3831
0
0
0
0
0
0
0
3852
3845
0
0
0
0
0
0
0
0
0
0
0
0
0
0
0
0
0
0
0
0
0
0
0
0
3887
3870
0
0
0
3474
3891
0
3887
0
0
3867
3870
0
0
0
0
0
0
0
0
0
0
0
0
0
0
3890
3530
3530
0
0
0
0
0
6677
0
0
3884
0
0
0
3899
3900
0
0
0
0
0
0
4502
0
0
0
0
3958
4502
5993
0
4502
3934
0
0
0
0
0
0
0
0
0
0
0
0
0
0
5993
0
3960
3986
0
0
0
0
0
0
0
0
0
0
0
0
0
0
0
0
0
0
0
0
3997
0
0
0
0
0
0
0
0
0
4124
0
3970
0
0
0
6077
0
0
0
4137
0
0
0
3963
0
0
0
0
0
0
0
4530
0
0
0
0
0
0
0
4130
0
0
0
0
0
0
0
0
0
0
0
0
0
0
0
0
0
0
0
4563
0
0
0
0
0
0
0
0
0
0
0
0
0
0
0
0
0
0
0
0
0
0
0
0
0
0
0
0
0
0
0
0
0
0
0
0
0
0
0
0
0
3986
0
0
0
0
0
0
0
0
0
3960
0
0
0
3986
4088
0
0
0
0
0
0
0
0
0
0
0
0
0
0
0
0
0
4108
0
0
0
0
0
0
0
0
0
0
0
0
0
0
0
0
0
0
0
0
4106
0
0
4111
0
0
0
0
0
0
0
0
0
0
0
0
0
0
0
0
0
0
0
0
0
0
4004
4148
0
0
0
0
0
4143
4170
3998
4148
0
4165
5989
4148
0
0
4146
0
0
4413
0
0
4165
4154
4523
0
0
4143
4199
0
4197
0
0
0
0
0
4189
0
3774
0
4167
0
0
0
0
0
0
0
4024
0
0
0
0
0
0
0
0
0
0
0
0
4146
0
0
0
4576
3692
0
0
0
6377
0
0
0
0
0
0
0
0
0
0
0
0
0
0
0
0
0
0
0
4529
0
0
0
0
0
0
0
0
0
4529
0
0
0
0
0
0
0
0
0
0
0
0
0
0
5749
0
0
0
0
0
0
0
0
0
0
0
0
0
0
0
0
0
0
0
0
0
0
0
0
0
0
0
0
0
0
0
0
4571
0
0
0
0
0
0
0
0
0
0
0
0
0
0
0
4034
0
0
0
0
0
0
0
0
0
0
0
0
0
0
0
0
0
0
0
0
0
0
0
4340
0
0
0
0
0
0
0
0
0
0
0
0
0
0
8424
8424
4360
0
0
0
0
0
0
0
0
0
0
0
0
0
0
0
0
0
0
0
0
0
0
0
0
0
0
0
0
0
4393
0
0
0
4393
0
0
0
0
0
0
0
0
0
0
0
0
0
0
4432
0
4400
0
4420
0
0
0
0
0
0
0
0
4392
4416
0
0
0
0
0
0
0
0
0
4432
0
0
0
0
0
0
0
0
0
0
0
0
0
0
0
0
0
0
0
0
0
0
0
0
0
4476
0
4476
0
0
4478
4461
0
4461
4476
0
4476
0
0
4485
3921
4471
0
0
4556
0
5718
0
0
0
0
0
0
0
0
4478
0
0
0
0
0
0
0
4552
0
0
0
0
4499
0
0
0
0
0
0
0
4234
4494
0
0
4494
0
0
0
0
0
0
0
4228
4502
0
4228
4523
0
0
4526
4182
0
0
0
0
0
4535
4530
3998
3998
0
0
4530
0
4500
4546
3934
4502
4471
0
4546
0
0
5993
4562
3934
4546
0
4502
4562
4560
0
0
3921
4562
0
0
0
0
0
0
0
0
0
0
4580
0
0
0
0
0
0
0
0
0
0
0
0
0
0
0
0
4588
0
0
0
0
0
0
0
0
0
0
0
0
0
0
0
0
0
0
0
0
0
0
0
0
0
5471
0
0
0
0
0
4678
0
0
4679
0
4863
4863
0
0
0
0
4701
0
4709
0
0
0
0
0
0
0
0
0
0
0
0
0
0
0
0
0
0
0
0
0
0
0
0
0
0
0
0
4713
0
0
0
0
4678
0
0
0
0
0
0
0
0
0
0
0
0
0
0
0
0
0
0
0
0
0
0
0
0
0
0
0
0
4713
0
0
0
0
0
0
0
0
0
0
0
4825
0
0
4692
0
0
0
0
0
4736
4736
0
0
4713
0
4626
0
0
0
0
4731
0
0
0
0
0
4827
0
0
0
0
0
0
0
0
0
0
0
0
0
0
0
0
0
0
0
0
0
0
0
0
0
0
0
0
0
0
0
0
0
0
0
0
0
0
0
0
0
0
0
0
0
0
0
0
0
0
0
0
0
0
0
0
0
0
0
0
0
0
0
0
0
0
0
0
0
0
0
0
0
0
0
0
0
0
0
0
0
0
0
0
0
0
4718
0
0
0
0
0
4851
0
0
4851
0
0
0
0
0
0
0
0
0
0
0
0
0
4833
0
0
0
0
0
0
4851
0
0
0
0
4839
0
0
0
0
0
0
0
0
0
0
0
0
0
0
0
0
0
0
0
0
4879
0
0
0
0
0
0
0
0
0
0
0
0
0
0
0
0
0
0
0
4912
0
0
0
0
0
0
0
0
0
0
4908
0
0
0
4898
0
4909
0
0
0
0
0
0
0
0
0
0
0
0
0
0
0
0
0
0
0
0
0
0
0
0
0
0
0
0
0
0
0
0
0
0
0
0
0
0
0
0
0
0
0
0
0
0
4981
0
0
0
0
5503
0
0
4950
0
0
0
0
0
0
0
0
0
4937
0
0
0
0
0
0
0
4930
0
0
0
0
0
0
0
0
0
0
0
0
0
0
0
0
0
0
0
0
0
0
0
0
0
0
0
0
0
0
0
0
0
0
0
0
0
0
0
0
0
0
0
0
0
5025
0
0
0
0
0
0
0
0
0
0
0
0
0
0
0
0
0
5047
0
0
0
0
0
0
0
0
0
5047
0
0
0
5066
0
0
0
0
0
0
0
0
0
0
5413
0
5079
0
0
0
0
0
0
0
0
0
0
0
0
0
0
0
0
0
0
0
5102
0
0
0
0
0
0
5096
0
0
0
5072
0
0
5103
5113
0
0
0
0
0
0
0
0
0
0
5413
0
0
0
0
0
0
0
0
0
0
0
0
0
0
0
5037
0
0
0
0
0
0
0
0
0
0
0
0
0
0
0
0
0
0
0
0
0
0
0
0
0
0
0
0
0
0
0
5222
0
0
0
0
0
5176
0
5186
5183
5183
5186
0
0
0
0
0
5431
5271
0
5186
0
0
0
0
0
5490
5194
0
0
0
0
0
5203
0
0
5203
5203
0
5213
5203
5213
0
0
0
0
0
0
5271
0
0
0
5248
5248
0
5227
0
5183
5218
0
5227
5248
5237
5247
0
0
0
5218
0
0
0
5186
0
0
5271
0
0
0
0
0
0
0
0
0
0
0
0
0
0
0
0
5259
0
0
0
0
5250
5261
0
0
0
0
0
0
0
0
0
0
0
0
0
0
0
0
0
0
5295
0
0
5282
5315
0
0
0
0
0
0
0
0
0
0
0
0
0
0
0
0
0
0
0
0
0
0
0
0
0
5318
0
0
0
0
0
5237
0
0
0
5326
0
0
0
0
0
0
0
0
0
0
0
0
0
0
0
0
0
0
0
0
0
0
0
0
0
0
0
0
0
0
0
0
0
0
0
0
0
0
5360
0
0
0
0
0
0
0
0
0
0
0
0
5249
0
0
0
0
0
0
0
0
0
0
0
0
0
0
0
0
0
0
0
0
0
0
0
0
5411
5407
5412
0
0
0
0
0
0
0
0
0
0
0
0
0
5436
0
0
0
0
0
0
5434
0
0
0
0
0
0
0
0
0
0
5453
0
0
0
0
0
0
5293
0
0
0
0
0
0
0
0
0
0
0
0
0
0
5455
0
5461
5461
0
0
0
5469
0
0
0
0
0
0
0
0
0
0
0
0
0
0
0
0
0
0
0
0
0
0
0
0
0
0
0
0
0
0
0
0
0
0
0
0
0
0
0
0
0
0
5521
0
0
0
0
0
0
5525
0
0
0
0
5525
0
0
0
0
0
6455
6458
0
6021
6452
6452
5801
0
6452
0
0
0
0
0
6449
6266
6426
0
0
0
6444
6453
5585
5558
0
0
0
5552
5574
0
0
5595
5572
6427
5587
5574
0
0
5552
4078
5564
5572
5572
0
0
5554
0
5552
5564
6255
5564
5553
5553
5554
0
5873
5553
0
5606
0
5183
0
5611
5616
0
0
0
0
0
5606
0
0
5616
0
0
5554
0
5616
0
0
5607
0
6266
0
0
0
0
0
0
5616
5606
0
5660
5611
6200
4075
0
0
0
0
5606
0
6370
5602
5619
0
0
0
0
0
0
0
0
0
0
5557
4504
5616
0
0
0
5883
5637
0
5883
0
0
0
0
5658
0
0
0
0
0
0
5675
0
5873
0
0
5801
5677
0
0
5926
5683
0
0
0
5646
0
5676
0
0
0
0
5845
0
0
0
0
5677
0
5683
0
0
0
0
5834
0
0
0
0
0
0
0
0
0
0
0
0
0
0
0
5679
5761
0
5761
0
0
0
0
0
0
0
0
0
0
5828
0
0
0
0
0
0
0
5731
5728
0
0
0
0
0
0
0
0
0
0
0
5694
0
0
0
0
0
0
0
0
0
0
5821
0
0
0
0
0
0
0
0
5828
0
0
0
0
0
0
0
0
0
5833
0
0
0
0
0
0
0
0
0
0
5822
0
0
0
0
0
0
0
0
5545
0
0
0
5867
6427
0
0
0
0
0
0
0
0
5676
0
5545
0
0
0
0
0
5698
0
0
5792
0
0
5867
0
0
0
0
0
0
0
0
0
0
0
0
0
0
0
0
0
5957
0
0
0
5708
0
0
0
6632
0
0
5860
5897
0
0
0
0
5646
0
0
0
0
0
0
0
0
0
0
0
0
0
0
5873
0
0
0
5873
0
0
0
5885
0
0
5892
5873
1581
0
0
0
1497
0
0
5873
0
0
0
5873
6243
0
0
5873
0
0
0
1566
0
0
1566
5914
5860
0
0
0
6160
6160
6365
6160
0
0
0
0
6243
0
6253
5962
6365
0
5659
0
5952
0
0
0
5934
5970
5614
1505
0
0
5627
6158
0
5947
0
0
0
0
5952
0
0
0
0
5976
0
0
0
5968
5616
0
0
0
0
0
0
0
0
0
0
0
0
6160
0
0
0
0
0
0
5947
6169
5612
6370
0
5612
0
0
0
0
5990
0
0
4499
5653
0
0
0
0
0
0
0
0
0
0
0
0
0
6021
0
6018
6112
0
0
0
0
0
0
0
0
0
0
0
0
0
0
6019
0
0
0
0
0
0
0
0
0
6013
0
0
6127
0
0
0
0
6189
0
0
0
0
0
0
0
0
0
0
0
6030
0
0
0
0
0
0
0
0
0
0
0
0
0
0
0
0
0
0
0
0
0
0
0
0
0
0
0
6399
0
0
0
4371
0
0
0
0
0
3956
0
0
4371
0
0
0
0
0
0
0
0
0
5801
0
0
0
0
0
0
0
0
6169
0
0
6161
0
6169
0
0
5808
0
0
0
0
0
0
0
0
0
0
0
0
0
0
0
0
5897
0
0
0
6444
0
0
5627
0
0
0
0
0
5962
6121
0
0
0
0
0
0
6169
0
0
6200
6164
0
0
6161
6121
0
0
0
0
0
6243
0
0
6164
6189
0
6161
0
0
0
0
0
0
0
0
0
0
0
6218
0
6158
0
6359
0
6189
0
0
0
6179
0
0
6185
0
0
6200
6209
0
0
0
0
0
0
0
0
0
0
0
0
0
0
0
0
0
0
0
0
0
0
0
0
0
6354
0
0
0
0
0
0
0
0
0
6442
0
6283
6224
0
0
0
0
0
6321
0
0
6283
6319
0
6301
0
0
0
0
0
0
0
0
0
0
0
0
6187
6285
6283
6293
0
6283
6295
0
0
0
6275
0
0
6285
0
6301
6301
0
0
0
6312
6310
6319
6285
6275
0
6236
6295
0
6295
6295
6315
0
6285
0
6319
0
6319
6319
0
6321
6319
0
0
6318
0
6427
5015
6330
6224
5808
0
0
6321
0
6330
6312
6345
6218
0
0
0
0
0
0
0
0
0
0
0
0
0
0
0
0
0
0
0
0
7517
0
0
6455
0
0
0
0
0
6161
0
6200
6158
6158
0
0
5892
0
6121
5987
6228
0
0
0
0
6165
0
0
0
0
0
0
0
0
0
6398
0
0
0
0
0
0
0
0
0
0
0
0
0
0
0
0
0
0
0
0
0
0
0
6449
6418
5869
6442
0
6243
6444
6447
6418
6243
6449
5869
0
0
6253
6444
6450
0
6447
6446
6449
5558
6444
0
6253
6446
6437
6437
0
6449
0
6426
0
0
0
0
0
6256
0
0
6455
0
0
0
0
0
0
0
6923
0
0
6477
6486
6499
6469
0
6499
6469
6899
0
0
6923
6504
0
6486
6499
6484
6923
3625
6897
0
0
0
6522
0
6504
0
6523
0
6536
0
0
6497
0
0
0
6499
6502
0
0
0
0
6488
0
0
6499
6899
0
0
0
6497
6532
6542
0
6522
0
0
0
0
0
0
0
0
6542
0
0
0
0
0
0
0
0
0
0
6499
0
0
0
0
0
0
0
0
0
0
0
0
0
6461
0
0
0
0
0
0
0
0
0
0
0
0
0
0
0
4512
0
0
0
0
0
0
0
0
6582
0
0
0
0
0
0
0
3692
0
0
0
0
0
0
0
0
0
6607
0
0
0
0
0
0
0
0
0
0
0
0
0
0
0
0
0
0
0
0
0
0
0
0
0
6579
0
0
0
0
0
0
0
0
0
6641
0
0
6632
0
5873
0
6632
6626
0
0
0
0
0
0
6632
6648
0
0
0
6649
6649
6648
0
6660
0
0
3750
0
0
0
0
0
0
3750
6668
3750
0
0
0
0
6377
0
0
0
0
0
0
0
0
0
0
0
0
0
0
0
0
0
0
6719
0
0
0
0
0
0
0
0
0
0
0
0
0
0
0
0
0
0
0
6703
0
6708
6708
0
6725
6674
0
0
0
0
0
0
0
0
0
6708
0
0
0
0
6730
0
0
0
0
0
0
0
0
0
0
0
0
0
0
0
0
0
0
0
0
0
6822
0
0
0
0
0
0
0
0
0
0
0
0
0
0
0
0
0
0
0
0
0
0
0
0
0
0
0
0
0
0
0
0
0
0
0
0
0
0
0
0
0
0
0
0
0
0
0
0
0
0
0
0
0
0
0
0
0
0
0
0
0
0
6818
0
0
0
0
0
0
6812
0
0
0
0
0
0
0
0
0
0
0
6838
0
0
0
0
0
0
6846
6499
6846
0
6846
0
6499
6499
0
0
6866
0
0
0
0
0
0
0
0
0
0
0
0
0
6477
0
0
0
0
6866
0
0
6892
0
0
0
0
0
0
0
0
6907
0
0
6894
0
0
0
6933
0
0
0
0
6490
0
6490
0
6490
6922
0
6904
0
0
0
0
0
0
6923
6923
6927
0
0
0
6904
0
0
0
6904
0
0
0
0
0
0
0
0
0
0
0
0
0
0
0
0
0
0
0
6950
0
0
0
0
0
0
0
0
0
0
0
0
0
0
0
0
0
0
0
0
0
0
0
0
0
0
0
0
0
0
0
0
0
0
0
0
0
0
0
0
0
0
0
0
0
0
0
0
0
0
0
0
0
0
0
0
0
0
7180
0
0
0
0
0
0
0
0
0
0
0
0
0
0
0
0
0
0
0
0
0
0
0
0
0
0
0
0
0
0
7013
0
0
0
0
0
0
0
7042
0
0
0
0
0
0
0
0
0
0
0
0
0
0
0
0
0
0
0
0
0
0
0
0
0
0
0
0
0
0
0
0
0
0
0
0
0
0
0
0
0
0
0
0
0
0
7092
0
0
0
0
0
0
0
0
0
0
0
0
0
0
0
0
0
0
0
0
0
0
0
0
0
0
0
0
0
0
0
0
0
0
0
7156
0
0
0
0
0
0
0
0
0
0
0
0
0
0
0
7081
0
0
0
0
0
0
0
0
0
0
0
0
0
0
0
0
0
0
0
0
0
0
0
0
0
0
7154
0
0
0
0
0
0
0
0
0
0
0
0
0
0
0
0
0
7184
0
0
0
0
0
0
0
0
0
0
0
0
0
3747
0
0
0
0
0
0
0
0
0
0
0
7214
0
0
0
0
8427
0
0
0
0
0
0
0
0
0
0
7209
8427
0
0
0
0
0
0
0
0
0
0
0
0
0
0
0
0
0
0
0
0
0
0
0
0
0
0
0
0
0
0
0
0
0
0
0
0
0
0
0
0
0
0
0
0
0
0
0
0
0
0
0
0
0
0
0
7280
0
0
0
0
0
0
0
0
0
0
0
0
0
0
7496
0
0
0
0
0
0
0
0
0
0
0
7309
0
0
0
0
0
0
0
0
0
0
0
0
0
0
0
0
0
0
0
0
0
0
0
7505
0
0
0
0
0
0
0
0
0
0
0
0
7363
0
0
0
0
0
0
0
0
0
0
0
0
0
0
0
0
0
0
0
0
0
0
0
0
0
0
0
0
0
0
0
0
0
0
0
0
0
0
0
0
0
0
0
0
0
0
0
0
0
0
0
0
0
0
0
0
0
0
0
0
0
0
0
0
0
0
0
0
0
0
0
0
0
0
0
0
0
0
0
0
0
0
0
0
0
0
0
0
0
0
0
0
0
0
0
0
0
0
0
0
0
0
0
0
0
0
0
0
0
0
0
0
0
0
0
0
0
0
7662
0
7668
7664
0
0
0
0
0
7660
0
0
7423
0
0
7664
0
0
0
0
7485
0
0
0
0
0
0
0
0
0
0
0
0
0
0
0
0
0
7503
0
0
0
7275
0
0
0
0
0
0
0
0
7507
0
0
0
0
0
0
0
0
0
7523
0
0
0
0
0
0
0
0
0
0
0
0
0
0
0
0
0
0
0
0
0
0
0
0
0
0
0
0
0
0
0
0
0
0
0
0
0
0
0
0
0
0
0
0
0
0
0
0
0
0
0
0
0
0
0
0
0
0
0
0
0
0
0
0
0
0
7463
7503
0
0
7653
7463
7595
0
0
0
0
0
0
7649
7587
0
0
0
0
0
0
0
0
0
0
0
0
0
0
0
0
0
0
0
0
0
0
0
0
0
0
0
0
0
0
0
0
0
7653
7655
0
0
7656
0
0
0
0
0
0
0
0
0
7650
0
0
0
0
0
0
0
0
0
0
0
0
7663
0
0
0
0
0
0
0
0
0
0
0
0
0
0
0
0
0
0
0
0
0
0
0
0
0
0
0
0
0
0
0
0
0
0
0
0
0
0
0
0
0
0
0
0
0
0
0
0
0
0
0
0
0
0
0
0
0
0
0
0
0
0
0
0
0
0
0
0
0
0
0
0
0
0
0
0
0
0
0
0
0
0
0
0
0
0
7755
0
0
0
0
0
0
0
0
0
0
0
0
0
0
0
0
0
0
0
0
0
0
0
7775
0
0
0
7789
7770
0
0
0
0
0
0
0
0
0
0
0
0
0
0
0
0
0
0
0
0
0
0
0
0
0
0
0
0
0
0
0
0
0
0
0
7806
0
0
0
0
0
0
0
0
0
0
0
0
0
0
0
0
0
0
0
0
0
0
0
0
0
0
0
0
0
0
0
0
0
0
0
0
0
0
0
0
0
0
0
0
0
0
0
0
0
0
0
0
0
0
0
0
0
7870
0
0
7817
0
0
0
0
0
0
0
0
0
0
0
0
0
0
0
0
0
0
0
0
0
0
0
0
0
0
0
0
0
0
0
0
0
0
0
0
0
0
0
0
0
0
0
0
0
0
0
0
0
0
0
0
0
0
0
0
0
0
0
0
0
0
0
0
0
0
0
0
0
7951
0
0
0
0
0
0
0
0
0
0
0
0
0
0
0
0
0
0
0
0
0
0
0
0
7972
0
0
0
0
0
0
0
0
0
0
0
0
0
0
0
0
0
0
0
0
0
0
0
0
0
0
0
0
0
0
0
0
0
0
0
0
0
0
0
0
0
0
0
0
0
0
0
0
0
0
0
0
0
0
0
0
0
0
0
0
0
0
0
0
0
0
0
0
0
0
0
0
0
0
0
0
0
0
0
0
0
0
8069
0
0
0
0
8276
0
0
0
0
0
0
0
0
0
0
8078
0
0
0
0
0
0
0
0
0
0
8080
0
0
0
0
0
0
0
0
0
0
0
0
0
0
8090
0
0
0
0
0
0
0
0
0
0
0
0
0
0
0
0
0
8099
8137
0
0
0
0
0
0
0
0
0
0
0
0
0
0
0
0
0
0
0
0
0
0
0
0
0
0
0
0
0
8192
0
0
0
0
0
8146
0
0
0
0
0
0
0
0
8189
0
0
0
0
0
0
0
0
0
8203
0
0
0
0
0
0
0
0
0
0
0
0
0
8203
0
0
0
0
0
0
0
0
0
0
0
0
0
0
0
0
0
0
0
8297
0
0
0
0
0
0
0
0
0
0
0
0
0
0
0
0
0
0
4345
0
0
0
8232
0
0
0
0
0
0
0
0
0
0
0
0
0
0
0
0
0
0
0
0
0
0
0
0
0
0
0
0
0
0
0
0
0
7630
0
0
0
0
0
0
0
0
8283
0
0
0
0
0
0
0
0
0
0
8078
0
0
0
0
0
0
0
0
0
0
0
0
0
0
0
0
0
0
0
0
0
0
0
0
0
0
0
0
0
0
0
0
0
0
0
8216
0
0
0
0
0
0
0
0
0
0
0
0
0
0
0
0
0
0
0
0
0
0
0
0
0
0
0
0
0
0
0
0
0
0
0
0
0
0
8145
0
0
0
0
0
0
0
0
0
0
0
0
0
0
0
0
0
0
0
0
0
0
0
0
0
0
7140
0
8390
0
0
0
0
0
0
0
0
0
0
0
8543
0
0
0
0
8396
0
0
0
0
0
0
0
8193
0
0
8442
0
8446
0
0
0
8427
0
0
8427
0
0
8443
0
0
0
0
0
0
0
8434
8424
0
0
0
0
0
0
0
0
0
0
0
0
0
8455
0
0
0
0
0
0
0
0
0
0
0
0
0
0
0
0
8478
0
0
0
0
0
0
0
0
0
0
0
0
0
0
0
0
0
0
0
0
0
0
0
0
0
0
0
0
0
0
0
0
0
0
0
0
0
0
0
0
8534
0
0
0
0
0
0
0
0
0
0
0
0
0
0
0
0
0
0
0
0
0
0
0
0
0
0
0
0
0
0
0
0
0
0
0
0
0
0
0
0
0
0
0
0
0
0
0
0
0
0
0
0
0
0
0
0
0
0
0
0
0
0
0
0
0
0
0
0
0
0
0
0
0
0
0
0
8511
0
0
0
0
0
0
0
0
0
0
0
0
0
0
0
0
0
0
0
0
0
0
0
0
0
0
0
0
0
0
0
0
0
0
0
0
0
0
0
0
0
0
0
0
0
0
0
0
0
0
0
0
0
0
0
0
0
0
0
0
0
0
0
0
0
0
0
0
0
0
0
0
0
0
0
0
0
0
0
0
0
0
8669
0
0
0
8642
0
0
0
0
0
0
0
0
0
0
0
0
0
0
0
0
0
0
0
0
0
0
0
0
0
0
0
0
0
0
0
0
0
0
0
0
0
0
0
0
0
0
0
0
0
0
0
0
0
0
0
0
0
0
0
0
0
0
0
0
0
0
0
0
0
0
0
0
0
0
0
0
0
8743
0
0
0
0
0
0
0
0
0
0
0
0
0
0
0
0
0
0
0
0
0
0
0
0
0
0
0
0
0
0
0
0
0
0
0
0
0
0
0
0
0
0
0
0
0
0
0
0
0
0
0
0
0
0
0
9081
0
0
0
0
0
0
0
0
0
0
0
0
0
0
0
0
0
0
0
0
0
0
0
0
0
0
0
0
0
0
0
0
0
0
0
0
0
0
0
0
0
0
0
0
0
0
0
0
0
0
0
0
0
0
0
0
0
0
0
0
0
0
0
0
0
0
0
0
0
0
0
0
0
0
0
0
0
0
0
0
0
0
0
0
0
0
0
0
0
0
0
0
8948
0
0
0
0
0
0
0
0
0
0
0
0
0
0
0
0
0
0
0
0
0
0
0
0
0
0
0
0
8435
0
0
0
0
0
0
0
0
0
0
0
0
0
0
0
0
0
0
0
0
0
0
0
0
0
0
0
0
0
0
0
0
0
0
0
0
0
0
0
0
0
0
0
0
0
0
0
0
0
0
0
0
0
0
0
0
0
0
0
0
0
0
0
0
0
0
0
0
0
0
0
0
0
0
0
0
0
0
0
0
0
0
0
0
0
0
0
0
0
0
0
0
0
0
0
0
0
0
0
0
0
0
9021
0
9030
0
0
0
0
0
0
0
0
9018
0
0
0
0
0
0
0
0
0
0
0
0
0
0
0
0
0
0
0
0
0
0
0
0
0
0
0
0
0
0
0
0
0
0
0
0
0
0
0
0
0
0
0
0
0
0
0
0
0
0
0
0
0
0
0
0
9092
0
0
0
0
0
0
0
0
0
0
9110
0
0
0
0
0
0
0
0
0
0
0
0
0
0
0
0
0
0
0
0
0
0
0
0
0
0
0
0
0
0
0
0
0
0
0
0
0
0
0
0
8916
0
0
0
0
0
0
0
0
0
8899
0
0
0
0
0
0
0
0
0
0
0
0
0
0
0
0
0
0
0
0
0
0
0
0
0
0
0
0
0
0
0
0
0
0
0
0
0
0
0
9219
0
0
0
0
0
0
0
0
0
0
0
0
9214
0
0
0
0
0
9219
0
0
0
0
0
0
0
0
0
9219
0
0
0
0
0
0
0
0
0
0
0
0
0
0
0
0
0
0
0
0
0
0
0
0
0
0
0
0
0
0
0
0
0
0
0
0
0
0
0
0
0
0
0
0
0
0
0
0
0
0
0
0
0
0
0
0
0
0
0
0
0
0
0
0
0
0
0
0
0
0
0
0
0
0
0
0
0
0
0
0
0
0
0
0
0
0
0
0
0
0
0
0
0
0
0
0
0
0
0
0
0
0
0
0
0
0
0
0
0
0
0
0
0
0
0
0
0
0
0
0
0
0
0
0
0
0
0
0
0
0
0
0
0
0
0
0
0
0
0
0
0
9369
0
0
0
0
0
0
0
0
0
0
0
0
0
0
0
0
0
0
0
0
0
0
0
0
0
0
0
0
0
0
0
0
0
0
0
0
0
0
0
0
0
0
0
0
0
0
0
0
0
9417
0
0
0
