38
38
49
42
174
47
48
49
51
52
54
119
57
51
119
60
64
65
66
468
71
288
792
104
108
77
110
87
146
167
303
77
43
44
40
40
303
38
0
38
0
49
0
0
0
205
174
0
0
0
100
0
0
0
0
119
0
0
51
119
0
88
0
0
0
0
0
0
146
0
468
0
132
0
0
0
65
0
174
590
0
0
218
409
167
100
148
0
0
288
0
0
95
100
0
0
792
0
0
94
0
0
148
160
0
0
0
174
0
77
0
124
167
116
116
218
0
0
81
0
146
134
132
0
0
202
87
0
0
0
484
141
0
788
0
0
0
170
65
75
159
0
127
590
0
437
0
0
0
621
467
0
0
110
212
127
128
522
0
0
0
189
303
346
212
533
88
0
0
206
0
422
202
0
0
422
100
533
449
502
467
370
123
1282
321
206
123
100
0
0
188
159
419
467
63
423
100
200
363
429
0
189
0
565
147
0
0
476
0
353
0
346
0
350
468
502
288
607
0
90
0
202
544
372
88
0
77
167
419
403
210
218
288
467
395
441
671
495
688
505
522
343
629
563
547
626
814
515
610
484
353
805
1304
0
1303
481
119
0
668
481
160
590
369
419
610
629
369
0
67
160
549
468
386
320
141
308
431
212
0
515
386
303
419
498
0
371
431
449
0
318
386
0
320
529
278
478
369
647
288
514
367
358
449
0
484
337
621
519
0
606
205
308
0
602
0
353
603
326
0
346
0
0
148
326
354
361
0
828
480
95
516
361
97
158
303
326
685
0
0
312
397
349
358
0
320
320
0
253
531
0
0
267
831
0
0
397
159
614
0
159
326
0
383
0
158
415
0
0
585
0
0
0
0
124
189
502
127
148
0
128
0
478
481
0
484
148
0
124
361
460
828
124
0
408
308
0
65
0
481
476
148
626
392
0
358
468
441
565
0
0
423
363
0
533
547
0
481
386
354
0
429
639
0
0
361
361
481
495
408
0
615
0
481
132
495
502
363
0
441
482
544
0
1282
363
468
806
590
1282
441
0
481
467
481
361
148
565
502
468
337
312
0
366
585
565
639
471
0
0
0
288
615
0
607
326
828
202
0
0
0
0
0
0
0
614
0
1282
621
673
326
477
303
397
419
639
303
0
502
477
0
514
429
477
0
449
639
0
495
0
1303
367
312
507
495
431
0
0
0
343
555
0
449
607
0
346
607
349
549
366
633
0
544
0
477
0
253
614
441
361
637
481
633
588
588
312
0
533
626
0
361
0
502
429
544
668
590
0
558
415
0
337
346
354
481
0
658
0
429
671
441
610
519
588
502
626
363
147
200
0
419
519
577
431
431
596
621
0
577
291
0
806
0
0
615
563
601
685
0
358
615
531
607
0
0
0
498
610
0
0
533
0
0
441
980
1303
0
0
350
363
320
808
502
0
602
0
588
1304
0
502
847
0
437
291
481
0
829
314
601
0
1291
0
502
403
980
637
590
689
482
0
303
1303
629
531
476
449
303
476
673
668
0
848
533
1291
702
0
837
847
689
1291
0
0
481
0
699
0
955
689
980
808
0
877
731
0
495
699
807
0
0
0
0
0
0
590
0
811
522
731
257
806
590
0
0
1002
0
671
731
0
720
1247
720
482
0
0
839
922
607
563
0
0
964
819
0
606
1012
700
710
0
727
0
0
1312
700
0
1045
0
831
1102
590
0
0
935
681
806
0
688
690
0
0
0
887
886
681
0
962
998
1148
733
0
218
146
318
318
288
267
372
210
108
0
65
792
54
0
766
773
0
386
0
0
0
0
69
174
38
38
0
0
0
0
288
0
0
0
44
0
798
116
798
87
47
0
123
788
788
116
117
1002
0
0
0
0
0
0
0
0
0
0
588
879
0
0
0
0
848
0
0
0
1223
0
0
0
0
1291
0
1280
0
0
817
1277
0
887
0
1073
0
1303
0
737
848
0
0
0
1012
887
633
607
914
685
865
0
980
994
678
828
689
841
805
0
0
702
710
0
0
956
1012
737
751
1303
0
0
0
1167
0
964
1212
818
914
0
0
0
0
824
1045
253
980
999
926
747
956
1184
681
253
0
0
814
912
1039
0
689
689
0
1111
2878
0
728
0
864
0
984
998
0
914
0
1039
1022
0
1111
1108
1248
0
1165
917
686
0
1002
668
846
1073
0
0
1048
1156
922
1002
869
833
747
0
0
1056
0
900
806
879
887
0
820
1002
0
0
0
865
0
0
944
0
974
0
998
745
0
875
1276
0
846
984
885
0
1148
833
1044
1177
994
0
1277
711
1183
0
1212
904
737
914
0
899
1282
0
944
0
904
935
869
0
0
914
876
0
1053
809
742
1009
1044
1048
0
1035
1274
0
1033
1195
1247
886
1200
1108
818
1184
1009
0
864
994
884
974
1148
810
1043
1199
899
843
0
1169
0
865
917
811
0
980
1002
1339
0
0
0
1002
967
0
846
1152
1044
1167
0
1296
1352
0
1044
1073
1202
876
1048
0
1294
912
811
1197
1012
1002
1102
1304
952
833
0
1043
1044
936
869
1002
3019
980
1234
1022
1035
1062
0
1303
0
926
910
935
1062
1087
0
864
1131
1087
1136
952
1009
922
914
0
1108
1330
3019
1009
994
0
3019
1187
0
833
0
1043
959
1113
1337
952
0
1197
1226
960
1226
0
2910
1250
0
984
1330
1033
0
823
2855
0
1195
0
1153
2896
0
984
1189
1002
2901
0
1169
1131
0
0
1237
984
1035
0
0
1022
1210
0
998
1226
0
0
0
1221
0
989
0
2881
0
1339
0
1012
956
1210
0
1254
824
0
0
868
967
962
0
1119
0
0
1181
0
0
1256
0
3030
1212
1022
0
0
0
1247
0
1193
0
0
865
0
2252
0
1177
3019
0
1056
2882
0
3018
0
0
959
0
1223
2908
1035
1176
0
0
1043
0
1176
2855
0
824
1256
1221
0
1248
0
1248
0
1274
0
0
0
3024
2857
0
1254
2990
2910
822
0
0
0
1223
0
1234
960
1352
0
1187
0
1238
2962
0
0
1254
0
0
0
0
1265
0
1197
2901
0
0
1301
0
0
1186
0
0
808
0
0
848
0
1312
1305
0
0
0
0
633
1291
0
689
0
0
808
0
930
0
841
930
0
1304
0
0
0
0
848
0
848
0
876
0
1045
967
0
681
1326
1226
0
0
0
0
1256
0
0
0
2912
0
1254
0
846
1165
2902
1248
0
1131
0
0
0
1207
1199
1247
0
0
1223
2858
2886
1273
2987
0
0
0
0
0
1353
0
0
0
0
2255
0
0
0
1363
1367
0
0
1369
0
0
1373
1373
0
0
0
0
0
0
1378
0
0
0
1432
1943
1388
0
1397
0
0
0
0
1395
1943
0
0
1934
0
1938
0
1946
0
0
0
0
1389
1403
1589
0
0
1413
0
1413
0
0
0
1489
0
0
2732
0
2673
2747
1478
0
1429
0
0
0
0
0
0
0
0
0
0
0
0
0
0
0
0
1427
0
0
0
1452
1448
0
0
0
1629
0
2789
0
1588
0
2733
0
0
0
2780
0
2733
0
0
0
0
0
0
0
1629
0
0
1487
0
0
0
0
0
1772
1470
0
0
0
0
0
0
0
0
0
0
2793
5878
0
0
0
0
0
0
2793
1458
0
0
1502
5984
1519
0
0
0
0
1519
0
1519
0
0
0
0
1508
0
0
0
0
0
0
0
0
0
0
0
0
1782
1530
0
0
0
0
0
0
0
1537
0
0
2273
0
0
0
0
0
1573
1536
0
0
1536
0
0
0
0
0
1537
5622
0
0
0
1519
2291
5908
1519
1692
0
1519
0
0
0
0
0
0
0
1692
1692
0
1595
1817
0
1595
0
0
1595
0
0
0
1647
0
0
1595
0
0
0
0
0
1527
0
0
0
5953
0
0
0
6117
0
0
0
0
0
0
1819
0
0
0
0
0
0
0
0
1627
0
1640
0
0
0
0
1638
0
1627
0
0
0
0
0
0
0
1628
0
0
1663
1656
0
0
0
0
0
0
0
0
0
0
0
0
0
0
1512
0
0
0
0
1658
2668
0
0
0
0
1658
1683
1663
0
0
0
0
0
0
0
1678
0
0
1658
2783
0
1693
1603
1678
0
1693
0
0
0
0
0
0
0
0
1482
0
0
0
0
0
0
0
1596
0
1470
1535
0
1458
0
1596
2786
0
0
0
0
0
0
2235
2267
6117
0
0
0
1596
0
0
0
0
2343
0
0
0
0
0
0
1740
2287
0
0
0
0
0
0
0
1746
1746
1761
0
0
0
0
0
0
0
0
0
0
0
0
0
0
0
0
1373
0
0
0
1809
0
1367
0
0
0
0
0
0
0
1772
0
0
0
1790
0
0
0
0
0
0
1926
0
0
0
0
0
1803
0
0
0
0
1804
0
0
1802
0
0
0
0
0
0
0
0
0
0
0
0
0
0
0
1863
0
0
0
0
0
0
0
0
0
1874
0
0
0
1863
0
0
0
1872
0
0
0
0
0
0
0
0
0
0
0
1863
1907
0
0
0
0
0
0
0
0
0
0
0
0
0
0
0
0
0
0
0
1870
1857
0
0
0
0
0
0
0
0
0
0
0
1912
0
1895
0
0
0
0
0
0
0
0
0
0
0
0
1831
0
0
0
0
0
0
0
0
0
0
0
0
0
0
0
0
1977
1926
0
0
1927
1922
0
0
0
0
0
0
0
0
0
1403
0
0
0
1937
0
0
0
0
0
0
0
1376
0
1399
1390
0
0
0
0
0
2009
0
2019
0
0
0
0
1965
1965
0
1959
1828
1984
0
1974
0
0
1954
0
0
0
0
2012
1997
2000
0
0
0
0
0
1962
0
0
0
2000
0
0
0
2012
2012
1913
0
0
0
0
1913
0
0
0
2012
0
0
0
0
0
0
0
0
0
0
0
0
2012
0
0
1962
0
2017
0
0
0
0
0
2637
0
3031
2490
2489
3024
2442
0
0
0
2042
2564
2208
0
0
0
2044
0
2114
0
0
2209
2470
0
0
0
0
0
0
2191
0
0
0
0
2833
0
0
2060
2455
2060
2060
0
2309
0
2410
2410
0
0
0
2547
0
0
2213
0
0
0
0
2079
0
0
2171
2174
0
0
0
2091
2142
0
2084
2084
2553
0
2429
2553
0
2501
0
0
3015
0
3024
2434
2489
0
0
0
0
0
2085
2156
2821
0
0
0
3018
0
0
0
0
0
0
2115
2501
0
2908
2571
0
0
0
0
2221
0
0
0
0
0
0
0
0
2120
2161
0
2462
0
0
0
0
0
0
2126
0
0
0
2252
2555
3022
2060
0
0
0
0
2309
0
2486
2522
0
0
2551
0
0
0
0
0
0
0
0
0
0
0
0
0
0
0
0
0
2967
2060
2564
2429
0
0
0
2220
2434
0
0
0
2967
0
0
0
0
0
0
0
2205
0
0
2219
0
0
0
0
0
0
0
0
0
2819
0
0
2715
0
0
2245
0
0
0
0
2255
0
2255
2245
0
2255
0
0
0
2373
2255
0
0
0
0
0
0
0
0
0
0
0
1357
0
0
0
0
0
0
0
0
0
0
0
0
0
2780
0
0
0
0
0
0
0
0
0
0
0
2283
0
0
0
0
0
0
0
0
0
0
0
2434
2113
2292
2161
2161
3003
3024
0
0
2036
2036
0
2594
0
2449
0
0
0
0
0
0
0
0
0
0
2324
0
1483
0
2338
0
0
0
0
0
2340
0
0
0
0
0
0
0
0
2358
0
2343
2369
0
3017
2358
2339
2369
0
2359
0
2359
0
1552
2341
0
0
2365
0
2373
2376
0
0
0
0
0
0
0
0
2385
0
0
0
0
2410
0
0
0
0
0
0
0
0
2407
2292
0
0
0
0
0
2414
0
0
0
2365
0
0
2381
2410
1845
0
0
0
0
0
0
2416
0
0
0
0
0
0
0
0
2829
2848
2264
0
2426
0
0
2838
0
2987
2957
0
2442
2113
2908
2829
0
0
2092
2446
2429
2105
2446
2446
0
3024
2429
2076
0
2599
2539
0
2446
0
3015
0
0
0
2833
2174
0
2455
2075
2113
0
2490
0
2446
0
2470
0
0
0
0
0
0
0
0
0
0
2483
2471
0
0
0
0
0
2471
0
0
2520
0
0
0
0
0
2519
2434
2533
2521
2152
2539
2453
0
2190
0
0
0
2265
2076
0
2519
0
0
0
2510
0
3017
2044
2152
2504
0
0
0
0
2521
0
0
2589
2135
0
2455
0
0
2521
0
0
0
2564
2072
0
0
0
2192
2580
0
0
2174
2124
0
2564
2062
2553
0
2511
0
2458
0
2490
2547
2599
2535
0
2534
2489
2493
0
2534
2584
2644
0
2508
0
0
0
2580
0
2576
0
2489
0
0
0
2079
0
0
0
2179
0
0
2124
0
2179
0
2091
0
0
2493
0
0
2522
0
2586
0
0
0
2596
0
2644
0
2583
2142
2676
2091
2629
2583
2547
0
2135
2629
2684
2622
2135
0
0
2638
2224
2638
2576
0
0
0
0
2647
0
2676
0
2091
0
0
0
0
2644
0
0
0
0
0
0
0
2179
0
0
0
2647
0
2650
2650
2579
2579
2749
0
0
0
0
2668
2586
0
2649
2806
0
0
2583
0
0
0
0
0
0
0
0
0
0
0
1630
0
0
0
2801
0
0
2731
0
2731
2727
0
0
0
0
0
2696
0
0
0
0
0
0
0
0
0
0
2694
0
2717
0
0
0
0
0
0
0
2615
0
0
0
1677
0
2637
2724
0
0
0
0
0
0
0
0
0
0
0
2739
0
1489
1489
2732
1662
0
0
2668
0
0
0
2637
2737
0
0
0
2732
0
2758
0
0
0
2758
2758
0
0
0
0
0
0
0
0
0
0
0
0
0
0
0
0
0
0
0
0
0
0
0
0
0
0
0
0
0
0
0
0
0
0
0
0
0
0
0
0
0
0
0
0
0
0
0
0
0
0
0
2484
0
0
0
0
0
0
0
0
0
2810
0
0
2840
0
0
2489
0
2987
0
0
2834
2987
0
0
0
0
3033
0
2259
1353
0
2848
2848
0
0
0
0
3013
2913
2955
0
2987
0
0
0
0
0
0
2985
1144
1189
1264
1177
1144
1136
3003
2912
846
0
2883
2881
1113
2855
0
3018
1324
0
0
0
3005
1199
0
1177
0
2878
1279
1350
2861
2910
1250
2910
0
0
2902
0
2873
0
0
3009
3024
0
2916
0
0
2896
0
1343
0
0
2896
0
0
0
0
0
2907
2985
2297
2985
1273
2937
2215
0
0
0
2093
2292
2963
0
0
0
2948
0
0
2973
0
0
0
0
2948
2897
0
0
0
3003
0
0
2106
2948
2928
0
2962
0
3005
2861
2857
0
0
0
0
2938
2085
0
0
2990
2897
2973
0
0
0
2105
2913
0
2215
1337
2085
3017
2987
2442
0
0
2957
0
2917
2210
0
2955
2929
2955
2917
1254
2938
3024
2857
2860
1264
0
2938
0
2881
0
1264
2857
3024
0
0
1119
1202
0
0
0
3014
0
0
0
3031
3015
0
1276
0
2902
0
0
1324
3032
0
0
0
0
0
3232
3239
3239
0
0
0
3052
0
0
0
0
0
3044
3057
3055
0
0
0
3038
3052
0
0
0
0
0
0
0
0
0
3042
0
4688
0
0
0
0
0
0
3074
0
3068
3068
0
0
0
0
0
0
0
3090
0
0
0
0
0
0
0
0
3097
0
3188
0
0
0
3112
0
0
0
0
0
0
0
0
3101
0
0
3113
0
0
0
0
0
3124
0
0
0
0
0
0
0
3165
3136
0
0
0
4303
0
3135
0
3135
0
0
3136
0
0
0
3146
0
0
0
0
0
3143
0
3107
0
0
0
0
0
0
0
0
0
0
0
0
0
3159
0
0
4431
0
0
3172
0
3172
0
3167
0
0
0
3179
3179
0
0
3180
0
3186
0
0
0
0
0
0
0
0
0
0
0
0
0
0
0
0
0
0
0
3201
3209
0
0
0
3209
0
0
0
0
0
0
0
0
0
0
3217
3236
3264
3243
0
0
0
0
0
0
0
0
3217
0
0
3239
0
0
0
0
0
0
0
3246
0
0
0
0
3246
0
3266
0
0
0
0
0
0
0
0
0
3266
0
3248
0
0
0
0
0
3251
0
0
3265
0
3269
0
3859
0
0
0
3250
0
0
3239
0
0
0
0
3295
0
0
3454
3454
0
0
3295
3285
0
0
0
0
0
3292
0
0
0
0
0
0
0
0
0
3461
3461
0
0
3461
3330
3452
3361
0
0
3412
3375
0
0
3461
3461
3361
3461
0
3339
0
3337
3375
0
0
0
0
0
0
0
0
0
0
3461
0
0
0
3454
3413
0
0
0
0
0
0
0
3423
3360
0
0
0
0
0
0
0
3369
0
0
3359
0
0
0
3297
0
0
0
0
3376
0
3454
0
0
0
0
0
3391
3391
3392
0
3391
0
0
0
0
0
0
0
3398
0
0
0
0
0
3398
0
0
0
0
0
0
3322
0
0
0
0
0
0
0
0
3422
0
3428
0
0
3428
3428
0
0
0
0
0
0
0
0
3435
0
0
0
0
3440
0
3452
0
0
0
3337
0
0
0
0
0
0
0
0
0
0
3754
0
0
3458
3458
0
0
0
0
0
0
0
0
0
3420
0
0
0
0
0
0
0
3483
0
0
0
0
0
0
0
0
0
0
0
0
3500
0
0
0
0
0
0
0
0
0
0
0
0
3512
0
0
0
0
0
0
0
0
3512
0
0
0
0
0
0
3536
0
3848
0
3514
0
0
0
0
0
0
0
0
0
0
0
0
0
0
0
0
0
0
0
0
3546
0
3539
0
0
0
0
0
3546
0
0
3911
0
0
0
0
0
0
0
0
3613
0
3546
0
0
3613
0
0
3605
0
0
0
0
4130
3564
3575
0
0
0
0
0
0
0
0
3587
0
0
0
0
0
0
0
0
0
0
3591
0
3609
0
3609
0
0
0
3585
0
0
0
3625
0
0
0
0
0
3689
0
0
0
0
3620
0
0
3620
0
0
0
0
0
0
3631
3644
0
0
0
0
0
0
3660
0
3753
0
0
0
0
0
0
0
6833
0
0
0
3731
0
0
0
0
0
0
0
0
3645
0
0
0
0
0
0
3674
0
0
0
3674
0
0
3662
3790
6833
0
0
0
3620
0
3677
3703
3703
0
0
0
0
0
0
0
3689
0
6653
3536
0
0
0
0
3658
3701
0
0
3716
3796
0
3717
0
3722
0
3717
0
0
0
0
3700
0
0
8450
3532
0
0
0
3727
0
0
0
3741
0
0
0
0
0
0
0
3735
0
3744
0
0
0
3733
0
0
3737
0
0
3753
0
0
0
0
0
3757
3760
0
0
8677
0
0
0
0
0
0
0
0
0
0
0
3800
0
0
0
0
0
0
3789
0
3784
0
0
3827
3784
0
0
0
3776
0
0
3778
0
0
3514
0
0
0
0
0
3827
0
0
3784
0
0
0
0
3894
0
0
0
0
3817
0
0
0
0
3852
0
0
3852
0
0
0
0
0
3852
0
3822
0
3852
0
0
0
0
3836
0
0
0
3833
0
3833
3833
0
0
0
0
0
0
0
0
0
3854
0
0
0
0
3854
3859
0
0
0
0
3874
3874
0
0
0
3857
3874
0
0
3887
0
0
0
0
0
0
4151
0
3888
0
0
0
0
3889
0
3878
0
0
3866
0
0
0
0
0
3833
3906
3905
0
0
0
3911
3897
3518
0
0
0
0
0
0
0
0
0
0
0
0
4465
0
0
0
0
0
0
3942
0
0
3938
3942
0
3938
0
3948
0
3959
3930
4014
0
0
0
3936
0
0
0
3944
0
0
3938
0
0
0
0
5607
0
0
0
3916
0
0
0
0
0
0
0
0
0
0
0
0
0
0
0
0
0
0
3975
0
0
3964
0
3979
4095
3976
0
4005
8281
0
0
0
0
0
0
0
4146
0
5785
0
0
0
4240
0
0
4130
0
0
0
0
0
0
0
4054
4024
0
0
0
0
0
0
4090
0
4044
4057
0
4070
0
0
0
0
4070
0
0
0
4070
0
0
4070
0
0
4057
0
0
0
0
4049
0
0
0
4070
0
0
4070
0
0
0
0
0
0
0
0
0
0
0
0
0
4083
0
0
0
0
0
4096
0
0
4071
0
4071
0
0
0
0
0
0
0
0
0
0
0
0
0
0
0
0
0
0
0
0
0
4108
4443
0
0
0
0
0
0
0
0
0
4109
0
0
0
0
0
0
0
0
4062
0
0
0
4111
0
0
0
0
0
0
0
0
0
0
0
0
0
0
0
0
4177
0
0
0
0
0
0
0
0
0
0
4163
0
0
0
0
0
0
4172
0
0
0
0
0
0
0
0
0
0
0
0
0
4176
0
0
4199
4176
4176
4176
0
0
0
4443
0
0
0
0
0
0
4201
0
0
0
0
4176
0
0
0
0
4176
4570
0
0
0
0
0
0
0
0
0
0
4580
0
4210
0
0
0
0
0
0
0
0
0
0
4528
0
0
0
4236
4560
0
0
4444
0
0
0
0
0
0
0
4062
0
4481
0
0
4241
4246
0
0
0
0
4258
0
4258
4258
0
0
4261
0
4261
4261
4274
0
0
0
0
4261
0
0
0
0
0
0
0
0
0
0
0
0
0
0
0
4275
0
4286
0
0
0
0
4275
4314
0
0
0
0
0
0
4313
0
0
0
0
0
0
0
4255
4313
0
0
4313
0
0
0
0
0
0
4320
0
0
4303
0
0
4327
0
0
0
0
0
0
0
0
0
0
0
4339
4339
0
0
4348
0
0
4348
8201
0
0
0
0
4348
0
0
8232
8201
0
0
4118
3738
3179
3744
3179
0
0
0
4379
0
0
4369
0
0
0
0
0
0
0
0
0
0
0
0
0
0
0
0
0
0
6063
4378
0
0
0
0
0
0
0
0
0
0
0
4230
0
0
0
4428
0
0
0
0
0
0
0
4396
0
0
0
0
4392
0
4431
0
0
0
0
0
4428
0
0
0
0
0
0
0
0
0
0
0
0
0
0
0
0
0
0
0
0
0
0
2234
4447
0
0
4446
0
0
4447
0
0
0
0
0
0
0
0
0
0
0
0
0
0
0
0
0
0
0
0
0
0
0
0
0
0
0
0
0
4469
0
4510
0
0
0
4519
4547
0
0
0
4506
0
0
0
0
0
0
0
4502
0
0
4510
0
6586
0
4515
5665
0
4510
0
4519
0
0
0
4538
0
0
0
0
0
0
0
0
0
0
0
0
4146
4146
0
0
0
0
0
0
0
0
0
0
4550
0
0
4557
0
0
4559
0
0
0
4560
0
0
0
0
0
0
0
0
4218
0
0
0
0
0
0
0
0
4155
0
0
0
0
0
0
0
0
0
0
0
0
0
0
0
0
0
0
0
0
0
0
0
4595
5142
0
0
0
0
0
0
0
0
0
4846
4846
0
0
0
0
0
0
5511
4595
0
0
0
0
4852
4687
0
0
4743
4658
0
0
4701
0
0
4713
0
0
0
5175
0
0
0
0
0
0
0
0
0
0
0
0
0
0
0
0
4676
0
4641
0
0
0
0
0
0
0
4594
0
4852
4614
0
0
4676
0
0
0
0
4688
0
4602
4852
0
0
0
0
0
4862
0
0
0
0
0
0
0
0
0
0
4713
0
0
0
0
0
0
0
0
0
0
0
0
0
0
0
0
4732
0
0
0
0
0
4717
0
0
0
0
0
0
0
0
0
0
0
0
0
0
0
0
0
0
0
0
0
0
0
0
0
4818
0
0
0
4705
0
0
0
4751
0
0
0
0
4681
4862
0
0
0
0
0
0
4646
0
0
4790
0
4766
4628
4647
0
0
0
0
0
0
4778
0
0
0
4756
4858
0
0
4756
0
0
0
0
0
0
0
0
0
0
0
0
0
0
0
4810
4798
0
0
0
0
0
0
0
0
0
0
0
4717
0
0
0
0
4811
4834
4850
0
0
0
0
0
0
0
0
0
0
0
0
0
0
0
0
0
0
0
0
0
4850
0
0
0
0
0
0
0
0
4840
0
0
0
0
4631
0
4852
0
0
4631
0
0
0
0
0
0
0
0
0
4873
0
4879
4868
0
0
0
0
0
0
4888
0
0
4888
0
0
0
0
0
0
0
0
0
0
0
0
4922
4910
0
0
0
0
0
0
0
4912
0
0
0
0
4925
4925
0
0
0
0
4905
0
0
0
4927
0
0
0
4936
0
0
4936
0
0
0
0
0
0
0
0
0
0
0
0
5497
0
0
0
0
0
0
0
0
0
4956
0
0
0
4953
4946
4993
0
0
0
0
0
0
0
0
0
4977
5021
0
0
0
0
0
0
4937
0
0
4977
0
0
0
0
0
4988
0
0
0
0
0
0
0
0
5012
0
0
4974
0
0
0
0
0
0
0
0
0
0
0
5021
0
5009
0
5021
0
0
0
0
0
0
0
0
0
0
0
0
0
0
0
0
5025
0
0
0
5134
0
0
0
0
0
0
0
0
0
0
5064
0
0
0
0
0
0
0
0
0
0
0
0
0
0
0
5077
0
0
0
0
0
0
5077
0
0
0
0
0
0
0
0
0
0
0
0
5104
0
0
5071
5052
0
0
5088
0
5085
0
5091
0
5110
0
0
5166
0
0
0
0
0
0
0
0
5072
0
0
0
0
0
5121
0
0
0
5120
0
0
0
0
0
0
0
0
0
0
0
0
5134
5145
0
0
0
0
0
5378
5126
5136
0
0
0
5146
0
0
0
0
0
5147
5125
0
0
0
0
0
0
0
0
6352
6352
0
0
0
0
0
0
0
0
5169
0
0
0
0
0
5177
0
0
0
0
0
0
0
5171
0
5180
0
0
5234
0
0
0
0
0
5499
0
0
0
0
5171
5499
0
5208
5207
0
0
0
0
5205
0
0
0
0
5230
0
5223
0
5223
0
0
0
0
0
0
0
5227
0
5238
0
0
0
5182
0
0
5239
5239
5288
0
0
0
0
5219
5269
0
0
0
5197
5238
0
0
0
0
0
0
0
0
0
0
0
0
0
0
0
0
5263
5288
0
0
0
5263
5197
0
0
0
0
0
0
0
0
0
0
0
0
0
0
0
0
0
0
5282
0
5297
0
0
0
0
0
0
0
0
0
0
5312
0
0
0
0
5297
0
5312
0
0
0
0
5291
0
0
0
0
0
0
0
5322
0
0
0
0
5333
0
0
0
0
0
5362
0
5362
5358
0
0
0
0
0
5346
0
5350
0
0
0
0
0
0
0
0
0
5356
0
5366
0
0
5371
5263
0
0
0
0
0
5366
5372
0
5366
0
0
5384
5372
5372
0
5251
0
0
5188
0
0
0
0
0
0
0
0
0
0
5399
5382
0
0
0
0
0
0
0
0
0
0
0
0
0
0
0
0
0
0
5404
0
0
0
0
0
0
0
0
5436
5372
0
0
0
0
5408
5433
0
0
0
5433
0
0
0
0
0
0
0
0
0
0
0
0
0
5274
0
5441
5278
0
0
0
5450
0
5456
0
0
0
5449
0
0
5463
5463
0
5450
0
0
0
0
0
0
0
0
0
0
0
0
0
0
0
0
5125
5125
0
0
5486
0
4866
0
0
5172
0
0
0
0
0
5497
0
0
0
0
5166
0
0
0
0
5142
0
0
5510
0
0
0
0
0
0
0
0
0
5520
0
5177
0
0
0
0
5520
0
0
0
0
6009
0
6253
0
0
0
0
0
0
0
5538
0
0
0
0
5538
0
6261
0
0
0
0
0
0
0
5227
0
0
0
0
0
0
0
0
0
0
0
0
0
0
0
0
0
0
0
0
0
0
0
5571
0
0
0
0
5550
0
0
0
0
0
5616
0
5959
5689
0
0
0
5921
5693
0
5602
0
0
0
0
0
0
0
0
0
0
0
0
0
0
0
0
0
0
0
0
0
0
0
0
0
0
0
0
0
5611
0
0
0
0
0
5650
0
5672
5642
0
0
0
0
0
5861
5626
0
5880
0
0
0
0
5921
0
5877
0
0
0
0
0
0
0
5861
0
0
5672
0
0
0
0
0
0
0
5861
0
0
0
0
5874
0
0
0
0
0
0
0
0
0
0
0
0
0
0
0
5959
5682
0
5703
0
0
0
0
0
0
0
0
0
5629
0
0
0
0
0
0
0
0
0
0
0
5732
0
0
0
0
0
4484
0
0
5720
5732
0
5732
5725
6456
0
3712
5771
5725
6456
0
0
6384
0
0
0
0
0
0
0
0
0
0
0
0
0
0
0
5833
0
0
5755
1523
5771
5755
5816
5754
0
0
5835
0
0
0
5780
0
0
0
5833
0
0
0
0
5823
4173
0
0
0
4149
0
0
0
5829
0
0
0
0
0
0
0
0
0
5835
5808
5800
0
5896
0
0
0
0
0
5676
0
6275
0
0
5823
0
0
0
5833
0
0
0
0
5835
5820
0
0
0
0
0
0
0
0
0
5773
0
0
0
0
0
0
0
0
0
5845
0
0
0
0
0
0
0
0
0
0
0
0
0
0
5648
5921
0
5877
0
5835
5878
0
5997
0
0
0
0
0
5583
0
0
5881
0
0
0
5880
2291
5984
6373
0
0
0
5582
5921
0
0
0
5996
0
0
0
1705
0
0
5878
5929
5583
2291
0
0
0
0
5914
0
5914
0
0
5974
0
0
1614
5929
6380
0
0
5914
0
0
0
0
0
0
0
0
5914
0
0
0
5942
6200
0
0
0
0
0
0
0
6197
0
0
0
5619
0
0
0
0
5953
0
0
0
0
0
5974
0
0
0
5959
0
1529
0
0
0
0
0
0
0
0
0
0
0
0
0
0
0
0
0
0
0
0
0
0
0
5787
0
5991
5989
0
6572
0
0
0
0
0
0
5659
0
0
0
0
0
0
0
0
0
6112
0
0
0
0
0
0
0
0
6009
0
0
0
6050
0
0
0
0
0
0
0
0
0
0
0
6020
0
0
0
6053
0
0
0
6030
0
0
0
0
0
0
0
0
0
0
0
0
0
0
0
0
0
0
0
0
0
0
0
0
0
0
6090
0
0
0
0
0
0
0
0
6042
6223
0
0
0
0
0
0
0
0
0
6038
0
0
0
6084
6069
0
0
0
0
0
0
0
0
0
0
0
0
0
0
0
0
0
0
0
0
0
0
0
0
0
0
0
5550
6327
0
0
0
0
0
6077
6228
0
0
0
0
6089
0
0
0
0
0
0
0
0
6162
0
0
0
0
0
0
0
1605
0
0
0
0
0
0
0
0
0
0
0
6380
0
0
1680
0
6153
6162
0
0
0
0
0
0
0
0
0
0
0
0
0
0
0
0
6185
0
0
6174
0
0
0
0
6232
0
0
7598
0
0
0
0
6203
0
6185
0
0
0
0
0
0
0
0
0
0
0
6162
0
0
0
6226
6050
0
4336
0
0
0
0
0
0
6242
0
0
0
0
0
0
6350
0
0
0
0
0
0
0
0
6267
0
0
0
0
0
0
0
0
6249
0
0
0
0
0
0
0
0
0
0
0
0
0
6271
0
0
6267
0
0
0
0
0
6314
0
6267
6277
0
0
0
0
0
0
0
0
0
0
0
0
6454
6445
0
0
6300
0
0
0
0
0
6331
0
6066
0
0
6317
0
0
0
0
0
0
6423
0
0
6217
4127
6251
0
0
0
5528
0
0
0
6251
6327
0
0
6218
0
6217
0
0
0
0
0
6251
0
0
0
0
0
0
0
0
6238
0
0
0
0
0
0
0
0
0
0
5929
0
0
0
0
0
0
5906
0
6380
0
0
0
0
0
0
6387
6384
0
0
0
0
0
0
0
0
0
0
0
0
0
0
0
6390
0
0
0
0
6408
0
0
0
6408
0
0
0
0
0
0
6453
0
0
0
0
0
6253
0
0
0
0
0
6453
5550
0
0
0
5573
0
0
0
0
6458
6331
0
0
0
0
0
0
0
0
0
0
5732
0
0
0
0
0
0
0
0
0
0
0
0
0
6479
0
6479
6479
0
0
6469
0
6847
0
0
0
0
6498
0
6479
0
0
0
0
6506
0
0
0
6466
0
6506
0
0
0
0
0
6495
0
6514
0
0
0
0
0
0
0
6899
6487
0
0
0
0
6490
6507
0
0
0
0
0
0
0
6517
6552
0
6506
0
6828
6829
6832
0
0
0
6832
6533
0
0
0
0
0
6832
0
0
6541
0
6532
0
0
6832
0
0
0
6541
0
6495
0
0
0
0
0
0
6539
0
0
0
0
0
0
0
0
0
0
6609
6571
0
0
0
0
0
0
6582
0
0
6583
0
0
0
0
0
0
0
0
0
0
0
0
6605
0
0
0
6603
0
0
6602
6605
0
0
0
0
0
0
0
0
0
0
0
0
0
6575
0
0
0
0
0
0
6579
0
0
6589
6630
0
0
6627
0
6758
6641
0
6646
6645
0
6645
0
6630
6630
0
0
0
0
0
0
6653
0
0
0
6648
0
0
0
0
0
6656
0
0
0
6664
0
6664
0
0
0
3750
0
6668
3312
0
0
6686
0
0
0
0
0
0
6686
6683
6683
0
6683
6683
0
0
6683
6683
0
0
0
0
0
0
0
0
0
0
0
0
0
0
0
0
0
6690
0
0
6674
0
0
0
0
0
6717
0
6719
0
0
0
0
6726
6721
6717
0
0
0
0
0
0
6649
0
0
0
6649
0
0
0
0
0
0
0
0
0
6745
0
0
0
0
0
0
0
0
6753
0
6758
0
0
6758
6758
6758
6766
0
0
0
0
0
0
0
0
0
0
0
0
0
0
0
0
0
0
0
0
6790
0
0
0
0
0
0
0
0
6782
6796
0
0
6816
0
0
0
6786
6803
0
0
6803
0
0
0
0
0
0
0
6578
0
6803
0
0
0
0
0
0
6512
0
6812
0
0
0
0
0
0
0
0
0
0
6834
6838
6833
0
6828
0
0
0
0
0
0
6843
0
0
6469
6842
6825
6461
6867
0
0
0
0
0
0
6863
0
0
0
0
0
0
0
0
6872
0
0
0
0
0
6892
0
0
0
0
0
0
0
6885
6907
0
6917
6885
6907
6892
0
0
0
0
6885
0
0
6472
0
0
0
0
0
6906
0
0
0
0
0
0
0
0
6927
0
0
0
6904
0
0
0
0
0
0
6910
0
0
0
0
0
6863
0
6935
0
6935
0
0
0
0
6950
0
6947
0
6951
0
6939
6937
0
0
0
6885
0
0
6947
0
0
6864
6987
0
0
0
6970
0
0
6970
6962
6962
6962
0
0
0
0
0
0
6970
0
0
0
6980
0
0
0
0
0
0
0
0
0
0
0
6961
6987
0
6984
0
0
0
0
6987
0
0
0
0
0
0
0
0
0
7267
0
7259
0
0
0
0
0
0
0
0
0
0
7022
0
0
0
0
0
0
0
0
0
7013
0
0
0
0
0
0
0
0
0
0
0
0
0
0
0
0
0
0
7050
0
0
0
0
0
0
0
0
0
7089
0
0
0
0
0
0
0
0
0
0
0
0
0
0
0
0
0
7083
0
0
7244
7076
7090
0
0
0
0
0
7102
0
0
7075
0
0
0
0
7098
0
0
0
7099
0
0
0
0
0
0
0
0
0
0
0
0
0
0
0
7032
0
0
0
0
0
0
0
0
0
0
0
0
0
0
0
0
0
0
0
0
7142
0
0
0
7151
0
7110
0
0
0
0
7127
8386
0
0
7175
7166
0
0
7121
7167
0
0
0
0
7154
0
0
0
0
0
0
0
0
0
0
7175
0
0
7121
0
0
7169
0
7105
0
7190
7182
0
0
7182
7170
7194
0
0
0
7220
0
0
8423
7198
0
0
0
7182
0
0
0
0
0
0
0
0
0
0
0
0
7208
0
0
0
7212
7195
0
8423
7195
0
6668
8426
0
0
7267
0
0
0
0
0
0
0
0
0
0
0
0
0
0
0
0
7235
0
0
0
0
0
0
0
0
0
0
0
0
0
0
0
0
0
0
0
0
0
0
0
0
0
0
7339
0
7291
0
0
7284
0
0
7279
0
0
0
0
7394
7520
7278
0
7294
7294
0
7294
7296
0
0
0
0
0
0
0
0
0
0
0
0
0
0
7309
0
0
0
0
0
0
0
0
0
7312
0
0
0
0
7322
0
0
0
7309
0
0
7344
0
0
0
0
0
0
0
0
0
7342
0
0
7338
0
0
0
0
0
0
0
0
0
0
0
0
7570
0
0
0
0
0
7435
7345
0
0
7353
0
7360
0
0
0
7435
0
7669
0
0
7394
7383
7394
0
0
0
0
0
0
7394
0
0
7383
0
0
7382
7397
0
0
0
0
7394
0
7394
0
0
0
0
7402
0
0
0
0
0
0
7397
0
7425
7421
0
7487
0
7425
0
0
0
0
7418
0
7296
0
0
0
0
0
7448
0
0
0
0
0
0
0
0
0
0
0
0
0
0
7448
0
0
7457
0
0
0
0
0
0
0
0
0
0
7353
0
0
0
0
0
0
0
0
0
0
0
0
0
0
0
0
7607
7662
0
7483
0
0
0
7484
0
0
0
0
0
0
7504
7278
0
0
0
0
0
0
0
0
0
0
0
0
7275
0
0
0
0
0
0
0
0
0
0
0
0
0
0
0
0
7525
0
0
0
0
7283
0
0
0
0
0
0
0
0
0
0
0
0
0
0
0
0
0
0
0
0
0
0
0
0
0
0
0
0
0
0
0
0
0
0
0
7558
0
7384
0
0
0
0
0
0
0
7577
0
0
0
7583
0
0
0
0
0
0
0
0
0
0
7588
0
0
7597
0
7597
0
0
0
0
7276
0
0
0
0
0
7597
7587
0
0
0
0
0
0
0
7604
0
0
7587
0
7634
0
0
0
7608
0
0
0
0
0
0
0
0
0
0
0
0
0
0
0
0
0
0
0
7660
7650
0
0
0
7469
0
0
7652
0
0
7474
0
7489
0
7420
0
0
0
0
0
0
0
0
0
7666
0
0
7455
0
0
0
0
0
0
0
7684
0
0
0
0
0
0
0
0
0
0
0
0
0
0
0
0
0
0
0
0
0
7700
0
0
7696
0
0
0
0
0
0
0
0
0
0
0
0
0
0
0
0
0
0
0
0
0
0
0
0
0
0
0
0
0
0
7737
7737
0
0
0
0
0
0
0
7951
0
0
0
0
0
0
0
0
0
0
0
0
0
0
0
0
0
0
0
0
0
0
0
0
0
0
0
0
0
7790
0
0
7790
0
0
0
0
7781
0
0
0
0
0
0
7798
0
0
0
0
0
0
0
0
0
0
7780
0
0
0
0
0
7819
0
0
7819
0
0
0
0
0
0
0
0
7812
0
0
0
7695
0
0
0
7811
0
0
0
7855
0
0
0
7843
0
0
0
0
0
0
7835
0
0
0
0
0
7876
0
0
0
0
0
0
0
0
0
0
0
0
0
7852
0
0
0
0
0
7682
7875
0
0
0
0
0
0
0
0
7870
0
7865
0
0
0
0
0
0
0
0
7714
0
0
0
0
0
0
0
0
0
0
0
0
0
0
0
0
0
0
0
0
7916
0
7916
0
0
8053
0
0
0
8053
0
7916
0
0
7927
0
0
0
0
0
0
0
0
0
0
0
0
0
0
0
0
0
0
0
0
7932
0
7943
0
7955
0
7951
0
0
0
0
0
0
0
0
0
0
0
0
0
0
0
7965
0
0
0
0
0
0
7972
8044
7972
7894
0
0
0
0
0
0
0
7894
0
0
0
0
0
0
0
7988
0
0
0
0
0
0
0
0
0
0
0
0
0
0
0
0
0
8017
8004
0
0
0
0
8045
0
8004
8004
8004
0
0
0
0
0
0
0
8041
8041
8045
0
0
0
0
0
0
0
0
0
0
0
8044
8038
0
0
0
0
0
0
0
0
8053
0
0
0
0
8066
8066
7477
0
8066
8097
0
8067
0
0
0
0
8066
0
0
8083
0
0
0
0
8075
0
0
0
0
8121
0
0
0
8074
0
0
0
0
0
0
8065
0
8112
0
0
0
8118
0
0
0
0
0
0
0
8319
0
0
8118
8319
0
0
0
0
0
0
0
0
0
0
8117
8119
0
0
0
0
8291
0
0
0
0
0
0
0
0
8294
0
0
0
8332
8346
0
0
0
0
0
8080
8189
0
0
0
0
8161
0
8161
0
0
0
0
0
0
8230
0
0
0
0
0
8232
0
0
0
0
8188
8140
0
0
0
8223
0
0
0
0
0
0
8223
0
0
0
0
0
0
0
8189
0
0
0
0
0
0
0
0
8257
0
8196
0
0
0
8223
0
0
0
8223
0
8223
0
0
0
0
0
0
0
0
0
8231
8230
8232
8229
0
0
0
0
0
0
0
0
0
0
0
0
0
0
8242
8191
0
0
0
0
0
0
8233
7790
0
0
0
0
0
0
0
0
0
0
0
8273
0
0
8237
8272
0
0
0
0
0
8087
8319
0
0
0
0
0
0
0
0
0
8074
8319
0
0
0
0
0
8335
0
0
0
8307
0
0
0
0
8132
0
0
0
0
0
0
0
0
0
0
0
0
0
0
0
0
0
0
0
0
0
0
0
0
0
0
0
0
0
8315
0
0
8223
0
0
0
0
0
0
0
0
0
0
0
0
0
0
0
0
8345
8223
0
0
0
0
0
0
7477
0
0
0
0
0
0
0
8689
0
0
0
0
0
0
0
8461
0
0
0
8405
0
8386
0
0
8391
8382
0
7140
0
0
7159
0
0
0
0
0
0
0
0
0
0
8543
8458
0
0
0
8414
0
0
8468
0
0
8396
8423
0
0
0
8415
0
8415
0
0
0
0
8449
0
0
0
8439
0
0
0
0
0
0
8439
0
0
8449
0
0
0
0
0
0
8450
8449
0
0
0
0
0
0
0
0
0
0
0
0
0
0
0
0
0
0
8467
0
0
0
0
0
0
8459
0
8467
0
8467
8467
0
0
0
0
0
0
0
0
0
0
0
0
0
0
0
8488
0
0
0
0
0
0
0
0
0
8497
8517
0
0
0
0
0
0
0
0
0
0
0
0
0
0
0
0
0
0
8517
0
0
0
0
0
0
0
0
0
0
8510
0
0
0
0
0
0
0
0
0
0
0
0
0
0
0
0
0
0
0
0
8567
0
8569
0
0
0
0
8567
0
8567
8567
8558
0
0
0
0
8567
8558
0
0
8561
0
0
0
0
8558
8567
8588
0
0
0
0
8588
0
0
0
0
0
0
0
0
0
0
8624
8601
0
0
0
8608
0
0
8569
0
0
0
0
0
0
0
0
0
0
0
0
0
0
0
8616
0
0
0
0
0
0
0
0
0
0
0
0
0
0
8561
0
0
0
0
0
0
0
0
8630
0
0
0
0
0
0
0
0
8645
0
0
0
0
0
0
0
0
0
0
0
0
0
8670
0
0
0
0
8645
8706
0
0
0
0
3458
0
0
0
0
0
0
0
0
0
0
0
8693
0
0
0
0
0
0
0
0
8702
0
8706
3458
8695
0
0
8681
0
0
0
0
0
0
0
0
8713
0
0
0
0
0
8713
0
0
8713
0
0
0
0
0
0
8719
0
0
0
0
0
8742
0
0
0
0
0
0
0
0
8743
0
0
0
0
0
0
0
0
0
0
0
0
0
8763
0
0
0
0
0
0
0
0
0
0
0
0
8742
0
8781
0
0
8763
0
0
0
0
0
9125
0
8795
8814
0
8823
0
9081
0
0
0
0
0
0
0
0
0
8823
9081
0
0
0
8902
9081
8939
0
0
8814
0
8947
0
8814
8814
0
8966
9069
8947
0
8828
0
0
8859
0
0
0
0
8855
9039
0
0
0
0
0
0
0
0
8859
8845
8857
0
0
0
8855
0
0
0
0
8855
9151
0
0
0
0
0
8859
0
8867
0
0
0
9151
0
0
0
0
0
8834
0
0
0
0
0
0
0
0
0
0
0
0
0
0
0
0
0
0
0
0
0
8823
0
0
0
0
0
0
0
0
0
8899
0
0
0
0
0
0
0
0
0
0
0
9149
0
0
0
0
0
0
8959
0
0
8954
0
0
0
0
0
0
0
0
0
0
0
0
0
0
0
9069
0
0
0
9116
0
0
8945
0
8948
0
0
0
0
0
8960
8960
0
0
0
0
0
0
8968
0
0
0
8784
8430
0
0
0
8968
0
0
0
0
0
0
0
0
0
0
0
0
0
0
0
9050
0
0
0
0
0
0
0
0
0
0
0
9000
0
0
0
9004
0
0
0
0
0
0
0
0
0
0
9015
9040
0
0
0
0
0
0
0
0
0
0
0
0
0
0
0
0
0
0
0
0
0
0
0
0
0
0
0
0
9048
0
0
0
0
0
0
0
9004
0
0
0
9053
0
0
0
0
0
0
0
0
0
0
0
0
8845
0
0
0
0
0
0
0
0
0
0
9097
0
0
0
0
0
9093
8257
0
9097
0
0
0
0
0
0
0
0
0
0
0
8778
0
0
9113
0
0
0
0
0
0
9109
0
0
0
0
8588
0
0
0
0
9125
0
0
0
0
0
0
0
9057
0
0
0
0
0
0
9144
0
9144
9144
9144
0
0
0
0
8485
0
8899
0
0
0
0
0
8897
0
0
9168
0
0
0
0
0
0
0
0
0
0
0
9318
0
0
0
0
0
9181
0
9181
0
0
0
0
0
9188
0
0
0
0
0
0
0
0
0
0
0
0
9284
0
0
0
0
0
0
0
0
0
0
9215
0
0
9215
0
0
0
9219
9203
0
0
3170
0
0
0
0
0
0
0
0
0
0
0
0
0
0
0
0
0
0
0
0
0
0
0
0
0
0
0
0
0
0
0
0
0
0
9288
0
0
0
0
0
0
0
9270
9277
0
0
0
0
0
0
0
9266
0
0
0
9364
0
0
0
0
0
0
9290
0
0
0
0
0
0
0
0
9288
0
0
0
0
0
0
0
0
0
9303
0
0
0
0
0
0
0
0
0
0
0
0
0
0
0
0
0
0
0
0
0
9312
0
0
9359
0
0
0
0
0
0
0
0
0
0
0
0
0
0
0
9335
0
0
0
9356
0
0
0
9348
0
0
0
0
0
0
0
0
0
0
0
0
0
0
0
0
0
0
0
0
9375
0
9375
0
0
9144
9140
9381
0
0
0
9381
9402
0
0
9406
0
0
0
9381
0
0
0
9397
0
0
0
0
0
9406
0
0
0
0
0
9402
0
0
0
0
0
0
0
0
0
0
0
0
0
0
0
0
