0.33669926  0.09537269  0.00000000  2.00000000  0  0  0
0.71957013  0.06463359  0.00000000  2.00000000  0  0  0
0.17898248  0.38993066  0.00000000  2.00000000  0  0  0
0.90636432  0.22868758  0.00000000  2.00000000  0  0  0
0.32246040  0.55937057  0.00000000  2.00000000  0  0  0
0.78287207  0.50384008  0.00000000  2.00000000  0  0  0
0.61833738  0.43517555  0.00000000  2.00000000  0  0  0
0.53566419  0.67477647  0.00000000  2.00000000  0  0  0
0.13860172  0.83336356  0.00000000  2.00000000  0  0  0
0.39085475  0.86371087  0.00000000  2.00000000  0  0  0
0.80444958  0.88440505  0.00000000  2.00000000  0  0  0
