166
139
253
253
223
192
136
166
180
230
139
227
243
166
166
166
223
166
243
180
230
166
288
223
166
223
139
136
192
139
288
180
243
180
180
288
139
230
253
166
136
288
223
243
136
139
136
223
192
139
243
288
192
192
223
180
253
243
230
230
288
166
166
192
243
136
288
227
136
230
253
230
136
253
288
192
180
243
139
253
223
136
230
136
192
192
230
136
192
166
288
180
243
230
136
288
243
139
253
288
288
230
223
192
166
136
136
230
253
192
166
136
223
166
288
139
288
223
192
230
180
253
243
288
227
136
136
192
253
139
139
139
253
223
243
288
0
136
166
0
223
192
227
288
227
223
243
192
139
192
227
243
223
288
288
288
223
139
227
166
166
227
227
243
227
192
0
180
253
230
136
139
230
243
192
243
243
243
166
288
0
192
230
227
230
136
230
230
166
223
230
192
0
192
288
192
227
192
223
230
192
139
288
223
192
253
180
253
288
192
136
136
223
223
223
139
288
192
288
288
139
136
166
0
253
223
166
0
136
166
0
166
139
243
227
192
166
192
253
166
227
227
180
0
230
192
223
136
180
136
166
192
227
0
180
136
230
230
136
253
227
166
243
192
136
166
192
192
227
288
253
243
230
253
243
136
243
243
288
223
166
253
136
192
166
192
223
192
0
243
223
192
166
243
227
253
166
227
223
227
