0.46483994  0.36643662  0.00000000  0.11000000  0  0  0
0.17566903  0.20567452  0.00000000  0.11000000  0  0  0
0.20894667  0.38827163  0.00000000  0.11000000  0  0  0
0.24248656  0.29157032  0.00000000  0.11000000  0  0  0
0.45605767  0.10975505  0.00000000  0.11000000  0  0  0
0.08989165  0.42956446  0.00000000  0.11000000  0  0  0
0.29397305  0.13015145  0.00000000  0.11000000  0  0  0
0.01033662  0.00782029  0.00000000  0.11000000  0  0  0
0.04844734  0.42310939  0.00000000  0.11000000  0  0  0
0.39652079  0.16825130  0.00000000  0.11000000  0  0  0
0.06159067  0.19624892  0.00000000  0.11000000  0  0  0
0.33758386  0.31642900  0.00000000  0.11000000  0  0  0
0.08852746  0.31342899  0.00000000  0.11000000  0  0  0
0.13208296  0.17043202  0.00000000  0.11000000  0  0  0
0.11749285  0.07399477  0.00000000  0.11000000  0  0  0
0.76395708  0.36919880  0.00000000  0.11000000  0  0  0
0.89494168  0.11228396  0.00000000  0.11000000  0  0  0
0.99538973  0.18746081  0.00000000  0.11000000  0  0  0
0.53377195  0.31581144  0.00000000  0.11000000  0  0  0
0.74631343  0.09235234  0.00000000  0.11000000  0  0  0
0.55666983  0.14202725  0.00000000  0.11000000  0  0  0
0.60786591  0.21756331  0.00000000  0.11000000  0  0  0
0.79835086  0.16620356  0.00000000  0.11000000  0  0  0
0.72272454  0.25779225  0.00000000  0.11000000  0  0  0
0.10022154  0.59794164  0.00000000  0.11000000  0  0  0
0.17811695  0.78936394  0.00000000  0.11000000  0  0  0
0.46846820  0.64194062  0.00000000  0.11000000  0  0  0
0.44172206  0.96442267  0.00000000  0.11000000  0  0  0
0.30736690  0.65549804  0.00000000  0.11000000  0  0  0
0.10166939  0.93375985  0.00000000  0.11000000  0  0  0
0.29734682  0.79783026  0.00000000  0.11000000  0  0  0
0.10915421  0.77272213  0.00000000  0.11000000  0  0  0
0.05133189  0.70671522  0.00000000  0.11000000  0  0  0
0.98841793  0.74003233  0.00000000  0.11000000  0  0  0
0.99949162  0.97059853  0.00000000  0.11000000  0  0  0
0.90515356  0.55177853  0.00000000  0.11000000  0  0  0
0.74554607  0.78193197  0.00000000  0.11000000  0  0  0
0.89719135  0.69475219  0.00000000  0.11000000  0  0  0
0.77724054  0.60985717  0.00000000  0.11000000  0  0  0
0.82580886  0.69643299  0.00000000  0.11000000  0  0  0
0.66791612  0.65557317  0.00000000  0.11000000  0  0  0
0.54954011  0.55573794  0.00000000  0.11000000  0  0  0
0.73434108  0.91380041  0.00000000  0.11000000  0  0  0
0.68371557  0.98793473  0.00000000  0.11000000  0  0  0
0.64071792  0.68409607  0.00000000  0.11000000  0  0  0
