277
109
467
483
485
200
22
0
244
467
372
424
467
369
473
174
100
369
277
491
473
467
0
288
204
60
410
358
477
252
60
222
252
353
139
468
207
467
288
478
312
200
474
375
410
412
139
288
100
200
251
195
473
112
7
474
369
310
408
446
0
375
369
386
494
387
412
174
483
420
204
300
468
322
474
222
446
446
200
424
473
207
305
446
112
353
22
317
491
191
372
468
207
491
207
204
387
375
369
477
0
378
372
109
174
174
60
300
277
0
109
207
0
464
371
322
22
251
386
473
251
285
369
358
312
300
424
485
464
300
322
358
191
353
332
375
112
386
378
0
244
200
353
468
312
251
438
375
494
356
494
100
356
371
387
387
204
438
410
356
252
494
317
478
200
385
244
288
200
322
420
446
473
100
0
475
288
464
400
195
195
386
139
270
252
386
481
475
251
109
468
0
475
139
251
0
446
494
438
369
0
300
475
109
0
491
372
0
371
369
285
446
478
317
332
322
305
408
288
252
358
446
0
410
310
109
385
195
473
200
474
494
252
478
369
483
204
477
438
300
356
446
305
491
0
139
478
369
200
109
22
0
0
317
285
358
317
385
312
477
207
300
385
408
494
491
109
473
356
251
0
139
385
191
322
310
317
0
270
277
464
375
356
332
438
0
277
386
0
356
467
467
285
369
491
478
464
310
7
478
0
412
277
481
174
0
200
438
312
288
0
353
0
112
481
112
100
0
446
310
22
467
0
378
244
312
109
322
60
204
200
195
0
252
491
305
200
408
22
387
322
375
369
400
174
477
277
424
7
371
252
464
300
0
312
7
0
375
0
412
386
467
371
139
386
483
477
410
191
0
244
0
0
300
251
0
358
494
0
251
195
200
475
322
222
0
0
0
353
478
371
410
204
305
386
408
468
475
207
400
0
60
478
408
420
356
438
7
0
353
0
305
0
139
277
438
195
100
200
22
0
372
485
446
0
481
358
358
474
473
485
369
244
474
475
204
112
252
0
400
481
310
317
474
100
400
0
369
353
467
200
464
200
477
483
251
7
446
322
400
353
478
270
410
0
244
139
0
0
310
485
475
112
0
0
0
375
0
0
310
446
0
473
0
356
0
438
195
288
400
420
0
222
478
0
322
204
474
494
410
