0.05143605  0.21899412  0.00000000  2.50000000  0  0  0
0.52855909  0.22169455  0.00000000  2.50000000  0  0  0
0.80899027  0.14573210  0.00000000  2.50000000  0  0  0
0.12959698  0.29881541  0.00000000  2.50000000  0  0  0
0.25448084  0.31406193  0.00000000  2.50000000  0  0  0
0.40637332  0.31067902  0.00000000  2.50000000  0  0  0
0.63932376  0.40208862  0.00000000  2.50000000  0  0  0
0.96387013  0.33998621  0.00000000  2.50000000  0  0  0
0.06102893  0.69435056  0.00000000  2.50000000  0  0  0
0.38456689  0.70253001  0.00000000  2.50000000  0  0  0
0.72691455  0.74610547  0.00000000  2.50000000  0  0  0
0.89283332  0.72861066  0.00000000  2.50000000  0  0  0
0.20760303  0.79617907  0.00000000  2.50000000  0  0  0
0.54329943  0.76478756  0.00000000  2.50000000  0  0  0
