0.07324343  0.07336169  0.00000000  0.20000000  0  0  0
0.14250932  0.07021352  0.00000000  0.20000000  0  0  0
0.12553623  0.18352820  0.00000000  0.20000000  0  0  0
0.28326790  0.08331594  0.00000000  0.20000000  0  0  0
0.20773062  0.19983412  0.00000000  0.20000000  0  0  0
0.53096445  0.04778729  0.00000000  0.20000000  0  0  0
0.40745574  0.11756548  0.00000000  0.20000000  0  0  0
0.78485243  0.12386051  0.00000000  0.20000000  0  0  0
0.71563540  0.10556113  0.00000000  0.20000000  0  0  0
0.96243140  0.03207285  0.00000000  0.20000000  0  0  0
0.89542352  0.12951986  0.00000000  0.20000000  0  0  0
0.83233366  0.05681318  0.00000000  0.20000000  0  0  0
0.95754312  0.17415524  0.00000000  0.20000000  0  0  0
0.09298893  0.25008462  0.00000000  0.20000000  0  0  0
0.22067689  0.35540715  0.00000000  0.20000000  0  0  0
0.25448084  0.31406193  0.00000000  0.20000000  0  0  0
0.43329898  0.28272752  0.00000000  0.20000000  0  0  0
0.55699826  0.25596214  0.00000000  0.20000000  0  0  0
0.76367332  0.28220516  0.00000000  0.20000000  0  0  0
0.63932376  0.40208862  0.00000000  0.20000000  0  0  0
0.74614794  0.39899342  0.00000000  0.20000000  0  0  0
0.90644327  0.39536627  0.00000000  0.20000000  0  0  0
0.90199081  0.26719406  0.00000000  0.20000000  0  0  0
0.97898547  0.34650199  0.00000000  0.20000000  0  0  0
0.11080932  0.40495848  0.00000000  0.20000000  0  0  0
0.13378050  0.51110637  0.00000000  0.20000000  0  0  0
0.33432942  0.55811805  0.00000000  0.20000000  0  0  0
0.33813232  0.42106935  0.00000000  0.20000000  0  0  0
0.24260339  0.52359204  0.00000000  0.20000000  0  0  0
0.44252996  0.44454216  0.00000000  0.20000000  0  0  0
0.60743261  0.50473232  0.00000000  0.20000000  0  0  0
0.80511242  0.54452194  0.00000000  0.20000000  0  0  0
0.94632499  0.53852557  0.00000000  0.20000000  0  0  0
0.04873859  0.62232362  0.00000000  0.20000000  0  0  0
0.06102893  0.69435056  0.00000000  0.20000000  0  0  0
0.00864769  0.79595499  0.00000000  0.20000000  0  0  0
0.20760303  0.79617907  0.00000000  0.20000000  0  0  0
0.36909169  0.78889132  0.00000000  0.20000000  0  0  0
0.21928359  0.60733992  0.00000000  0.20000000  0  0  0
0.36728592  0.61123713  0.00000000  0.20000000  0  0  0
0.54813278  0.60621793  0.00000000  0.20000000  0  0  0
0.40951493  0.67988023  0.00000000  0.20000000  0  0  0
0.54329943  0.76478756  0.00000000  0.20000000  0  0  0
0.68663781  0.61809124  0.00000000  0.20000000  0  0  0
0.72691455  0.74610547  0.00000000  0.20000000  0  0  0
0.82407821  0.67990469  0.00000000  0.20000000  0  0  0
0.89283332  0.72861066  0.00000000  0.20000000  0  0  0
0.06835722  0.93246868  0.00000000  0.20000000  0  0  0
0.08866584  0.86462201  0.00000000  0.20000000  0  0  0
0.23224015  0.91788009  0.00000000  0.20000000  0  0  0
0.34668175  0.91705675  0.00000000  0.20000000  0  0  0
0.56935818  0.84859668  0.00000000  0.20000000  0  0  0
0.54281311  0.93831584  0.00000000  0.20000000  0  0  0
0.44094328  0.98918581  0.00000000  0.20000000  0  0  0
0.45730872  0.83974953  0.00000000  0.20000000  0  0  0
0.67146289  0.94681667  0.00000000  0.20000000  0  0  0
0.71165671  0.82956180  0.00000000  0.20000000  0  0  0
0.79662469  0.88703073  0.00000000  0.20000000  0  0  0
0.85875903  0.94181780  0.00000000  0.20000000  0  0  0
0.93218336  0.82821527  0.00000000  0.20000000  0  0  0
