54.75400200  570.48498500  454.31500200  150.00000000  0  0  0 701  1.28697900  0.64381025  0.14389034  0.39888164  3  470  89.308559
54.81200000  570.52197300  455.01699800  150.00000000  0  0  0 517  0.94198600  0.67178588  0.16895721  0.33648687  3  517  90.249486
54.76400000  570.53002900  456.05801400  150.00000000  0  0  0 574  1.09505500  0.65035006  0.11876002  0.20382593  3  535  90.701376
55.34600100  570.20098900  456.00000000  150.00000000  0  0  0 407  2.08001700  0.72944244  0.27690469  0.38618676  3  1546  23.072886
54.63700100  570.48400900  456.99899300  150.00000000  0  0  0 608  1.70404100  0.71706941  0.15855223  0.56803954  3  1222  85.460917
54.81399900  570.62500000  457.89498900  150.00000000  0  0  0 476  0.98601600  0.87019498  0.22322432  0.38770579  3  299  105.888005
53.99100100  569.20697000  457.41299400  150.00000000  0  0  0 455  1.99802000  1.18179352  0.49639852  0.64384509  3  142  85.628764
54.59199900  570.76397700  460.33801300  150.00000000  0  0  0 701  2.50600800  0.83083263  0.30945239  0.53358058  3  2543  95.140008
54.73000000  570.89599600  461.92599500  150.00000000  0  0  0 600  2.62600700  0.85868987  0.42480515  0.46677019  3  2890  99.610482
53.81900000  569.88501000  461.55300900  150.00000000  0  0  0 261  2.52304900  0.55884169  0.51916309  0.60364569  3  1714  24.215856
54.59999800  570.59100300  458.76699800  150.00000000  0  0  0 620  1.76200400  0.74445401  0.29661754  0.53437763  3  1198  93.811033
54.46600000  570.44702100  459.53399700  150.00000000  0  0  0 550  1.85102500  0.87084682  0.22800456  0.22891361  3  1371  82.661145
54.41400100  570.68798800  461.04199200  150.00000000  0  0  0 563  2.13401000  0.65903702  0.17326258  0.78013162  3  2180  91.613995
54.40800100  570.69500700  462.33499100  150.00000000  0  0  0 556  2.17302800  0.70047162  0.17990392  0.55305408  3  2273  95.605858
54.07500100  570.54498300  464.90100100  150.00000000  0  0  0 475  2.06299600  0.84540410  0.22984134  0.39221464  3  1578  75.123989
54.21099900  570.70202600  463.44500700  150.00000000  0  0  0 595  3.01001000  0.76679956  0.21698119  0.65358261  3  3534  98.778504
54.48700000  571.46899400  464.71099900  150.00000000  0  0  0 561  1.29402300  0.55696648  0.21673620  0.61232995  3  450  80.251420
54.57099900  570.95202600  462.95098900  150.00000000  0  0  0 359  1.94205000  0.66891715  0.20933895  0.36524735  3  1952  83.099855
54.54200000  571.04101600  463.69601400  150.00000000  0  0  0 454  1.79602800  0.74905540  0.17107036  0.55736822  3  1576  92.863572
55.31399900  572.45697000  464.96798700  150.00000000  0  0  0 271  1.74599400  0.93742519  0.31162479  0.44749712  3  160  116.913641
53.97499800  572.84301800  464.91900600  150.00000000  0  0  0 298  1.99699700  0.60260389  0.23272338  0.52894188  3  318  35.163069
53.58599900  570.45800800  466.98999000  150.00000000  0  0  0 288  2.16100000  0.60004192  0.31019898  0.41557923  3  1212  79.024591
54.02100000  570.35101300  466.12399300  150.00000000  0  0  0 458  2.32097900  1.23530016  0.41359357  0.51794771  3  1725  90.108951
54.43999900  571.18200700  465.60199000  150.00000000  0  0  0 415  1.68296400  0.71098955  0.21839058  0.64053209  3  1073  79.700901
54.17900100  572.05798300  466.54901100  150.00000000  0  0  0 418  1.69195200  0.60650990  0.29730930  0.58533094  3  440  111.259244
53.55799900  572.66198700  467.00799600  150.00000000  0  0  0 176  1.64303000  0.57728671  0.17797615  0.69737020  3  422  81.414142
55.14199800  574.98602300  471.37100200  150.00000000  0  0  0 157  1.64495800  0.73945759  0.26864893  0.15796261  3  19  111.152885
54.11299900  574.61798100  470.05099500  150.00000000  0  0  0 211  1.49399300  0.84086699  0.25917082  0.20796991  3  29  28.831530
51.98899800  574.60199000  469.71798700  150.00000000  0  0  0 358  1.80800200  0.87009059  0.45858318  0.52752714  3  236  45.692071
52.58000200  572.58697500  469.63400300  150.00000000  0  0  0 362  2.09498300  0.90154474  0.22711649  0.53391701  3  595  56.109204
52.01100200  573.00000000  470.61801100  150.00000000  0  0  0 381  2.14198400  1.04376786  0.48591305  0.40772738  3  361  105.967502
52.36999900  573.81298800  468.66400100  150.00000000  0  0  0 467  1.96697100  0.83173731  0.38924896  0.72994903  3  285  48.038164
53.67100100  572.92999300  470.02099600  150.00000000  0  0  0 360  2.15597100  0.87418929  0.23278406  0.26312716  3  1110  73.048913
52.95299900  573.26898200  467.85800200  150.00000000  0  0  0 377  2.19099800  0.84838374  0.31135222  0.32533023  3  583  84.419076
54.63399900  573.07501200  471.07598900  150.00000000  0  0  0 425  2.42397700  0.77829918  0.59844751  0.48050756  3  957  18.475110
54.45000100  571.17102100  467.43100000  150.00000000  0  0  0 483  1.88303700  0.66427724  0.21374673  0.27279877  3  689  91.334074
54.73400100  571.75097700  469.24499500  150.00000000  0  0  0 363  1.89500500  0.69216885  0.21053344  0.23315683  3  477  79.932189
54.71600000  572.37597700  470.61801100  150.00000000  0  0  0 306  2.17193700  0.69037958  0.35013260  0.38618564  3  723  106.723657
54.11100000  571.19702100  469.17800900  150.00000000  0  0  0 345  1.62297800  0.46106127  0.11197975  0.20699747  3  404  97.135573
53.22100100  571.18298300  470.39199800  150.00000000  0  0  0 270  1.47598100  0.63715823  0.20544370  0.47769827  3  221  61.359262
53.80099900  572.35400400  468.37899800  150.00000000  0  0  0 456  1.94999700  0.67730098  0.26362210  0.51792433  3  502  103.341233
52.77700000  571.39202900  471.45800800  150.00000000  0  0  0 222  2.15697900  0.89137806  0.27555379  0.48210166  3  863  82.093235
52.45700100  570.06500200  471.03698700  150.00000000  0  0  0 294  1.77900000  0.78382376  0.25962384  0.84579782  3  395  74.903697
52.86700100  570.08599900  470.12298600  150.00000000  0  0  0 471  2.13696300  0.87330376  0.35346158  0.78682339  3  740  79.648004
53.96099900  569.70202600  470.72000100  150.00000000  0  0  0 240  1.83194100  0.80095858  0.21880183  0.38017181  3  364  84.001194
53.28699900  570.20397900  467.95498700  150.00000000  0  0  0 318  1.53700000  0.74007766  0.20234205  0.32437743  3  307  71.057433
54.18000000  570.12402300  467.83200100  150.00000000  0  0  0 308  1.89401600  0.85725557  0.35341933  0.52319670  3  926  94.331569
54.47100100  570.11602800  469.21499600  150.00000000  0  0  0 434  2.09005400  0.74467362  0.26407773  0.65395401  3  750  99.715369
55.47700100  569.45697000  470.70999100  150.00000000  0  0  0 136  2.37397800  0.78314189  0.38220990  0.38889148  3  302  65.549204
56.14600000  568.42498800  469.42001300  150.00000000  0  0  0 158  2.70199000  0.66924480  0.36426234  0.47039264  3  24  38.387375
51.98400100  568.84198000  470.65399200  150.00000000  0  0  0 167  3.10099300  0.63425887  0.62346171  0.29847730  3  898  36.693172
52.25700000  568.31597900  473.91799900  150.00000000  0  0  0 189  3.27801500  0.60812712  0.61248592  0.20272972  3  613  58.641918
54.29700100  568.48199500  474.02200300  150.00000000  0  0  0 138  2.23199000  0.76087807  0.50170309  0.43611105  3  185  26.747648
56.71300100  569.05102500  473.25698900  145.86959641  0  0  0 138  2.56502500  0.80005283  0.38110611  0.18774182  3  58  76.422310
55.13499800  569.76501500  473.91500900  150.00000000  0  0  0 410  3.18403700  0.97975125  0.52980931  0.48511919  3  636  67.540761
54.24700200  569.56701700  472.02099600  150.00000000  0  0  0 256  2.82601900  0.89319148  0.55877542  0.54102206  3  1162  106.690974
53.58000200  569.76599100  472.98999000  150.00000000  0  0  0 230  2.24799000  0.82884771  0.37138842  0.82822471  3  664  97.260927
53.35599900  569.76397700  474.70599400  150.00000000  0  0  0 229  2.52002000  1.03137357  0.47706914  0.79346640  3  407  89.092744
52.16799900  569.72302200  472.72000100  150.00000000  0  0  0 267  3.58805400  0.81014021  0.39440608  0.58840004  3  2182  64.545885
52.09299900  570.91998300  474.20901500  150.00000000  0  0  0 191  2.64998700  0.89519156  0.45408711  0.91986619  3  589  39.162575
52.31900000  571.59100300  472.55700700  150.00000000  0  0  0 387  1.95900000  0.66197562  0.30184466  0.42398259  3  324  117.352826
53.86299900  571.39001500  472.00399800  150.00000000  0  0  0 346  2.49503400  0.62357443  0.32920813  0.30813122  3  1120  114.777328
53.69500000  571.93499800  473.42898600  150.00000000  0  0  0 342  2.14103300  1.17573027  0.49093850  0.78702204  3  353  13.423849
53.26900100  571.26599100  475.54400600  150.00000000  0  0  0 145  2.51700200  0.95368484  0.48254784  0.52296435  3  245  55.470494
54.99599800  573.39202900  472.37298600  150.00000000  0  0  0 262  2.20097000  0.92313892  0.61333381  0.61646214  3  362  120.099754
53.65000200  572.59600800  474.95300300  150.00000000  0  0  0 248  2.30199400  0.86190546  0.56432219  0.53348168  3  292  105.815314
53.97200000  573.68298300  473.50000000  150.00000000  0  0  0 509  3.21400100  1.02969705  0.71750645  0.53155987  3  1157  75.379248
52.18700000  573.16400100  474.05600000  150.00000000  0  0  0 217  2.28697300  0.76368445  0.47555189  0.77862043  3  326  81.003231
52.54100000  573.52697800  472.29901100  120.51866746  0  0  0 269  2.48598800  0.89381401  0.72239213  0.65421143  3  946  68.674901
52.71799900  574.79199200  472.16101100  150.00000000  0  0  0 468  2.49800400  0.94390830  0.53490324  0.43300545  3  278  79.729190
