55.75000000  570.22900400  455.90899700  100.00000000  0  0  0 327  1.61203700  0.60472375  0.17590791  0.32992253  3  551  7.428720
54.75400200  570.48498500  454.31500200  100.00000000  0  0  0 707  1.28697900  0.62173169  0.13780005  0.41751175  3  464  89.308559
54.68899900  570.36602800  455.01998900  100.00000000  0  0  0 405  0.92799800  0.69666256  0.19924770  0.66208239  3  552  88.344148
54.79299900  570.54797400  455.72699000  100.00000000  0  0  0 484  1.27099600  0.59695452  0.15334929  0.47313766  3  875  91.366544
54.67100100  570.48999000  456.38598600  100.00000000  0  0  0 377  0.81900500  0.67157862  0.12431564  0.46363543  3  321  87.671325
54.67599900  570.53802500  457.00000000  100.00000000  0  0  0 370  1.52600900  0.70607811  0.15034708  0.39958176  3  1234  92.787415
54.64300200  570.53198200  457.51998900  100.00000000  0  0  0 375  1.71498500  0.69014211  0.17050495  0.74254764  3  1498  86.286253
53.99100100  569.20697000  457.41299400  100.00000000  0  0  0 459  1.99802000  1.18137966  0.50049447  0.64346711  3  138  85.628764
54.54800000  571.08197000  458.75799600  100.00000000  0  0  0 184  1.21003700  1.06989450  0.22481250  0.36985557  3  508  54.937124
54.53099800  570.52502400  459.00698900  100.00000000  0  0  0 328  0.84000000  0.70175606  0.13057305  0.32534504  3  247  84.682296
54.64899800  570.57501200  458.27700800  100.00000000  0  0  0 425  0.93902200  0.66563375  0.17440728  0.62366335  3  346  91.416988
54.51200100  570.60498000  459.69500700  100.00000000  0  0  0 404  1.76595700  0.66940840  0.18236321  0.57696506  3  1503  85.614313
54.47900000  570.70098900  460.36999500  100.00000000  0  0  0 642  2.65001300  0.93095366  0.36912618  0.48463972  3  2857  87.708010
54.41400100  570.68798800  461.04199200  100.00000000  0  0  0 398  1.62001700  0.67007988  0.15913072  0.58646908  3  1488  91.613995
54.13999900  569.77600100  459.42700200  100.00000000  0  0  0 160  2.18003000  0.48386398  0.28701616  0.39881800  3  1108  1.981898
55.00799900  572.02899200  461.86700400  100.00000000  0  0  0 136  1.67596800  0.62563014  0.19558462  0.65012445  3  186  20.251228
54.57300200  570.89502000  462.49798600  100.00000000  0  0  0 380  2.04504500  0.58749718  0.14220411  0.88935833  3  2189  81.767807
54.69699900  570.83898900  461.49600200  100.00000000  0  0  0 458  2.22200400  0.65054492  0.17649231  0.41985805  3  2413  94.395843
53.81900000  569.88501000  461.55300900  100.00000000  0  0  0 228  2.52304900  0.51159970  0.46714161  0.47274996  3  1747  24.215856
54.27600100  570.60400400  461.95001200  100.00000000  0  0  0 410  1.90698200  0.64833586  0.16644621  0.86057818  3  1900  83.678902
53.58599900  570.45800800  466.98999000  100.00000000  0  0  0 373  2.17897800  0.69069221  0.37321240  0.46338988  3  1152  79.024591
54.05699900  570.53900100  464.17498800  100.00000000  0  0  0 332  2.33401400  0.95802234  0.20318724  0.72783662  3  2350  86.368754
53.93899900  570.57397500  465.29998800  100.00000000  0  0  0 339  1.54394600  0.67366386  0.18315331  0.62673741  3  674  79.190956
54.09899900  570.36700400  466.18701200  100.00000000  0  0  0 348  2.03301200  0.61812800  0.33923977  0.32745920  3  1372  93.645418
54.23799900  570.71398900  463.25000000  100.00000000  0  0  0 616  2.62301200  0.78948006  0.26019819  0.51267196  3  2831  91.939800
54.43700000  571.18200700  466.57901000  100.00000000  0  0  0 255  1.64598100  0.37942601  0.11160973  0.26616043  3  805  87.837604
54.55799900  571.12597700  464.23300200  100.00000000  0  0  0 417  1.76301100  0.60995466  0.24750931  0.49788142  3  1486  95.394666
54.44699900  571.16998300  465.56500200  100.00000000  0  0  0 364  1.48698800  0.71213284  0.21301650  0.67351029  3  858  79.993480
54.50799900  571.63702400  464.90799000  100.00000000  0  0  0 351  1.19095200  0.55714371  0.22119571  0.75211860  3  478  98.825390
54.19900100  572.02801500  466.48300200  100.00000000  0  0  0 282  1.61602700  0.56472786  0.25855890  0.78069147  3  537  113.254610
54.56600200  571.11700400  463.42001300  100.00000000  0  0  0 379  1.82602000  0.70152454  0.17155568  0.73931697  3  1646  67.135775
55.31399900  572.45697000  464.96798700  100.00000000  0  0  0 267  1.74599400  0.93991648  0.31084150  0.45445367  3  163  116.913641
53.97499800  572.84301800  464.91900600  100.00000000  0  0  0 292  1.99699700  0.58990755  0.22438483  0.51213135  3  323  35.163069
53.60400000  572.51202400  466.70401000  100.00000000  0  0  0 242  1.61103800  0.92558998  0.26474937  0.59076822  3  309  81.670679
52.38299900  574.13098100  468.66000400  100.00000000  0  0  0 464  1.95104700  1.00021722  0.35822197  0.78630264  3  228  36.396251
52.87300100  573.11297600  467.82501200  100.00000000  0  0  0 419  2.34696300  0.88304857  0.24164274  0.33135810  3  755  52.424159
54.43600100  571.19000200  468.03201300  100.00000000  0  0  0 327  1.65197400  0.67186457  0.25794026  0.79958538  3  507  101.298216
53.84999800  572.42700200  468.53601100  100.00000000  0  0  0 302  1.96903100  0.84647951  0.31094778  0.40626167  3  660  84.059688
53.96500000  572.23199500  467.70800800  100.00000000  0  0  0 241  1.62904000  0.78583705  0.22858744  0.70678623  3  471  77.292950
53.35900100  570.22900400  467.82199100  100.00000000  0  0  0 350  2.14103300  0.77011829  0.35908098  0.60612431  3  870  71.637462
54.45100000  570.05603000  468.29000900  100.00000000  0  0  0 288  2.29606300  0.61926642  0.32269091  0.81778724  3  1244  81.147233
54.33200100  574.58197000  470.02200300  100.00000000  0  0  0 200  1.36501800  0.64023195  0.15706276  0.23754529  3  17  16.081076
55.18700000  574.99298100  471.23599200  100.00000000  0  0  0 155  1.84701200  0.74853349  0.26083725  0.22359605  3  58  74.565261
52.95600100  574.48199500  471.49499500  100.00000000  0  0  0 213  2.00001100  0.78808143  0.42212397  0.30179635  3  225  76.526576
51.98899800  574.60199000  469.71798700  100.00000000  0  0  0 316  1.80800200  0.86719355  0.46194170  0.49710430  3  278  45.692071
52.64400100  572.58502200  469.57101400  100.00000000  0  0  0 350  2.09404000  0.89934621  0.22575672  0.65183934  3  638  52.338091
52.01100200  573.00000000  470.61801100  100.00000000  0  0  0 401  2.00102700  1.01418256  0.47734198  0.43907846  3  272  105.967502
53.77999900  573.00097700  469.83801300  100.00000000  0  0  0 280  1.18297500  0.69441035  0.18406090  0.30295644  3  87  43.991510
53.54600100  573.65002400  470.57699600  100.00000000  0  0  0 191  1.82898300  0.65200898  0.35781316  0.51705927  3  368  111.917143
54.43199900  572.74597200  471.19699100  100.00000000  0  0  0 222  1.90199600  0.79780345  0.39330335  0.36236314  3  501  68.043153
54.84700000  573.38000500  470.43701200  100.00000000  0  0  0 210  1.91100300  0.64356164  0.26043890  0.49786752  3  654  61.866067
54.72600200  571.76300000  469.28900100  100.00000000  0  0  0 273  1.53496500  0.71379725  0.21391707  0.45383770  3  273  80.437601
54.59899900  572.09997600  470.26901200  100.00000000  0  0  0 224  1.66101500  0.57811518  0.17185787  0.49014143  3  314  93.956447
53.01699800  571.28497300  471.44400000  100.00000000  0  0  0 223  1.81301600  0.84309872  0.28448267  0.73809973  3  499  92.510730
53.26599900  571.22302200  470.44101000  100.00000000  0  0  0 240  1.35301600  0.65698037  0.18925282  0.52098899  3  182  64.078666
54.01200100  571.47399900  471.48599200  100.00000000  0  0  0 262  1.87000000  0.41723187  0.17190422  0.25849158  3  470  97.352395
54.09899900  571.17700200  469.38198900  100.00000000  0  0  0 332  2.00299800  0.44357102  0.20410386  0.42999679  3  942  85.328406
52.45700100  570.06500200  471.03698700  100.00000000  0  0  0 259  1.50299000  0.82111976  0.22301035  0.51954155  3  226  74.903697
51.82899900  569.61999500  471.56601000  68.90983713  0  0  0 112  1.54598400  0.92672655  0.58407261  0.74233008  3  218  82.759280
52.85400000  570.17297400  470.01501500  100.00000000  0  0  0 286  1.83698400  0.96519465  0.37423069  0.41154202  3  603  79.075699
53.96099900  569.70202600  470.72000100  100.00000000  0  0  0 225  1.77101200  0.81381885  0.20646089  0.47699777  3  322  84.001194
53.00999800  570.15197800  469.33401500  100.00000000  0  0  0 233  1.88993900  0.68760203  0.19518318  0.75805041  3  711  100.371571
54.93299900  570.17797900  471.01800500  75.84047687  0  0  0 108  2.02097300  0.96203603  0.24692250  0.19325303  3  347  90.105406
54.19900100  570.10900900  469.30899000  100.00000000  0  0  0 297  1.58894300  0.77212127  0.21435300  0.73070563  3  503  84.731900
55.45999900  569.52801500  470.69299300  76.79313423  0  0  0 75  1.95097800  0.71960978  0.31401579  0.82886225  3  167  74.390761
56.14600000  568.42498800  469.42001300  88.12613207  0  0  0 147  2.12305400  0.64610238  0.29416446  0.53761300  3  2  38.387375
52.20299900  568.60400400  470.87500000  69.28465923  0  0  0 62  1.74999200  0.94399064  0.39013748  0.87811718  3  175  84.722875
51.93100000  568.65502900  474.52899200  77.78877361  0  0  0 148  1.74299600  0.64393381  0.36530470  0.49521984  3  13  60.503987
52.28500000  568.51397700  472.11499000  79.61596384  0  0  0 122  1.83197800  0.97300579  0.32615895  0.37572422  3  148  122.945092
54.22200000  568.45800800  473.94699100  76.05419197  0  0  0 139  2.02002400  0.75342100  0.45756249  0.49025691  3  123  32.668349
56.80199800  569.06201200  473.47299200  67.14856226  0  0  0 88  1.80703600  0.89121987  0.37602920  0.64090566  3  14  106.192662
56.15900000  568.97198500  472.10000600  58.91513809  0  0  0 107  2.19600000  0.93075123  0.40797919  0.52818829  3  79  97.154826
54.52899900  570.09600800  473.78698700  67.14394327  0  0  0 221  2.11101600  1.01869162  0.57447024  0.66493181  3  333  59.795370
55.21500000  569.83099400  474.58898900  58.42108142  0  0  0 230  2.49603400  1.18026292  0.59235762  0.43505064  3  306  35.555636
54.24599800  569.57098400  472.08401500  84.61107556  0  0  0 228  2.55595400  0.75938699  0.53005276  0.50409328  3  847  108.110129
53.59899900  569.74499500  472.99798600  100.00000000  0  0  0 198  1.97196600  0.80113560  0.28144888  0.83065077  3  388  96.151416
53.35599900  569.76397700  474.70599400  90.56263381  0  0  0 202  1.95803500  1.03163297  0.45919068  0.49099018  3  134  89.092744
52.36100000  569.65698200  472.96099900  100.00000000  0  0  0 241  1.77202200  0.81179177  0.31580925  0.71249672  3  206  90.045127
51.99599800  570.91198700  474.39898700  82.13042559  0  0  0 132  1.65398800  0.93247398  0.38807160  0.30434203  3  41  41.813647
51.87599900  572.00402800  473.46200600  100.00000000  0  0  0 190  2.38397100  0.66267427  0.31177520  0.62609076  3  593  66.508115
52.33400000  571.56897000  472.51998900  100.00000000  0  0  0 330  2.04897600  0.68453003  0.35432423  0.81567816  3  482  118.264880
53.45500200  571.05603000  475.40499900  67.62845034  0  0  0 122  2.16999800  0.97972041  0.42940636  0.79155835  3  147  20.990941
53.78500000  571.56402600  473.07699600  100.00000000  0  0  0 333  1.93699600  0.74237860  0.40969051  0.80520873  3  304  108.195850
54.29499800  572.05798300  474.89498900  55.97972150  0  0  0 105  1.68702000  0.92960411  0.44985170  0.77989643  3  70  81.379069
54.72499800  573.75000000  474.05200200  70.73811904  0  0  0 99  2.03602200  0.64248212  0.29894956  0.41637137  3  185  51.781723
54.85100200  573.04998800  472.00399800  100.00000000  0  0  0 269  2.57998000  0.87878966  0.52510323  0.79640062  3  837  39.206018
53.92599900  572.87097200  475.58700600  63.01091621  0  0  0 69  1.67602200  0.99828737  0.31582509  0.76341674  3  90  47.760819
53.23700000  573.01098600  474.26699800  81.75206067  0  0  0 270  2.05201600  0.71611854  0.49612999  0.78372518  3  254  108.722345
53.81499900  573.75799600  473.11300700  100.00000000  0  0  0 316  2.23901700  0.85235514  0.48128152  0.57822454  3  460  63.984780
51.91000000  573.30700700  473.11099200  68.52112192  0  0  0 193  2.04598600  0.82331707  0.45136967  0.24143174  3  328  116.773827
52.47100100  574.62298600  472.57000700  94.28979080  0  0  0 350  2.47499900  1.03156613  0.52553581  0.40751075  3  457  37.588810
54.14300200  574.72998000  472.98498500  94.36246911  0  0  0 142  2.50197500  0.82862888  0.38314076  0.37788142  3  483  118.462768
