0
41
0
0
0
30
0
0
0
30
0
30
30
0
0
13
0
0
19
0
0
0
0
0
0
0
0
0
0
0
0
38
0
62
0
0
30
27
0
0
0
0
0
0
41
0
0
0
0
30
30
0
0
0
0
0
0
0
30
0
0
74
0
0
30
0
0
0
0
0
0
0
0
0
0
0
0
82
0
0
84
0
0
0
0
0
0
79
0
0
0
0
0
0
110
0
0
0
0
0
0
0
0
114
0
0
0
104
0
114
0
0
0
0
0
0
0
0
0
0
0
75
0
0
0
0
0
0
135
0
0
0
0
0
0
0
0
0
0
0
0
0
0
0
0
0
147
0
0
142
0
0
0
0
0
0
0
0
0
0
155
0
0
0
0
0
0
248
0
0
0
174
0
0
0
0
0
0
0
0
181
0
0
0
0
0
0
0
0
0
0
0
0
0
0
0
0
0
0
0
0
0
0
210
0
0
0
2070
0
0
0
0
0
0
0
0
0
0
2059
0
0
0
0
0
0
0
0
0
0
228
0
0
0
0
0
0
0
163
0
0
0
0
0
0
0
0
0
0
0
0
0
0
0
0
0
0
0
223
0
0
0
0
0
0
0
0
0
0
223
0
2070
0
1753
0
0
0
202
0
0
0
0
0
0
0
0
0
0
0
0
0
0
0
293
0
295
0
0
499
667
648
665
665
2093
293
652
667
2093
1015
2173
524
556
528
528
2085
532
533
535
537
654
539
540
533
654
642
654
548
533
559
654
919
919
533
559
723
710
563
564
565
566
571
572
565
533
575
577
823
579
2105
581
584
823
793
587
2092
815
594
749
802
598
600
601
847
603
1083
815
901
631
608
609
815
916
581
795
615
603
931
533
723
622
723
631
955
626
955
823
2079
1052
953
723
916
723
642
718
648
652
654
710
919
709
667
691
696
937
698
685
710
691
709
937
696
698
691
914
937
703
696
696
916
709
710
908
915
832
718
685
723
703
728
730
626
732
733
734
608
749
751
769
792
2079
757
795
759
749
885
772
857
795
772
806
581
795
798
823
802
703
807
823
832
696
685
906
908
914
915
916
919
926
915
1013
1013
1020
1043
1013
1036
1057
1042
1043
1044
807
1052
1053
1054
1057
1062
1073
1057
1080
505
556
556
556
642
636
642
642
291
505
505
1052
0
2093
2093
702
667
702
0
2195
0
0
0
0
0
0
510
0
0
0
0
0
0
0
0
0
815
0
556
556
528
0
0
0
2085
0
0
0
0
548
0
654
0
0
2085
533
499
654
642
654
556
0
533
559
556
654
919
919
0
0
533
587
0
723
572
710
0
0
0
0
0
0
642
654
0
0
565
533
0
577
0
823
0
2105
0
600
0
0
823
793
0
2092
2079
2092
0
815
0
0
615
749
802
0
2124
0
0
847
0
1083
815
901
631
0
0
815
0
916
581
795
0
792
806
603
931
533
723
0
723
631
955
0
955
823
2079
1052
0
953
723
916
723
0
648
642
665
665
648
0
642
291
2093
505
293
0
718
648
685
0
642
0
685
2093
2093
710
652
654
709
667
919
709
0
683
0
2093
915
698
505
691
702
696
937
906
718
2093
683
714
714
698
0
915
0
714
710
959
683
714
0
702
2093
709
937
0
915
0
691
914
937
0
0
696
696
696
714
916
0
0
702
988
908
0
915
698
832
0
760
702
685
0
0
736
665
0
703
0
702
0
626
0
0
0
722
0
0
0
0
0
0
0
760
781
0
608
0
0
0
781
0
792
862
769
792
2079
0
795
0
0
826
749
608
827
885
772
757
857
0
751
795
0
782
751
1159
806
691
792
785
608
0
0
787
581
0
795
0
795
806
857
787
0
0
806
0
802
787
0
802
823
608
0
901
1199
703
0
0
795
807
807
733
733
0
806
0
0
0
0
0
0
802
0
0
0
0
0
0
0
0
0
0
0
0
0
857
1194
0
0
0
0
1147
840
0
751
0
795
0
792
792
1161
0
857
901
856
751
0
0
782
782
1257
1223
0
857
857
787
883
925
885
1215
0
873
0
0
1223
888
888
1253
888
1191
813
902
1185
0
1159
0
911
925
0
1238
1201
895
925
925
883
0
1201
1223
1185
696
685
0
0
883
815
955
0
782
0
902
1201
0
873
959
0
0
0
718
931
0
969
960
926
937
959
0
0
955
970
1316
915
0
942
1316
960
955
902
0
947
931
1301
942
0
942
964
963
807
0
0
718
1330
948
960
0
942
0
959
937
966
0
0
953
1301
0
0
963
0
959
1320
0
0
969
1312
1365
983
1312
959
948
937
959
984
1316
955
0
0
1311
1344
996
0
1303
1311
1005
1301
1356
959
1379
0
983
0
953
1356
1356
1356
0
0
0
937
1052
1052
1013
996
0
0
0
1040
0
2173
1379
1052
2205
0
1043
1052
1044
1057
0
1011
2171
1059
1013
0
0
0
0
996
0
0
0
0
1057
0
0
0
0
0
1085
807
1040
0
1059
1059
0
0
0
0
0
1078
0
0
0
0
1078
0
0
0
1104
0
0
0
0
0
0
0
0
1057
0
0
1086
0
0
0
1109
0
0
1078
0
0
0
0
0
0
1109
0
0
1145
0
0
0
1707
0
0
0
1128
0
0
1086
0
0
0
0
0
0
0
1116
0
1108
0
0
1096
1684
0
1337
1679
0
0
911
0
1132
0
0
0
0
0
0
0
0
1134
1116
0
0
0
0
0
1147
0
0
1185
0
1275
1134
0
0
0
1707
870
0
1212
1186
1205
0
873
0
895
787
873
1268
792
1191
1290
885
1199
1128
1186
795
787
0
782
0
901
0
1238
1426
1183
0
1268
0
0
1260
0
1426
1251
0
1194
1238
0
1257
1199
1185
1436
0
873
0
911
1424
815
0
0
1423
0
0
0
0
0
1210
1314
0
0
1251
0
0
0
1412
0
0
1498
0
0
1208
1251
1205
0
0
1275
0
1253
1260
1223
0
0
0
1268
873
1436
1337
0
1159
1159
1286
1479
1194
1251
0
1274
0
1257
870
1426
0
1479
888
0
1274
1290
1290
1426
1260
1474
1194
0
1199
1191
1314
1201
1161
0
0
1251
1278
0
1268
1274
1314
873
1205
895
1251
0
1268
1289
0
0
1316
1436
1337
998
1344
1319
1337
1371
1191
1319
0
988
0
1316
1268
1312
1552
966
1379
1340
0
0
1320
0
1325
0
1312
1344
0
0
1326
1371
1377
1601
0
0
1329
1344
0
0
1349
1311
983
908
1378
1409
0
1325
1552
0
1311
1349
998
0
1319
1552
1377
1326
0
1311
1371
1201
1368
1409
1368
0
1566
1325
1319
1365
1409
1311
1630
1368
0
1552
1378
0
1311
1375
0
1211
1601
1375
0
1552
0
0
0
1375
1326
1591
1326
1371
1400
1391
1601
1400
1377
0
0
1638
1553
0
0
1641
1371
1365
0
0
1601
0
1139
0
0
0
0
0
0
0
1365
0
0
1268
0
0
1803
0
0
1447
1498
1429
0
0
1511
0
1455
1447
0
1436
0
1409
1257
1531
1479
0
1455
1474
1531
1500
1500
1474
1543
1479
1274
1205
0
1290
1455
0
1455
0
1793
1479
0
1474
1590
1479
0
1211
1447
1587
1238
1790
1513
1480
1480
1474
1511
1852
1447
1447
0
0
1512
0
0
0
0
0
0
0
0
0
0
1478
1407
0
0
0
0
0
1407
0
0
1478
0
0
0
0
1843
0
1447
0
1513
0
0
0
1447
1838
0
0
0
1513
1497
1513
1537
1537
0
1618
1455
1817
1842
1529
1893
1537
1537
1314
0
0
0
1793
1480
1843
1842
1854
0
1513
1827
1570
1939
1455
0
1479
1552
0
1201
1570
1201
1552
1649
0
0
1513
1610
1371
1827
1875
1610
1344
1601
1610
1565
1319
0
0
1319
1638
1591
0
1319
1949
1303
0
1618
1344
1319
1641
1601
0
1590
1574
1908
0
1590
1638
0
1368
1638
0
0
1319
1488
1580
1590
1601
1993
0
1409
0
0
0
1957
1610
1908
1590
1409
1618
1641
0
1375
1773
1391
1368
1590
1618
1565
0
1344
1610
1908
1601
1653
1601
1649
1610
1512
1601
1661
0
1773
1653
1773
1773
1565
1681
1681
0
1993
1391
0
1692
1391
1652
1652
0
0
1676
0
1653
1692
0
0
1653
1647
0
0
1649
1676
1681
0
1932
1661
1661
1695
1652
1630
1649
1694
1652
1681
1707
0
0
0
0
0
1680
0
0
0
1681
0
0
1580
1661
0
0
0
0
0
0
0
0
0
0
1702
0
0
1707
1945
0
0
0
0
0
0
0
0
1732
0
0
0
0
0
0
0
0
0
0
0
0
0
0
0
0
0
0
0
0
0
0
0
0
0
0
0
0
0
0
0
0
0
0
0
0
0
0
0
0
0
0
0
0
0
0
0
0
0
0
0
0
0
0
0
0
0
3101
0
0
0
0
0
1850
0
1799
1775
0
0
0
0
0
1827
0
0
0
1793
1782
0
0
1497
1880
0
0
1905
0
0
1497
0
0
1803
1827
0
1934
0
1552
1570
1618
1827
1877
1570
1553
1878
0
1570
1793
0
1854
1553
1803
1875
1790
1906
1878
1842
1827
0
1817
1872
0
1618
1906
1803
2501
1852
1827
1553
0
1984
1817
1890
0
0
0
1984
1984
0
1854
1895
0
1877
0
0
0
0
0
2501
1553
0
0
0
0
0
0
0
0
0
0
0
0
1883
0
0
2392
0
0
0
0
0
0
1893
1854
0
1790
0
0
0
0
0
0
1939
1854
0
2486
0
0
1880
2390
1854
0
0
1934
0
0
0
0
1877
0
1934
1854
2501
1854
1854
2501
0
1827
1906
2415
1934
0
1537
1950
0
0
2501
1877
1552
1987
0
1915
1950
0
2024
0
1950
1950
1993
1630
0
1661
1641
1988
0
0
0
0
1962
1952
0
0
2558
0
1993
1973
0
1944
0
2375
1591
1993
0
0
2024
2531
1962
1781
2526
1932
2020
0
1580
1993
0
2503
1781
1973
1988
2433
1580
1895
1908
1984
1638
0
2579
1944
0
0
2570
2579
2533
2503
0
2531
2533
2579
2503
2533
1988
2536
2536
2023
1988
2526
2497
2023
1950
0
1949
2008
2533
2536
2533
2409
2566
1946
1944
1867
2548
0
0
2607
0
0
2029
2549
2008
1944
0
2531
1869
0
2023
2587
2023
2630
0
2023
2376
0
2536
2607
2536
0
2639
0
0
1904
2465
2478
2549
0
0
0
0
2063
0
0
0
0
0
0
0
0
0
0
0
0
0
0
0
0
0
1753
0
0
2205
598
0
540
559
2088
0
2085
0
2087
0
0
0
532
0
0
0
648
556
499
696
0
556
2102
2102
0
0
0
0
749
0
0
0
587
572
0
0
0
0
564
0
0
0
0
575
0
2125
0
0
0
524
572
0
824
0
0
0
0
0
0
0
0
0
0
0
0
2164
2166
2167
2169
2170
2173
1537
2174
0
0
2177
2170
0
2179
2181
2186
2190
2187
2194
2195
0
0
2164
0
0
0
0
0
0
0
0
0
0
2182
0
2170
0
0
0
0
2185
0
0
0
0
0
0
0
0
0
110
0
0
0
2194
0
0
286
0
0
2173
0
0
0
0
0
0
0
0
0
0
0
0
0
0
2204
0
0
0
0
0
0
0
0
0
0
0
0
0
0
0
0
0
0
0
0
0
0
0
0
2321
0
0
0
0
0
0
0
0
0
0
0
0
2271
2330
0
2227
0
0
0
0
0
0
2286
0
2285
0
0
0
0
0
0
2228
0
0
0
0
0
2228
0
0
0
0
0
0
0
0
0
0
0
0
0
0
2302
0
0
0
0
0
0
0
2293
0
0
0
0
0
2188
0
0
0
0
0
0
0
0
0
0
0
0
0
0
0
0
0
0
0
0
0
0
0
0
0
0
2347
2349
0
0
2351
2347
0
0
2349
0
0
0
0
0
0
0
0
0
0
0
0
2370
0
0
0
2349
0
0
2370
0
0
0
0
0
0
2370
0
0
0
0
2485
0
0
0
0
0
0
0
0
0
0
2046
2453
0
2406
0
2485
2023
0
1901
0
0
2488
2478
0
0
2409
2455
2046
0
1872
0
0
0
1893
2406
0
2421
0
2733
2390
2406
1893
1877
0
2702
0
1890
2493
2433
2704
1852
2702
0
2701
2409
0
0
0
0
1890
0
0
0
2501
0
0
2490
0
0
0
0
0
2480
0
2483
0
2421
0
0
2423
2423
0
2485
0
0
2433
2490
0
0
1901
1934
2479
0
0
2729
2421
0
2770
1906
2448
0
0
0
0
0
0
2423
0
0
2501
0
0
0
2433
2729
0
2479
0
2480
0
0
2629
2423
0
0
0
2503
2533
0
0
2783
0
1988
2636
2526
2606
1988
2705
2636
2719
2503
2409
2705
2503
2592
0
2792
2579
0
2497
2636
2526
2606
0
2615
0
2632
2579
0
2531
2023
2620
0
2375
2545
1962
2533
0
2566
2548
0
0
2572
2531
2702
2820
0
2029
2029
2531
0
2375
2570
2536
2587
2572
2631
2645
0
2029
2648
0
0
1988
0
2376
0
2578
2023
2531
0
0
2578
2652
2579
2819
2819
2829
2601
0
2629
2783
0
2579
0
2526
2536
2606
2592
2801
2601
2636
2636
0
2592
2020
2606
2870
0
0
2792
2629
2531
2548
2548
2645
2620
0
2615
2526
2572
2587
0
2642
2531
2503
2606
2815
2648
2842
2620
0
0
0
0
2607
2548
2607
0
0
2816
0
2620
2645
0
2648
0
0
2607
2531
0
2554
2548
2637
0
2447
0
2451
2890
0
2554
2652
0
0
0
0
0
0
0
0
0
2705
0
0
0
0
0
0
0
0
0
0
0
0
0
0
0
0
0
0
2392
2483
2448
0
0
2760
0
2392
0
2733
0
0
0
0
0
2488
0
0
2470
0
2493
2488
2390
2485
2771
2488
2726
2702
0
2481
2470
0
2771
2409
2486
0
2486
3079
0
0
3095
0
0
0
0
0
0
2702
3079
0
0
0
0
0
0
0
0
0
0
2921
0
0
0
0
2771
0
2480
0
0
2917
2719
2770
0
2764
0
3079
0
2767
2981
0
0
2913
0
0
2771
2664
3005
2907
2914
0
2974
2792
2783
0
2590
0
2979
2592
2783
2842
2819
2803
2606
2936
0
2862
0
2819
2803
2606
2526
2829
2579
0
3092
0
0
2801
2829
2548
2801
2645
2639
2631
2884
2803
2606
0
0
2820
2631
0
0
2606
2857
2632
2637
2877
2860
2937
3123
0
2963
0
0
2842
2829
2815
2842
2631
2648
2632
2648
3124
0
2639
2607
2637
2607
2896
2885
2858
2607
2877
3095
2637
2632
2890
2862
0
0
2631
0
2819
0
2637
3097
2637
3079
2629
2801
2819
0
2606
2783
3088
2783
2629
2801
0
2924
2783
3127
2815
2951
2820
0
0
2820
2924
2949
2959
0
2924
2636
2952
0
2959
0
2890
0
0
0
0
0
0
0
0
2704
0
2770
2921
3091
2914
2770
0
0
2729
2719
0
0
2771
0
0
2801
2953
0
2937
2941
2930
3104
2941
0
3104
2936
0
2933
2945
0
0
2933
2941
2953
0
2953
2944
0
0
2951
2964
2930
0
3138
0
0
0
3140
3123
2957
0
0
0
0
0
0
0
0
2957
0
0
0
0
0
0
0
0
0
2937
0
0
3034
0
0
0
0
2981
0
2999
0
0
2770
0
0
2770
0
2764
2999
0
0
0
2726
0
2719
3014
2702
3064
3040
0
3007
0
3024
2981
2917
0
2770
3288
0
3005
0
0
0
2719
2917
2974
2981
0
0
0
0
0
0
0
0
0
0
0
0
0
0
0
0
0
0
0
3277
0
3238
0
3229
0
0
3225
0
3274
3048
3282
3323
3060
0
3074
3274
3060
0
0
3286
3060
0
0
0
0
3226
3226
3074
0
3284
0
0
3077
3091
0
0
0
3105
0
3092
3088
3090
2819
2842
3153
0
0
0
0
0
3097
2771
0
3159
0
3103
3101
3090
0
3089
0
0
0
3117
3077
3162
3162
2771
2862
2862
3140
3132
2964
3127
0
2862
2842
3140
3127
0
0
0
2959
0
0
2963
3104
3161
0
0
3149
3188
3139
0
0
0
0
0
0
3138
0
2877
3127
3168
3168
3161
0
0
0
0
0
3150
0
3171
0
3251
0
3162
0
0
3103
3596
3190
0
0
0
3090
0
0
3366
0
3077
3241
3291
3137
0
0
3168
0
0
3241
0
3288
0
3139
0
0
0
0
0
0
3397
0
3184
0
0
0
0
0
3184
0
0
0
0
0
0
0
3302
0
0
0
0
0
0
0
0
0
0
3220
3284
0
0
0
0
3288
3048
0
0
0
0
0
3332
0
0
3344
0
0
3288
0
3288
3366
3331
3366
0
0
0
3255
0
0
0
0
3241
0
0
0
0
3257
0
3595
0
0
0
0
3260
0
0
0
0
0
0
0
0
0
6133
0
0
0
0
3332
0
3288
0
6142
0
3286
0
3074
0
0
3331
3294
0
3294
3091
0
3091
3343
0
0
0
0
0
0
0
3315
0
0
0
0
0
0
0
0
3288
3331
3091
0
3238
0
3226
0
3355
3356
0
3375
0
0
3343
0
0
3340
0
0
3288
0
3340
0
0
0
0
0
0
0
0
0
0
0
0
0
0
6242
3288
0
0
3343
3375
3375
0
0
3361
0
3370
3369
0
3370
0
0
0
0
0
0
0
0
0
0
0
0
0
0
0
0
0
0
0
0
0
0
0
0
0
0
0
0
0
0
0
6163
0
0
0
0
0
0
0
0
0
0
3429
0
0
0
0
0
0
0
0
0
0
0
0
0
0
0
0
0
0
0
0
0
0
0
0
0
0
0
0
0
0
0
0
0
0
0
0
0
0
0
0
0
3579
0
0
0
0
3569
0
0
3449
0
0
0
3468
0
0
3462
0
0
3459
0
3475
0
0
0
0
0
3496
0
0
0
0
3494
0
0
0
0
0
0
0
0
0
0
0
0
0
0
0
0
0
0
0
3549
0
0
0
3436
0
0
0
0
0
0
0
3519
0
0
0
0
0
0
0
0
0
0
0
0
0
0
0
0
0
0
0
0
0
0
0
0
0
0
0
0
0
0
0
0
0
0
0
3574
3559
0
0
3546
0
0
0
0
0
0
0
0
0
0
0
0
0
0
0
0
0
0
0
0
0
0
0
0
0
0
0
0
0
0
0
0
0
3588
0
0
0
0
0
0
0
0
0
0
0
0
0
0
3603
0
0
0
0
0
0
0
0
0
0
0
0
0
0
0
0
0
0
0
0
3624
0
0
0
0
0
0
0
0
0
0
0
0
0
0
0
0
0
3639
3660
201
0
0
3650
0
0
0
0
0
0
0
0
0
3685
0
0
3652
244
0
0
0
0
0
0
3640
0
0
0
0
0
0
0
0
3677
0
0
0
0
0
0
0
3727
3699
0
0
0
3705
3727
3705
3727
3727
3699
3699
3699
0
0
0
0
3727
0
0
0
0
3731
3727
3727
3727
3735
3705
0
3700
0
3720
0
0
0
3727
0
0
0
0
0
0
0
3699
0
0
3722
0
0
0
3705
0
0
3705
3727
3705
3727
3727
0
0
3707
0
0
0
0
0
0
0
0
0
0
0
3761
0
0
0
0
0
0
0
0
0
3769
0
0
0
0
0
0
0
0
3779
3789
0
0
0
0
0
0
3797
0
0
0
0
0
0
0
0
0
0
0
0
0
0
0
3761
0
0
0
0
0
0
0
0
0
3761
0
0
0
0
3806
5230
0
0
0
0
4077
0
5206
0
0
0
0
0
0
0
0
0
0
0
0
0
0
0
0
0
0
0
0
0
0
0
0
0
0
0
0
0
0
0
0
0
0
0
0
0
0
0
0
0
0
0
0
0
0
5112
0
0
3916
3876
0
0
0
3877
0
3900
3928
6631
3900
3988
0
3980
3993
3999
3901
6662
3993
3916
3904
3918
5108
3941
6611
3901
0
0
3886
6601
0
3928
3934
3876
3916
3904
5116
3938
3886
3922
0
3924
0
5112
0
3985
6760
3977
0
5112
0
3904
0
0
0
4383
0
3924
0
3918
0
5116
6760
4219
0
0
3904
0
5105
0
0
5116
5105
3918
0
0
3939
3973
5145
0
0
3964
0
0
0
0
0
0
0
0
0
0
0
7604
3981
0
5132
0
0
0
3969
0
3977
0
3981
0
0
0
3981
3986
0
0
0
3986
0
10210
5222
0
0
0
5222
0
0
0
5222
0
7195
5222
0
4006
0
0
0
0
0
0
0
0
0
0
0
0
5065
0
0
4017
4029
0
0
4018
0
0
0
0
4462
0
0
10162
11564
0
0
4026
0
4040
4018
3830
0
11556
0
0
0
0
0
0
0
0
0
0
0
4955
0
4192
4467
4467
0
4050
0
4467
0
0
0
4179
0
4457
0
0
0
4070
5253
0
0
4060
0
0
0
0
4190
0
4090
0
0
0
0
0
0
0
0
0
0
0
0
0
0
0
0
0
0
0
4100
0
0
0
0
0
0
0
0
0
0
0
4104
0
0
0
0
0
0
0
0
0
0
0
0
0
0
0
0
0
0
0
0
0
0
0
4147
0
0
0
0
0
0
0
0
0
0
0
4383
4383
4171
0
0
0
0
0
0
4090
0
0
4301
0
0
0
0
0
4240
4157
0
0
4054
0
0
5253
0
4305
0
0
5187
5187
5253
7206
4050
7195
0
0
0
4279
0
0
0
5222
4248
0
4201
0
0
0
0
0
0
0
0
4235
0
0
0
7197
0
4838
0
0
0
0
0
0
4447
0
0
4355
3854
6797
4778
0
4232
0
0
0
6790
4234
0
4190
0
0
0
0
4228
3867
0
4523
0
4258
0
5260
0
0
0
4229
4946
7231
7219
4333
4276
0
4260
0
0
0
0
0
4917
4276
4334
0
4917
4276
4281
4278
4274
0
0
0
0
0
0
0
0
0
4276
0
0
4086
0
0
4260
0
0
0
0
0
0
4273
0
0
4458
0
4163
4303
0
0
4837
0
4197
0
4203
0
4467
4197
4050
0
4447
4327
4773
3941
0
4760
0
0
0
0
3854
0
4327
4260
4811
0
0
4785
4982
0
4814
0
0
4318
4333
4328
4760
4331
4806
4229
4982
0
4347
0
4210
0
0
4259
0
0
0
4234
0
0
4345
4259
0
0
0
4854
4860
6856
3943
3943
0
4345
0
3934
3944
3944
4872
0
4387
4383
0
4387
4391
0
0
4394
4388
0
0
4391
4394
0
0
4379
4388
0
4384
5143
0
0
0
4857
4872
4864
4359
0
0
0
6843
4409
4854
4360
0
0
4856
0
0
4348
0
0
0
0
0
0
0
0
0
0
0
0
4429
0
4437
0
0
0
4433
0
4430
4430
4433
0
0
0
4963
0
4785
4774
0
4783
7635
0
0
4333
0
0
0
0
4307
0
0
0
0
0
0
4492
0
11534
0
0
0
0
0
0
0
0
0
0
0
0
4475
4490
0
0
0
0
0
0
0
4481
4483
4481
0
4517
0
0
0
0
0
0
0
0
0
0
0
0
0
0
4524
0
0
0
0
0
0
0
0
0
0
0
0
0
0
0
0
4517
0
0
0
0
0
0
0
0
0
0
0
0
0
0
0
0
0
0
0
0
0
0
0
0
0
0
0
0
0
0
0
0
0
0
0
0
0
0
0
0
0
0
0
0
0
0
0
0
4585
0
0
0
0
0
0
0
0
0
0
0
0
0
0
0
0
0
0
0
0
0
0
0
0
0
0
0
0
0
0
0
0
0
0
0
0
0
0
0
0
0
0
0
0
0
0
0
0
0
0
0
0
0
0
0
0
0
0
0
0
0
0
0
0
0
0
0
0
0
0
0
0
0
0
0
0
0
0
4650
0
0
0
0
0
0
0
0
0
0
0
0
0
0
0
0
0
0
0
0
0
0
0
0
0
4655
0
0
0
0
0
0
0
0
4655
0
0
0
0
0
0
0
0
0
0
0
0
0
0
0
0
0
0
0
0
0
0
0
0
0
0
0
0
0
0
0
0
0
0
4720
0
0
0
0
0
0
0
0
0
0
0
0
0
0
0
0
0
0
0
0
0
0
0
0
0
0
0
0
0
0
0
0
0
0
4757
0
0
0
0
4934
0
0
0
0
4773
4348
4944
4321
4939
5223
5037
4783
4783
0
0
5223
4994
4946
0
4946
4778
4963
4773
0
4939
0
0
4946
4982
0
0
4276
4786
0
0
0
0
0
0
0
0
0
0
0
0
4285
0
0
4801
0
0
0
4331
0
0
0
4806
4207
0
0
0
0
0
0
0
6885
4978
7614
7249
4918
7035
4811
0
0
4285
0
0
0
0
7258
0
4328
6818
0
7516
0
4360
0
4858
0
4360
4856
0
4856
0
4865
0
0
0
0
0
4347
0
4409
0
0
4345
4870
5183
4859
0
5183
0
4876
4862
4891
0
5222
4366
0
5103
5233
4860
0
4879
0
5238
4891
4883
0
5196
0
5230
5238
4889
4904
0
4918
4905
0
7614
4907
4904
0
0
0
4832
0
0
0
0
4914
4824
4926
0
4824
0
0
0
0
4919
0
0
0
4922
0
0
5223
4922
4916
0
5040
4934
7582
0
4773
4963
4963
4783
0
4948
0
4961
0
0
4832
0
0
0
4778
4946
5000
4955
0
4334
0
0
4334
7562
0
4319
0
4978
0
4963
4994
4971
4963
4275
4955
4977
0
5000
5000
4760
5205
4977
0
0
4785
4992
4783
0
0
4992
4963
5000
4978
4947
0
4953
0
0
0
0
4832
5024
5005
4993
0
0
0
4832
0
0
0
0
4288
4994
4836
4281
4977
4832
0
0
0
4778
4011
5006
5223
0
4013
5031
0
0
4832
4026
7195
5206
4961
4068
0
0
5037
7197
5003
0
0
4074
5045
0
0
4492
4068
0
0
0
7197
0
0
0
0
4994
7206
4994
4015
7206
3832
4785
4783
4492
3829
5187
0
5253
0
4004
7228
4029
5230
5045
4948
5051
0
5000
7220
5187
4961
0
0
0
7228
5080
6611
6371
5078
7195
5108
5120
5121
7231
5049
5093
0
5121
5105
5120
7228
0
5045
5196
5188
5103
0
5112
0
3938
3876
0
5105
3876
3886
0
5116
5098
4891
0
3829
0
5187
0
0
5121
0
0
0
5147
0
0
0
3876
0
0
0
5163
0
5143
0
5128
0
0
0
5161
0
5161
0
0
0
0
0
0
0
5162
5146
5148
5172
5146
0
5162
0
5159
0
0
0
0
5168
0
0
0
5159
5157
5172
0
3829
5093
5121
5120
7228
4889
5183
5196
4046
5183
0
0
5120
5235
0
0
0
5093
5196
0
5093
0
5196
0
4889
0
0
5121
0
0
0
0
0
0
5032
0
0
0
0
0
5222
4068
0
0
0
5183
5222
0
4186
0
0
5228
0
5230
5228
0
5265
0
5265
5228
0
0
0
0
5093
0
5258
0
5093
5230
0
5258
5230
5228
7228
5240
5228
5228
0
5230
0
5230
3867
5243
0
0
4453
0
3867
5243
5265
5265
0
0
3867
5240
5215
5243
5260
0
5265
0
5230
5215
0
0
4447
0
5003
5284
0
0
0
0
0
0
0
0
0
0
0
0
0
0
0
0
5306
0
0
0
0
5332
5306
0
5286
0
0
5309
5315
0
0
0
0
5309
0
0
0
0
5322
0
0
5292
0
5317
0
5292
0
5312
5344
0
0
0
0
0
0
0
0
0
5342
0
0
0
0
5335
0
5335
0
0
0
0
0
0
0
0
0
0
0
0
0
0
0
0
0
0
0
0
0
5371
0
0
0
0
0
0
0
0
0
0
0
0
0
0
0
0
0
0
5574
0
0
0
0
0
0
5429
0
0
0
0
0
0
5402
0
0
0
5378
5402
0
0
5401
0
5400
5400
0
0
5420
5409
0
0
0
5438
5429
0
0
0
0
0
0
5420
0
0
5428
0
0
5435
5409
0
0
5448
0
0
0
0
0
0
0
0
0
0
0
0
0
0
0
0
0
0
0
0
0
0
0
0
5469
0
0
0
0
0
0
0
0
0
0
0
0
0
0
0
0
0
0
0
0
0
0
0
0
0
7738
5589
0
0
0
0
5503
5502
0
0
5503
0
0
0
0
5530
0
0
0
0
0
0
0
0
0
0
5530
0
0
0
0
0
0
0
0
0
0
5510
0
0
0
0
0
5594
0
0
0
0
5594
0
0
0
0
0
0
0
0
5547
0
0
0
0
0
0
5598
0
0
0
0
0
5565
5583
0
0
0
5579
0
0
0
0
5526
0
0
0
0
0
0
0
0
0
0
5546
0
0
0
0
0
0
0
5618
0
5618
0
0
0
0
0
0
5705
0
0
0
0
0
0
5742
0
0
0
0
0
0
0
0
0
0
5717
0
0
0
0
0
0
0
0
0
0
0
0
0
0
0
0
0
0
0
0
5636
0
5643
0
0
0
5651
5661
0
0
5647
0
0
0
0
0
0
0
0
5661
0
0
0
0
0
5583
0
5383
0
0
0
0
0
5755
0
0
0
5636
0
0
0
0
0
0
0
0
0
0
0
0
0
0
0
0
0
0
0
0
0
0
0
0
0
5705
0
0
0
0
0
0
0
0
0
0
0
0
0
0
0
0
0
0
0
0
0
0
0
0
0
0
0
0
0
0
0
0
0
0
0
0
0
0
0
0
0
0
0
0
0
0
0
0
5745
0
0
0
0
0
0
0
5779
0
0
0
0
5807
0
0
0
0
0
0
0
0
0
0
0
0
0
0
0
0
0
5937
0
5803
0
0
0
0
0
5791
5952
0
5807
0
0
5762
0
5976
0
0
0
5920
0
0
0
5908
0
0
0
0
0
0
0
0
5920
5912
0
0
0
0
5934
0
0
0
0
0
0
0
6251
5837
0
5855
6256
0
5867
6252
5888
0
0
5842
5858
5861
0
0
0
5844
5848
5897
0
0
0
5885
0
6230
0
0
0
6186
0
0
5898
0
5982
5897
6251
0
0
0
5837
5982
6021
0
6018
5867
5897
5858
6017
5861
5888
6098
6074
5806
6278
5885
6074
0
5848
0
0
5897
0
0
0
5861
0
0
0
0
0
5867
0
5855
0
0
0
0
0
5938
0
0
0
0
0
0
0
5920
0
0
0
0
0
0
5977
0
5920
0
6340
0
0
5976
5946
0
0
5940
0
0
5812
0
0
0
0
0
0
5961
0
0
0
0
5941
0
0
0
0
0
0
0
0
0
0
0
0
0
0
0
0
0
0
0
0
0
0
0
0
5912
0
0
0
0
5803
0
5976
5912
0
0
5976
0
5852
6364
5898
6098
0
5852
6355
6020
5912
5912
5920
6023
0
6361
6278
6018
6017
6078
6043
5903
6093
5912
5903
5985
5827
6020
5982
5982
6363
5903
5858
0
0
5890
0
0
6020
0
5903
6360
6074
5865
6020
6098
5931
6043
6077
6103
6363
5982
5982
6052
5976
5885
5842
6098
6017
0
5982
5885
6018
5865
0
6048
0
0
0
5896
6043
0
5896
5855
6048
6077
6388
6566
0
6078
0
5982
0
6103
6366
6052
5888
6078
0
6357
0
6077
6098
0
0
6074
0
6366
6043
6048
6355
5885
6366
6100
6100
6364
0
6581
5903
0
6581
6098
5855
6366
0
6090
0
0
5903
0
0
5964
0
0
0
0
0
0
0
0
0
0
0
0
0
0
0
0
0
0
0
0
0
0
6118
0
6147
0
0
0
6138
6117
6133
0
0
0
0
0
0
6165
0
0
0
0
0
0
0
6230
0
0
6165
0
6260
6262
0
0
0
6251
0
0
6158
0
6167
0
5838
6263
6258
0
6263
6263
6258
6183
0
0
5838
6186
6278
0
6193
0
0
0
0
6273
0
0
5871
0
0
0
0
6158
0
6277
6160
0
6121
6185
6184
0
6184
0
0
0
0
0
0
0
0
0
0
0
0
6165
0
0
0
0
0
0
0
0
0
0
0
0
0
0
0
0
0
0
0
0
0
0
0
0
0
0
0
0
0
0
0
0
6254
0
0
5890
0
6256
0
6158
0
6218
0
6177
0
0
6235
5858
0
6162
5838
6251
5854
6184
5830
0
5854
5861
6273
0
0
0
0
0
0
0
0
0
0
0
0
0
0
0
0
0
0
0
0
0
7734
0
0
0
0
0
0
0
0
0
0
0
0
6635
0
6312
0
6763
0
0
0
0
0
0
0
0
0
0
0
0
0
0
0
0
0
0
0
0
0
0
0
6342
0
0
0
0
0
0
0
5912
6487
6355
6559
6361
6357
6048
6355
0
6595
0
6364
6052
0
0
6589
0
0
6021
0
6363
6371
6581
6581
0
6589
6364
6376
6613
0
6104
0
6103
6635
6541
6363
6062
6613
6066
0
0
0
0
0
0
6342
6062
6400
0
0
0
0
0
0
0
0
0
6340
0
0
0
6399
0
0
0
6389
0
6500
0
6400
0
0
6432
0
6430
6494
0
0
0
6494
0
0
0
0
0
0
0
6427
0
0
0
6641
0
0
0
0
0
0
0
0
0
0
0
0
0
0
6642
0
0
0
0
0
0
0
0
0
0
0
0
0
0
6467
0
0
0
0
0
5920
0
6464
0
0
6342
6355
6477
0
0
0
6355
0
0
0
6556
6521
6494
0
0
0
6530
0
6078
6078
0
0
0
6716
6508
6521
6355
0
0
0
6704
6538
6716
6705
6405
6500
0
0
6538
6530
0
0
0
6529
6357
6529
0
6357
6595
0
0
0
6589
6593
6557
0
6021
6357
6363
0
6570
6547
0
6603
6508
6371
6363
6547
0
6570
6052
6593
6376
6052
6589
6599
6581
0
0
6529
0
6360
6563
6360
0
6581
6596
0
6563
6557
6632
0
5108
6376
6603
6611
6454
6566
6597
6454
6611
6598
0
6593
6597
0
6388
6603
5108
6631
0
6599
6589
6601
0
6376
0
0
0
0
0
6632
0
6366
0
6593
6603
6626
6611
3918
6581
6593
0
6613
0
6603
6589
6589
6623
6597
6754
6581
6611
6623
0
3916
3916
0
6613
6371
6557
6754
0
0
3877
6557
0
3916
6638
0
0
0
0
0
0
0
0
0
0
0
0
0
0
0
0
0
0
0
0
0
0
0
0
0
0
0
0
0
0
0
0
0
0
0
0
0
0
0
0
0
0
0
0
0
0
0
0
6538
6704
6707
0
6711
0
6737
0
6689
0
0
0
0
6755
6705
0
0
0
0
0
0
0
0
0
0
0
0
0
0
6755
0
6748
0
0
6723
6530
0
0
0
0
6754
0
0
0
0
0
0
0
0
0
0
0
0
0
0
0
0
0
0
0
0
0
0
6750
0
3916
6754
3916
0
0
6764
6764
6764
6626
0
3932
3924
0
0
0
0
0
0
0
0
0
0
6771
0
0
0
0
0
0
0
0
0
0
0
0
0
0
0
0
0
6664
0
0
0
0
0
0
0
0
0
0
0
0
0
6866
0
0
6814
0
0
6903
0
0
0
6896
0
0
0
0
0
0
0
0
0
0
0
0
0
0
0
0
0
0
0
0
0
0
0
0
0
0
0
0
0
0
0
0
0
0
0
0
0
0
0
0
0
0
0
0
0
0
0
0
6747
0
0
0
6885
6965
0
6885
6745
0
0
6880
6964
6880
0
0
0
0
0
6745
6965
0
0
0
0
0
6800
6893
0
0
0
6894
0
0
4806
6819
6887
6961
0
0
0
6950
0
0
0
0
0
0
0
0
0
0
0
0
6928
0
0
0
0
0
0
0
0
0
0
0
0
0
0
0
0
0
0
0
0
0
0
0
0
0
0
0
0
0
0
0
0
6959
6932
0
6964
6818
0
0
0
0
7034
0
0
6927
0
0
0
0
7047
7047
0
6962
0
0
0
0
0
0
0
0
0
0
0
0
0
0
0
0
0
0
0
0
0
0
0
0
0
0
0
0
0
0
0
0
0
0
0
0
0
0
0
0
0
0
0
0
0
0
6887
0
0
0
6887
0
0
6962
0
0
7054
6967
0
0
0
7026
0
0
0
0
0
0
0
7040
0
6959
6958
7066
0
0
6956
7054
0
7055
7067
6927
0
0
7035
0
7057
7039
0
0
7055
0
7073
0
0
0
7067
7047
7075
0
7107
0
5005
0
0
7076
7055
7097
0
7107
7097
0
7114
4837
0
0
0
0
7076
0
0
0
7107
7075
7075
0
0
5031
0
7103
0
0
7143
7114
5031
0
7197
7197
7197
0
0
0
0
0
0
0
0
0
0
0
0
0
0
0
0
0
0
0
0
7133
0
0
0
0
0
0
0
0
0
0
0
0
0
0
0
0
0
0
0
0
0
0
0
0
0
0
0
0
0
0
0
0
0
0
0
0
0
0
7166
0
7188
0
0
0
0
7163
7075
0
7143
0
0
7143
7595
7369
7575
7595
0
0
0
7243
7206
7197
0
0
7195
0
7160
7206
7103
5222
0
7107
0
7243
0
0
0
7228
0
0
7237
4058
7243
0
7164
7231
0
0
0
7206
7169
0
0
0
4301
7224
0
0
0
0
7248
7224
0
0
0
0
0
7238
7234
0
0
0
0
7114
0
0
0
0
7220
7614
7575
0
0
0
0
7579
0
7508
7497
7614
0
0
0
0
0
0
0
0
0
0
0
0
0
0
0
0
0
0
0
0
0
0
0
0
0
0
0
0
0
0
0
0
0
0
0
0
0
0
0
0
0
0
0
0
0
0
0
0
0
0
0
0
0
0
0
0
0
6909
0
0
0
0
0
0
0
0
0
0
0
0
0
0
0
0
0
0
0
0
0
0
0
0
0
0
0
0
0
0
0
0
0
0
0
0
0
0
0
0
0
0
7561
0
0
0
0
4760
7375
0
7360
7358
4833
4947
7444
0
0
7358
0
7385
0
0
0
0
7614
0
0
7369
0
0
0
7249
0
0
0
7508
0
0
0
7369
0
7369
0
0
0
0
0
0
0
0
0
0
0
0
0
0
0
0
0
0
0
0
0
0
7427
0
7437
0
0
0
0
0
0
0
0
7430
7437
0
0
0
0
0
7524
7491
0
7658
0
0
0
0
0
0
0
0
0
0
0
0
0
0
0
0
0
0
0
0
0
7483
0
0
7486
0
0
0
0
0
0
0
0
0
7774
7404
7404
0
0
0
0
7500
0
0
0
0
0
0
0
0
0
0
7557
0
0
0
7506
0
4919
0
0
7539
0
7494
7380
0
0
0
0
0
0
7358
0
0
0
0
0
0
0
0
0
7746
0
0
0
0
0
0
0
0
0
0
0
0
0
0
0
7392
0
0
0
0
0
0
0
7500
7645
0
0
0
0
0
0
0
0
0
0
0
0
0
0
0
0
0
5614
0
0
0
0
0
0
7378
0
0
7512
7544
0
7358
0
7404
0
7565
0
7572
4824
0
0
7604
7579
0
0
7575
0
0
4760
0
7358
0
0
0
4833
7579
4824
0
0
7628
7628
7394
0
0
0
0
0
0
0
7628
0
4833
0
7404
0
0
0
4907
0
7628
0
0
0
0
7619
0
0
0
0
0
0
0
0
0
0
0
0
0
0
0
0
0
0
0
0
0
0
0
7428
0
0
0
0
0
0
5755
0
0
5380
0
0
0
0
0
0
0
0
0
0
0
0
0
7729
0
0
0
0
0
0
0
0
0
7699
0
0
0
0
0
7727
7702
0
0
0
0
7702
0
0
0
0
7712
0
0
0
0
0
0
0
7727
7727
0
0
0
0
0
0
0
0
0
7704
0
0
0
0
7738
0
7736
0
8597
0
8073
0
0
0
0
0
0
0
0
0
0
7774
0
0
7938
7506
7944
0
0
0
0
0
0
0
0
0
0
0
0
0
0
0
0
0
9002
0
0
0
0
0
0
0
0
0
0
0
9841
7909
0
0
0
0
0
0
0
0
0
7807
0
7792
0
0
0
0
0
0
0
0
0
0
0
7992
0
0
0
0
0
0
0
0
0
0
0
0
0
0
0
0
0
0
7866
0
0
8010
7830
7794
0
0
0
0
0
0
0
0
0
8010
0
7850
0
0
0
7968
0
0
7821
0
0
7968
7957
0
7854
0
7838
0
0
0
0
0
0
7938
9028
0
0
0
0
0
0
0
7838
0
0
0
0
0
0
0
0
0
0
7894
0
0
8316
0
0
8316
7959
0
0
0
0
7760
0
0
0
0
8335
10038
0
0
0
0
0
0
0
7743
7903
0
0
0
0
0
0
0
0
0
0
0
0
0
0
0
0
0
0
0
0
0
0
0
7506
0
0
0
0
0
0
0
0
0
0
7476
0
0
0
7842
0
7776
0
0
7955
0
0
7967
0
7992
0
0
7817
0
0
7998
7968
0
0
0
0
0
8006
0
0
0
0
0
0
0
0
0
0
0
0
0
0
0
7990
0
0
0
0
0
0
0
0
0
0
0
7996
9008
0
0
8006
0
0
0
0
0
0
0
0
0
0
0
0
0
0
0
0
0
0
0
0
0
0
0
0
8023
0
0
0
0
0
8078
0
8050
0
0
0
0
0
0
0
8051
8051
0
0
0
0
0
0
0
0
0
0
0
0
0
0
0
0
0
0
7776
0
8050
0
0
0
0
0
0
0
0
0
0
8086
0
8080
0
8080
0
0
0
0
0
0
0
0
0
0
0
0
0
0
0
0
0
0
0
0
0
0
8061
0
0
0
0
0
0
0
0
0
0
0
0
0
0
0
0
0
0
0
0
0
0
0
0
0
0
0
0
0
0
0
0
0
8992
0
0
8998
0
0
0
0
0
0
0
0
0
0
0
0
0
0
0
0
0
0
0
0
0
0
0
0
0
0
0
0
0
0
0
0
0
0
0
0
8188
0
0
0
0
0
0
0
0
0
0
0
0
0
0
0
0
0
0
0
0
0
0
0
0
0
0
0
0
0
0
9297
0
0
8556
0
0
0
0
0
0
0
0
0
0
0
0
0
0
0
0
0
0
0
0
0
0
0
0
0
0
0
0
9226
0
0
0
0
7876
0
0
0
0
8292
8348
0
8274
0
8329
19178
0
0
0
0
0
0
8281
0
0
8266
8261
0
8288
8452
0
0
0
8432
0
8311
0
0
0
0
0
0
0
8430
0
8334
0
8453
8309
0
0
0
8334
0
0
0
0
0
0
0
0
0
0
8312
0
0
0
0
0
0
0
0
8453
0
0
0
0
0
0
0
0
0
0
0
0
0
0
0
0
0
0
0
0
0
0
8314
0
0
0
0
0
0
0
0
0
0
0
0
0
0
0
0
0
0
0
0
8069
0
0
0
0
0
0
0
0
0
0
0
0
0
8452
0
0
8424
0
0
0
0
8417
0
0
8453
8451
8528
0
0
8404
8457
0
8463
8261
0
0
0
0
0
8404
8416
0
0
0
0
0
0
0
0
0
0
0
0
0
8454
0
0
0
0
0
8401
0
0
0
0
0
0
0
0
0
8453
0
0
0
0
0
8395
0
0
0
0
8451
0
0
0
0
0
0
8453
0
0
8475
0
0
8405
8519
0
0
0
0
0
0
0
0
8382
0
8266
0
0
0
0
0
0
0
0
0
0
0
8480
0
0
8854
8480
8425
0
0
0
8501
0
0
0
0
0
8892
0
0
8855
8957
8863
0
8881
8497
8863
8855
8498
8940
8940
8469
0
9549
0
8528
0
0
0
8957
0
8936
0
8497
0
0
0
0
0
0
0
0
0
0
0
0
0
0
0
0
0
0
0
0
0
0
0
0
0
0
0
0
0
0
0
0
0
0
0
0
0
0
0
0
0
0
0
0
0
8843
8580
0
0
0
0
0
0
0
0
0
0
0
9249
0
0
0
0
0
0
8576
0
0
0
0
0
9226
9226
0
0
0
0
0
0
0
0
0
0
0
0
0
0
0
0
0
0
0
0
0
0
0
0
0
0
0
0
0
0
0
0
0
0
0
0
0
0
0
0
0
8635
0
0
0
0
0
0
0
0
9307
0
0
0
8653
0
0
0
0
0
0
0
0
0
0
0
0
0
8864
7875
0
0
0
8864
0
0
0
0
0
0
0
0
0
0
0
0
0
8820
0
0
0
0
0
0
8681
0
0
0
0
0
0
0
0
0
0
0
0
0
0
0
0
0
0
0
0
0
0
0
0
0
0
8710
0
0
0
0
0
0
0
0
0
0
0
0
0
0
0
0
0
0
0
0
0
0
0
0
0
0
0
0
0
0
0
0
0
0
0
0
0
0
0
0
0
8772
0
0
0
0
8753
0
0
0
0
0
0
8771
0
0
0
0
0
0
0
0
0
0
0
0
0
0
0
0
0
0
0
0
0
0
0
0
0
0
0
0
0
7838
0
0
0
0
8814
0
0
8881
0
8529
8812
0
0
0
0
0
0
0
0
0
0
0
0
0
0
0
8893
0
8854
8863
0
0
0
0
0
0
0
0
0
0
0
0
0
0
0
0
8888
0
0
0
0
8956
8412
0
0
8940
0
0
0
8892
0
0
0
0
0
0
0
0
0
0
0
0
8855
0
0
0
0
0
0
0
0
0
0
0
0
0
0
0
8529
8502
0
8853
0
0
8855
0
0
0
0
0
0
0
0
8955
0
8905
0
8817
0
0
0
0
0
0
0
0
0
0
0
0
0
0
0
0
9030
0
0
0
0
0
0
0
0
0
0
0
0
0
0
0
0
0
0
0
0
0
0
0
0
0
0
0
0
0
0
0
0
0
0
0
0
0
0
0
0
0
0
0
0
0
9030
9030
0
0
0
0
0
0
9004
0
0
0
0
0
7909
0
0
0
0
0
9016
0
0
0
9002
0
0
0
0
0
0
9028
0
0
0
0
7991
0
0
0
0
7909
7906
9002
0
9002
0
0
0
0
0
0
0
0
0
0
7991
0
9161
0
0
0
0
0
0
9171
0
0
0
0
0
0
0
9061
9085
9056
0
0
0
0
0
9061
0
0
9056
0
9055
0
9092
0
0
9077
0
9099
0
0
0
9056
9056
0
0
0
0
0
0
9104
0
0
9065
0
0
9565
0
0
0
0
0
0
0
0
9080
0
0
0
0
9083
0
0
0
9004
0
0
0
0
0
0
0
0
0
0
0
0
0
9097
0
0
0
0
0
0
0
0
9134
0
0
0
0
0
0
0
0
0
0
8974
9233
0
0
0
0
0
0
0
0
0
0
0
0
0
0
0
0
7797
0
0
0
0
0
0
0
9144
0
0
0
7864
7780
0
0
0
0
0
0
7866
9186
0
0
0
0
0
0
0
0
0
0
9201
8974
0
0
0
0
9201
0
9198
0
9191
0
0
0
0
0
0
0
9549
0
0
9209
0
0
0
0
0
0
0
0
9233
8318
0
9160
9561
9144
9233
0
9551
0
9196
9200
9548
0
0
9233
0
0
0
0
0
0
0
0
0
8203
8578
0
0
0
0
0
0
0
0
0
0
0
0
0
0
0
0
0
0
0
0
0
0
0
0
0
8935
0
0
0
9295
0
0
0
0
0
0
0
0
0
0
9277
0
0
9277
0
0
8680
0
9537
0
9282
0
0
0
0
0
0
0
9285
9307
0
0
9636
9636
9636
0
0
0
0
0
0
0
0
0
0
0
0
0
9342
0
0
0
0
0
0
0
0
0
0
0
0
0
0
9334
0
0
0
9329
0
0
0
0
0
0
0
0
0
0
0
0
0
0
0
9372
0
0
0
0
0
0
9362
0
0
0
0
9373
0
0
0
0
0
0
0
9380
0
9380
0
0
0
0
0
0
0
0
0
0
0
0
0
0
0
0
0
0
0
0
11242
0
8113
0
0
0
9457
9457
9421
0
0
0
0
0
0
0
9452
0
10981
0
0
9455
0
0
9428
0
0
0
0
0
0
0
0
0
0
0
0
0
0
0
0
0
0
0
0
0
0
9298
0
0
0
9456
0
0
0
0
0
0
0
0
0
0
0
0
0
0
0
0
0
0
0
0
0
0
0
0
0
0
0
0
0
9487
0
0
0
0
0
0
0
0
0
0
0
0
0
0
0
0
0
0
0
9507
9507
10341
0
0
0
0
0
0
9703
9671
9517
0
9517
0
9704
0
0
0
0
9532
0
0
0
8614
0
0
0
0
0
9540
0
0
0
0
0
0
0
0
0
0
0
0
9567
9566
0
0
0
0
9526
9196
0
9549
9201
0
9566
0
9566
0
9097
0
9563
0
0
0
0
9129
9561
0
0
0
0
0
9584
0
0
0
0
0
0
0
0
0
0
0
0
0
0
0
0
0
0
0
9597
0
9636
9636
9636
9636
9623
0
0
0
0
0
0
0
9636
9636
0
0
9623
0
9604
0
0
9622
0
9630
0
0
9628
9636
0
0
0
0
0
0
0
0
0
0
0
0
0
0
0
0
9636
0
0
0
0
0
0
0
0
0
0
0
0
9784
0
0
0
0
0
0
0
0
0
0
0
0
9673
9791
0
0
0
0
9677
0
0
0
9680
9680
0
0
0
0
0
0
0
0
9700
0
0
9718
9703
0
9693
0
9695
0
0
9682
0
0
9709
0
0
0
0
9733
9693
0
9733
9705
9724
0
0
9724
9714
9734
0
9749
9700
9734
9750
9749
0
0
0
9734
0
0
0
0
9749
0
0
0
0
0
0
9743
0
9737
9743
0
0
0
0
0
9752
0
0
0
0
0
0
0
0
0
0
0
0
0
0
0
0
0
0
0
0
0
0
0
0
0
0
0
0
0
0
9808
0
0
0
0
0
9792
0
0
0
0
0
0
0
0
0
0
9799
9798
0
0
0
9810
0
0
0
0
9778
0
0
0
0
0
9799
0
0
0
0
0
9822
0
0
0
0
0
0
0
0
0
0
0
0
0
0
0
0
0
0
0
0
0
0
0
7486
0
0
11518
0
0
0
10234
0
11512
10259
0
0
0
4026
11586
10182
4468
0
11534
0
0
10142
0
10185
0
0
0
9876
0
9876
11736
0
11877
0
0
10643
9902
0
9896
0
0
0
9884
0
0
0
0
9891
0
9886
0
0
10550
0
0
0
0
0
0
0
0
9926
0
0
9908
0
0
0
0
9951
0
0
0
0
0
9889
0
0
0
0
0
9933
0
0
0
9931
9941
9973
0
9927
0
9939
0
0
0
0
0
0
0
9937
0
0
0
0
0
0
0
0
0
11002
9944
9948
0
9937
0
0
9884
0
0
0
0
0
0
0
0
0
0
0
0
0
0
10806
0
0
0
0
0
0
0
0
0
0
0
0
0
0
0
0
0
0
0
0
0
0
0
0
12086
12087
10002
0
11238
11863
10011
0
12069
0
0
10086
0
0
0
0
10009
0
0
10006
11909
12083
10008
0
0
0
12080
0
11241
0
0
10017
0
0
0
0
0
10216
0
0
0
0
0
10063
0
11937
0
12017
10067
0
11858
11852
0
0
0
0
10056
0
0
10048
0
0
0
0
0
0
0
0
0
0
0
0
12074
0
10204
10164
12037
10098
0
10023
0
0
0
0
0
10210
10215
0
0
10210
10012
0
0
11518
0
0
0
10033
10099
0
0
0
0
0
0
10138
0
11548
0
0
0
10112
11557
0
0
10122
12044
10124
0
0
10122
10128
0
0
11548
0
0
11562
10124
0
10139
10136
10136
0
10125
10151
10162
0
0
0
0
10162
0
0
0
10150
0
10190
0
10063
0
0
0
11567
0
0
0
10185
0
0
0
0
10121
0
0
0
0
0
0
0
0
0
0
10174
10162
0
0
10204
0
0
0
0
0
0
10182
0
0
11580
0
10190
0
0
0
0
0
0
0
0
0
0
0
10195
0
0
0
0
0
0
0
0
0
0
10216
0
3986
11518
0
0
3995
10210
0
11518
10206
0
0
0
3988
0
0
0
11294
10248
0
0
0
0
0
0
0
0
0
0
0
0
0
0
0
0
0
0
0
0
11518
10216
0
0
0
0
0
0
0
0
0
0
0
0
0
0
0
0
0
0
0
0
0
0
0
0
0
0
10384
0
10317
0
0
0
0
0
0
0
0
0
0
0
0
10318
0
0
0
0
0
0
0
0
0
0
10311
0
0
0
0
0
0
0
0
0
0
0
0
0
0
10325
10325
0
10325
10325
0
0
0
10347
10332
0
0
0
0
10762
10326
10333
0
0
9507
9660
0
0
9662
10332
9597
9592
0
0
11496
10361
0
0
0
0
0
11360
0
0
10024
0
0
0
9898
10539
0
10348
0
11496
0
0
0
0
0
0
10406
10378
0
0
10373
10237
0
10299
0
0
0
0
0
0
0
0
0
0
0
0
0
0
0
0
0
0
10400
0
0
0
0
0
0
0
0
0
11628
0
0
0
11458
0
0
0
0
0
0
0
0
0
0
0
0
0
0
0
0
0
0
0
0
0
0
0
0
0
0
0
0
0
0
0
0
0
0
0
0
10475
0
0
0
10461
0
0
0
0
0
10485
0
0
0
10465
0
0
0
0
0
0
0
0
0
0
0
0
0
10600
0
0
0
0
0
0
0
0
0
0
0
0
0
0
0
0
0
0
0
0
0
0
0
0
11465
11905
10397
0
0
10819
0
10511
0
0
0
0
10648
10940
0
0
0
0
0
0
0
0
0
0
0
0
10464
0
0
0
0
0
0
0
0
10761
0
0
0
10639
10539
10643
10643
0
0
0
0
0
9884
0
0
9926
11698
10539
10539
0
9884
10613
0
0
0
0
0
0
0
0
11704
0
0
0
0
0
11480
0
10576
11480
9889
0
0
0
10590
0
0
0
10835
0
9945
0
0
0
0
0
11480
10639
0
0
10586
10590
10608
0
0
0
9886
0
10631
11002
9883
0
0
0
0
0
0
0
0
0
0
0
0
0
10725
0
0
11447
0
0
0
10606
0
0
11311
0
0
0
0
0
0
10397
0
11465
0
0
0
0
0
0
0
0
9887
0
0
0
0
0
10817
0
0
0
0
0
0
0
10661
0
0
0
10814
10664
0
10669
10676
0
10693
10651
10661
0
0
10814
10447
10954
0
0
9926
0
10497
10686
0
10655
0
0
10701
10697
0
0
0
0
0
0
0
10712
0
10813
0
0
10720
0
0
0
0
0
0
10712
10016
10751
0
0
11072
0
0
0
0
0
0
11058
10661
0
0
0
10724
10702
10740
10761
0
10762
0
0
0
0
0
0
0
0
0
10762
0
10740
0
0
11026
11500
11015
10763
0
0
11026
0
0
0
0
0
10761
0
0
0
0
0
0
0
0
0
0
0
0
0
10762
0
11294
0
0
10799
0
0
0
0
0
0
11039
0
0
0
0
10713
11091
0
0
0
0
0
0
0
0
0
0
0
0
0
0
0
0
0
10936
10464
0
10911
0
0
0
10465
10841
10604
0
0
0
0
10846
10606
10600
0
10604
0
0
0
10849
0
10835
10447
0
0
0
0
0
0
0
10936
0
10888
0
10911
10908
0
0
10854
10908
0
0
0
0
10950
0
10660
10940
0
10951
10906
0
11763
0
10485
0
10888
10686
10956
0
10855
11769
0
0
10893
0
0
0
0
0
0
10906
0
0
0
0
10814
10821
0
0
0
0
10447
10898
10662
0
0
10849
0
0
0
0
0
0
10926
0
0
0
10511
0
11828
0
0
0
0
11268
0
10849
0
10825
0
11002
11852
0
0
0
0
11835
0
10819
10945
10903
0
0
0
10657
0
0
0
0
0
0
0
0
0
0
0
0
0
0
0
0
10961
0
0
0
0
0
0
0
0
0
0
0
0
0
0
0
0
0
0
0
9452
0
0
0
0
0
0
0
0
0
0
0
0
11002
0
0
0
10447
0
0
0
0
0
0
0
0
0
11002
0
0
0
0
0
0
0
0
10724
0
0
0
10712
0
0
0
0
0
0
11032
11086
11025
0
0
0
0
0
0
11058
11166
11104
0
11035
0
0
0
0
11042
11064
0
0
10769
0
0
11056
11059
0
0
0
11104
0
0
0
0
0
0
0
0
0
0
0
0
11082
0
0
0
0
0
0
0
0
0
0
11091
0
0
0
0
0
0
0
0
0
0
0
0
0
0
0
0
0
0
0
0
0
0
0
0
0
0
0
0
0
0
0
0
0
0
0
0
0
0
0
0
0
11179
11450
0
0
0
11131
0
10341
0
0
0
0
0
0
11149
0
0
0
0
0
0
0
0
0
0
0
0
0
0
0
0
0
0
0
0
0
0
0
0
0
0
0
0
0
0
0
11326
11332
11172
0
0
0
0
0
0
0
0
0
9945
0
11264
10341
9595
10447
9884
11131
0
0
0
9594
0
0
0
0
0
0
0
11131
0
0
11131
0
0
0
0
0
10959
0
0
0
0
0
0
0
11238
8109
0
0
0
0
0
10992
11232
0
0
0
11233
0
0
0
0
11237
0
0
0
0
0
12083
0
0
0
0
0
0
0
11887
11761
0
0
11835
0
11798
11762
11762
11270
9951
11698
0
9945
0
0
0
0
9938
0
0
0
0
0
0
0
0
0
0
0
0
0
0
0
11284
0
0
0
0
0
0
0
0
10699
0
0
0
0
0
0
0
0
0
0
0
0
10699
11294
11299
11301
10637
10582
0
0
0
0
11835
0
0
11835
0
0
0
0
0
0
0
0
0
0
0
0
0
0
0
0
0
0
0
0
0
11346
0
11364
0
0
0
0
0
0
0
0
11331
10261
11346
0
10287
0
0
11348
11360
0
0
10261
0
11366
0
0
0
0
0
0
0
11385
0
0
10381
0
0
0
0
11375
0
0
0
0
0
0
0
11176
0
11201
10789
0
0
0
0
0
0
10311
0
11394
0
0
11401
0
0
0
0
0
0
0
0
0
0
0
11400
0
0
0
0
0
11409
0
0
0
0
0
0
0
0
0
0
0
10731
0
0
11428
0
0
0
0
0
0
0
0
0
0
0
0
11459
10353
0
0
0
0
0
0
0
0
0
0
0
0
0
0
0
0
0
0
0
0
0
0
0
0
0
0
0
0
0
0
0
10657
0
0
0
0
11489
0
0
0
11485
0
0
0
0
0
0
0
11502
0
0
0
0
0
0
0
10846
0
0
10381
0
10259
0
10215
0
0
0
0
0
7993
7993
0
0
0
7993
0
0
0
0
0
0
0
7500
0
0
0
0
3993
0
0
0
0
0
11276
0
0
0
0
0
0
0
0
0
0
0
0
0
0
0
0
0
11548
0
0
0
0
0
0
0
0
10182
0
0
0
0
4017
0
0
0
0
0
11586
0
4074
11586
0
0
9867
10182
0
0
0
0
0
0
0
10206
0
0
0
9847
9876
0
0
11870
0
0
11615
0
11733
11615
0
0
0
0
0
0
11664
0
0
0
0
11664
0
11510
11642
0
0
0
0
0
0
11651
11621
0
0
0
0
11640
16906
0
0
0
0
0
0
0
11651
0
0
0
0
11654
16892
0
0
11676
16695
0
0
16676
0
0
0
0
0
0
11650
0
0
0
0
0
0
0
0
0
0
0
0
0
0
0
0
0
0
0
0
0
0
0
0
0
0
0
0
0
0
0
0
10745
0
0
0
0
11704
11725
0
0
0
0
0
0
0
9914
0
0
11702
0
0
0
0
0
0
0
0
0
0
0
0
0
0
0
0
0
0
0
0
0
11740
0
0
0
11749
11749
11738
11751
0
0
0
11737
0
11749
0
11751
0
11748
0
11891
11761
11886
0
0
0
0
11835
11251
0
11789
0
11774
11318
11798
10858
0
0
0
11831
11794
0
11779
11761
11790
11779
0
11831
11315
11763
0
0
0
0
11815
11791
0
10858
0
0
0
0
10883
0
11315
0
0
0
11835
11797
0
0
0
0
0
11808
0
0
0
0
0
0
10952
0
0
0
0
0
0
0
0
11831
0
0
0
0
0
0
11776
0
11801
0
0
11843
0
0
0
0
0
0
0
0
0
0
0
11246
0
11908
0
0
0
0
11845
12080
11244
0
0
0
0
0
0
11870
0
11870
11615
11870
0
0
11736
0
0
0
0
0
0
0
0
0
0
0
0
0
11318
0
0
0
0
11885
0
0
11245
0
0
11818
0
0
0
0
0
0
0
0
12087
0
0
0
0
0
0
0
11915
0
11835
11835
0
0
0
0
10056
0
0
0
0
0
0
11974
0
0
0
0
0
0
0
0
11912
0
11905
11937
0
11940
0
11899
0
0
0
0
0
0
0
0
0
0
0
0
0
0
0
0
0
0
0
0
0
0
0
0
0
0
0
0
0
0
0
0
0
0
0
0
0
0
0
0
0
0
11930
12001
11928
0
0
0
0
12017
0
0
0
0
0
0
0
0
11929
0
0
0
0
0
12042
0
0
0
0
0
0
0
0
0
0
12037
0
0
0
0
12044
0
0
0
12003
0
0
0
10150
0
0
11919
0
0
0
10124
12040
0
0
0
0
0
11937
12069
0
0
12073
0
0
11905
12073
12069
0
0
0
0
0
0
0
0
0
0
0
0
0
12078
12072
0
0
0
0
0
0
0
0
12083
0
0
0
0
0
0
0
0
0
0
0
0
0
0
0
0
0
0
0
0
0
0
0
0
0
0
0
0
0
0
0
0
0
0
0
0
0
0
0
0
0
0
0
0
0
0
0
0
0
0
0
0
0
0
0
0
0
0
0
0
0
0
0
12156
0
0
0
0
12210
0
0
0
0
0
0
0
0
0
0
0
0
0
0
0
0
0
0
0
0
0
0
0
0
0
0
0
0
0
0
0
0
0
0
0
0
0
0
0
0
12141
0
0
0
12160
0
0
0
0
0
0
0
0
0
0
0
12215
0
0
0
0
12316
0
12223
0
12286
0
0
0
0
0
0
0
0
0
0
0
0
0
0
0
0
0
0
0
0
0
0
0
0
0
12253
0
0
12247
0
0
12251
0
0
0
0
0
0
0
0
0
0
0
0
0
0
0
0
0
0
0
0
0
0
0
0
0
0
0
0
0
0
0
0
0
0
0
0
0
0
0
0
0
0
0
0
0
11559
0
0
12250
0
0
0
12223
0
0
0
0
0
0
0
0
0
0
0
0
0
0
0
0
0
0
0
0
0
0
0
12637
0
0
0
12330
0
0
0
12331
0
12637
12668
0
12331
0
0
0
0
0
12353
0
0
0
0
0
0
0
0
0
0
0
0
0
0
12474
0
0
0
12369
0
0
0
12372
0
0
0
12380
0
0
12377
12380
0
12377
0
0
0
0
0
0
0
0
0
0
0
0
0
0
0
0
0
9471
0
0
0
0
0
0
12397
0
0
0
12397
0
0
0
0
0
0
0
0
0
12349
0
0
0
0
0
0
12460
9735
0
0
0
0
9737
0
12453
0
0
0
0
0
0
0
0
0
0
0
0
0
0
0
0
0
0
0
12466
0
0
0
0
0
0
0
12366
0
0
0
12372
0
12364
12365
0
0
12495
0
0
12491
0
0
12478
0
0
0
0
0
0
0
0
0
0
0
0
0
0
0
0
0
12468
12532
0
0
0
12477
0
0
0
0
0
0
0
12521
0
12478
0
0
0
0
0
12373
12565
12565
0
0
0
0
0
0
0
0
0
12523
0
0
12529
0
0
0
0
12548
12525
12556
0
0
12472
12570
12370
12574
12529
0
0
0
0
0
0
12553
12552
0
0
12574
0
0
12552
0
12567
0
0
0
0
12570
12553
0
0
0
12574
0
0
0
0
0
0
0
0
0
0
0
0
0
0
0
0
0
0
0
0
0
0
0
0
0
0
0
0
0
0
12534
0
0
0
0
0
0
0
0
0
0
0
0
0
0
12341
0
0
0
0
0
12637
12615
0
12631
0
12623
0
0
0
12631
12637
0
0
0
0
0
0
0
0
0
0
0
12327
0
0
0
12617
0
0
0
0
0
0
0
0
0
12637
0
0
0
12637
0
0
0
0
0
0
0
0
0
0
0
0
12685
0
0
0
0
0
0
0
0
0
0
12692
12692
0
0
0
0
0
0
0
0
0
0
0
0
0
0
0
0
0
0
0
12700
0
0
0
0
0
0
0
0
0
0
0
0
0
0
0
0
12972
0
0
0
12729
12720
0
12730
0
0
0
0
0
0
0
0
0
12758
0
0
0
0
0
0
0
0
0
0
0
0
12747
0
12740
0
0
12770
12782
0
0
12758
0
12772
0
0
0
0
0
0
0
0
0
0
0
0
0
0
0
12760
0
0
0
0
0
0
0
0
0
12720
0
0
0
12777
0
0
0
0
0
0
0
0
0
0
0
0
0
0
0
0
0
0
0
0
0
0
12823
0
0
0
0
0
0
0
0
13012
0
0
0
0
0
0
0
0
0
0
0
0
0
0
0
0
0
0
0
0
0
0
0
0
0
0
0
0
0
0
0
12868
0
0
0
12868
0
0
0
16067
0
12879
0
0
0
0
12875
0
0
12898
0
12875
0
12906
12906
0
0
12906
0
16067
16039
0
12879
0
0
0
0
0
12896
12879
12898
0
0
0
0
0
0
0
0
16067
0
12919
0
0
0
0
0
0
0
12688
0
0
0
0
0
0
0
12919
0
0
0
0
0
0
0
0
0
0
0
0
0
0
0
0
0
0
0
0
0
0
0
0
0
0
12966
0
12945
0
0
0
12965
0
0
0
0
0
0
0
0
0
12949
0
12969
12972
0
0
0
0
0
0
0
0
0
0
0
0
0
0
0
0
0
12981
0
0
0
0
0
0
0
0
0
12994
0
0
0
0
0
0
0
0
0
0
0
0
13499
13014
0
0
0
0
13020
13033
0
0
13024
0
0
0
0
0
13036
0
0
0
0
0
0
0
0
13034
0
0
0
0
0
0
0
13010
0
13045
0
0
0
0
0
0
13058
0
0
0
13056
0
13055
0
0
0
0
0
0
0
0
0
0
0
0
0
0
0
0
0
0
0
0
0
0
0
0
0
0
0
0
0
0
0
0
0
0
0
0
0
0
0
0
0
0
0
0
0
0
0
0
0
0
0
0
0
0
0
13122
0
0
0
0
0
0
13128
0
0
0
0
13128
0
0
0
0
0
0
0
0
0
0
0
0
0
0
0
0
0
0
0
0
0
0
0
0
0
0
0
0
0
0
0
0
0
0
0
0
0
0
0
0
0
0
0
0
0
0
0
0
0
0
0
0
0
0
0
0
0
0
0
0
0
0
13201
0
13201
0
0
13201
0
0
0
0
13541
13201
0
0
0
0
0
0
0
0
0
0
0
0
0
13211
0
0
0
0
0
0
0
0
0
13236
0
0
0
0
0
0
0
0
0
0
0
0
0
0
13233
0
0
0
0
0
0
0
0
0
0
0
0
0
0
0
0
0
0
0
0
0
0
0
0
0
0
0
0
0
0
0
0
0
0
0
0
0
0
0
0
0
0
0
0
0
0
0
13404
0
13305
13404
0
0
0
0
13164
0
0
0
0
0
0
0
0
0
0
0
0
0
0
0
0
0
0
0
0
0
0
0
0
0
0
0
0
0
0
0
0
0
0
0
0
0
0
0
0
0
0
0
0
0
0
0
0
0
0
0
0
13351
0
0
0
0
0
0
0
0
0
0
0
0
0
0
0
0
0
0
0
0
0
0
0
0
0
0
0
0
0
0
0
0
0
0
0
0
0
0
0
0
0
0
0
0
0
0
0
0
0
0
0
13406
0
0
0
0
0
0
0
0
0
0
0
0
0
0
0
0
0
0
0
0
13423
0
0
0
0
0
0
0
0
13423
0
0
13622
0
0
0
0
13425
0
0
0
0
0
0
0
0
0
0
0
0
0
0
0
0
0
0
0
13466
0
0
0
0
0
0
0
0
0
13469
0
0
0
0
0
0
0
0
0
0
0
0
0
0
0
0
0
0
0
0
0
0
0
0
0
0
0
0
13590
0
13590
0
0
13516
0
0
0
13569
0
0
0
13513
0
0
0
13518
0
13393
13590
0
0
0
0
0
0
0
0
13506
0
0
0
13503
13537
0
0
0
0
0
13506
0
0
0
13393
13556
0
0
0
0
13585
0
13055
0
0
0
0
0
0
0
0
13585
0
0
0
0
0
0
13509
0
13568
0
13569
13385
0
0
13571
0
13584
0
13555
0
0
0
0
0
0
0
0
0
0
0
0
0
0
0
0
0
0
0
0
0
0
0
0
0
0
0
13614
13608
13503
0
0
0
0
0
0
0
0
0
0
0
0
0
0
13590
13117
0
0
0
0
0
0
0
0
0
0
0
0
0
0
0
0
0
0
0
0
0
0
0
0
0
0
0
0
0
0
0
0
0
0
0
0
0
0
0
0
0
0
0
0
13683
13672
13683
13677
0
0
0
0
0
0
0
13682
0
0
0
0
0
13734
0
13682
0
0
0
0
0
0
0
0
0
0
0
0
0
0
0
0
0
0
13719
13715
13719
0
0
0
0
13719
0
13719
0
0
0
0
0
0
0
0
0
0
0
0
0
0
0
0
0
0
0
0
0
0
0
0
0
0
0
0
0
0
0
0
0
0
0
0
0
0
0
13710
0
0
0
0
0
0
0
13767
13776
0
13773
13770
0
0
13773
0
0
13773
15487
15492
0
15492
0
0
0
0
0
0
0
0
0
0
0
0
13802
13805
0
0
0
13805
0
0
13804
0
0
0
0
13811
0
13794
0
0
0
0
0
0
0
0
0
0
0
0
0
0
0
0
0
0
0
0
0
0
0
0
0
0
0
0
13879
0
0
0
0
0
0
0
13838
0
0
0
0
0
0
0
0
0
13833
0
0
0
0
0
0
0
0
13870
0
0
0
0
0
0
0
0
0
0
0
0
0
0
0
0
0
0
0
0
0
0
0
13841
0
0
0
0
0
0
0
0
0
0
13894
0
0
0
0
0
0
0
13913
0
0
0
0
0
0
0
0
13892
0
0
0
13924
0
0
13926
0
0
0
0
0
13469
0
0
0
13934
0
0
0
0
0
13937
0
0
0
0
18391
0
0
0
0
0
13963
0
13956
0
0
0
13963
0
0
0
0
0
0
0
0
0
0
0
0
0
0
0
0
0
0
0
0
0
0
0
0
0
0
0
0
0
0
0
0
0
0
0
0
0
0
0
0
13994
0
0
0
0
0
0
0
0
0
0
0
0
0
14027
0
0
0
0
0
0
0
0
0
14033
0
0
0
0
0
0
0
0
0
0
0
0
0
0
0
0
0
0
14028
0
0
0
0
0
14028
0
0
0
0
0
0
14049
0
0
0
0
0
0
0
0
0
0
0
0
0
0
0
0
0
0
0
0
0
14088
15090
0
0
0
0
0
0
0
14087
0
0
0
0
0
0
0
0
0
0
0
0
0
0
0
0
0
0
0
0
0
0
14234
0
14107
0
14107
0
14119
0
0
0
0
0
0
0
0
0
0
0
0
0
0
0
0
14119
0
0
0
0
14141
0
0
14107
0
0
14158
0
0
0
0
0
0
14144
0
14144
0
0
0
0
0
0
14134
14164
0
0
0
0
0
0
0
0
0
0
0
0
0
0
0
0
0
0
0
0
0
0
0
0
0
0
0
0
0
0
0
0
0
0
0
0
0
0
0
0
0
0
0
0
0
0
0
14204
0
0
0
14007
0
0
0
0
14135
0
0
0
0
0
0
14248
14229
0
0
0
0
14248
14239
14235
14251
0
0
0
0
0
0
14261
0
14219
14255
0
0
0
0
0
0
0
0
14251
0
0
0
0
0
0
0
0
0
0
0
0
0
0
0
0
0
0
0
0
0
14264
0
0
0
0
0
0
0
0
0
0
0
0
0
0
0
0
0
0
0
0
0
0
0
0
0
0
0
0
0
0
0
0
0
0
0
0
0
0
0
0
0
0
0
0
0
0
0
0
0
0
0
0
0
0
0
0
0
0
0
0
0
0
0
0
0
0
0
0
0
0
0
0
0
0
0
0
0
0
0
0
14333
0
0
0
0
0
0
0
0
0
0
0
0
0
0
0
0
0
0
0
0
0
0
0
0
0
0
0
0
0
0
0
0
0
0
0
0
0
0
0
0
0
15441
0
0
0
0
0
0
0
0
0
0
0
0
0
13924
0
0
14524
0
14532
0
0
0
0
0
0
14523
0
0
0
0
0
0
0
0
0
0
0
0
0
0
0
0
14092
13948
0
0
0
0
0
0
0
0
0
0
0
0
0
0
0
0
14464
0
0
14462
0
0
0
0
0
0
0
0
0
0
0
0
0
13118
0
13924
0
0
14499
0
0
0
0
0
0
14523
0
0
0
14494
0
0
0
14523
0
14549
0
0
14511
0
0
0
14549
14521
0
0
14507
0
14507
0
0
14501
14523
0
0
0
0
0
0
0
0
0
0
14554
0
14550
0
0
14546
0
0
13783
0
0
0
0
0
0
0
0
0
0
14567
13783
0
13783
13783
0
0
0
0
14546
0
14554
14560
14546
14565
0
0
14565
0
0
14550
0
0
0
0
15492
15492
0
0
0
0
0
0
0
0
0
0
0
0
0
0
0
0
0
0
0
0
0
0
0
0
0
0
0
0
0
0
14603
0
0
0
0
0
14611
0
0
14611
0
0
0
0
0
0
14613
14594
0
0
0
0
0
0
0
0
0
0
0
0
0
0
0
0
14643
0
0
0
0
0
0
0
0
0
0
0
0
0
0
0
0
0
0
0
0
0
0
0
0
0
0
0
0
0
0
0
0
0
0
0
0
0
0
0
0
0
12556
0
14678
0
14687
0
0
14682
0
14680
0
14706
0
0
0
0
0
0
0
0
0
0
0
0
0
15119
0
0
0
0
0
15118
0
0
0
0
0
0
0
0
0
0
0
14712
0
14748
0
14723
0
0
0
0
0
0
0
0
0
0
0
0
0
0
0
14851
0
0
0
0
0
0
0
0
0
0
0
14749
0
0
0
0
0
0
0
0
0
0
0
0
0
0
0
0
0
0
0
0
0
0
0
0
0
0
0
0
0
0
0
0
0
0
0
14718
0
0
0
0
0
0
14944
0
0
15439
0
0
0
14801
0
14808
0
14898
13019
0
14736
0
0
0
0
0
0
0
14749
0
0
14827
15693
15688
0
0
14801
0
0
14819
0
0
14812
0
0
0
0
0
14898
0
0
0
0
0
0
0
0
14840
0
0
0
14829
0
14776
0
14869
14869
14859
14812
0
0
0
0
0
0
0
14829
14858
0
0
0
0
0
0
14882
0
0
0
14839
0
0
0
0
0
0
0
0
0
0
0
14890
0
0
0
0
0
0
0
0
0
15698
0
17331
0
0
0
0
0
0
0
15693
0
0
0
14819
14827
14801
14801
0
17348
14886
0
0
0
0
0
0
0
14930
0
0
0
15660
17355
0
14939
17356
0
0
0
0
0
0
0
0
0
14938
0
14967
0
0
14963
0
0
14996
0
0
17362
0
0
0
0
0
0
0
0
14996
0
0
0
0
18365
0
14971
0
0
0
0
14973
0
0
0
0
0
0
0
0
0
0
0
14990
0
0
0
0
0
0
0
0
12963
0
14805
0
0
0
0
14898
0
14819
0
0
0
0
0
0
0
0
0
0
0
0
0
0
0
0
15022
0
0
0
0
0
0
0
0
0
0
0
0
0
0
0
0
0
0
0
0
0
0
0
0
0
0
0
0
0
0
0
15055
0
0
0
0
0
15043
0
0
0
15103
0
0
0
0
0
0
0
0
0
0
0
0
0
0
0
0
0
0
0
0
0
0
0
0
0
0
0
0
0
0
0
15103
0
0
0
0
0
0
0
15119
0
0
0
15109
15093
0
0
0
0
0
0
0
0
0
0
0
0
0
0
0
0
0
14678
15141
0
0
0
0
0
15141
0
0
0
0
0
0
0
0
0
0
0
0
0
0
15153
0
0
0
14721
15167
0
0
0
0
0
0
0
0
0
0
0
0
0
0
0
0
0
0
0
0
15176
0
0
0
0
15187
0
0
0
0
0
15003
0
0
0
0
0
0
0
0
0
15195
0
0
0
0
0
0
0
0
0
0
0
0
0
0
0
0
0
0
0
0
0
0
15209
0
0
15185
15439
15443
0
0
0
0
0
0
0
0
0
0
0
0
0
0
0
0
0
0
0
0
0
0
0
0
0
0
0
0
0
0
0
0
0
0
0
0
0
0
0
0
0
0
0
0
0
0
0
0
0
0
0
0
0
0
0
0
0
0
0
0
15121
0
0
0
0
0
0
0
0
0
0
0
15304
0
0
0
0
0
0
0
0
0
0
0
0
0
0
15303
0
0
0
0
0
0
0
0
0
0
0
0
15318
0
0
0
0
0
0
0
0
0
0
0
0
0
0
0
0
0
0
0
0
0
0
0
0
0
0
0
0
0
0
0
0
0
0
0
0
0
0
0
0
0
0
0
0
0
0
0
0
0
0
0
0
0
0
15576
0
0
0
0
0
0
0
0
0
0
0
0
0
0
0
0
0
0
0
0
0
0
0
0
0
0
14996
0
0
0
0
15118
0
0
0
0
0
0
0
0
15589
0
15457
15429
15429
15436
0
15445
15444
0
0
0
0
0
0
0
0
0
0
15421
0
0
0
0
0
0
0
0
0
0
0
0
0
0
0
0
0
0
0
0
0
15467
15473
15473
0
0
0
0
0
0
0
0
0
0
0
0
13765
0
0
0
15470
0
14546
0
0
0
15490
0
0
0
0
0
0
0
0
0
0
0
0
0
0
0
0
0
0
0
0
0
0
0
0
0
0
0
0
0
0
0
0
0
0
0
0
0
0
0
0
14840
15533
0
0
0
0
0
0
0
0
0
0
0
0
0
0
0
0
0
0
0
15553
0
0
0
15615
0
15576
0
0
0
0
0
0
0
15615
0
15563
0
0
0
15569
0
0
0
0
0
0
0
0
0
0
0
0
0
0
15588
0
0
0
0
0
0
15486
0
0
0
0
0
0
14930
0
14930
0
0
0
0
0
0
0
0
0
0
0
0
0
0
0
0
0
0
0
0
0
0
0
0
0
0
0
0
0
0
0
0
0
0
0
15637
0
0
0
0
0
0
0
0
0
0
0
0
0
0
0
0
0
0
0
0
0
0
0
14952
0
0
0
0
0
0
16199
0
0
0
0
0
0
0
0
0
0
0
0
0
0
0
0
0
0
0
0
0
0
0
0
0
0
14835
14910
0
0
0
0
0
0
0
0
0
0
0
15690
0
0
0
0
0
0
0
0
0
0
0
0
0
0
0
0
0
0
0
0
0
0
0
0
0
0
15735
0
0
15919
0
0
0
0
0
0
0
0
0
0
0
0
0
0
0
0
0
0
0
0
0
0
0
0
0
0
0
0
0
0
0
0
0
0
0
0
0
15785
0
0
0
16126
0
0
16126
0
0
15810
0
0
0
0
15795
0
0
0
15799
0
0
0
0
0
0
0
0
0
0
0
0
0
0
0
0
0
0
0
0
0
0
0
0
0
0
15848
0
0
0
0
0
0
0
0
0
0
0
0
0
0
0
0
0
0
0
0
15845
0
0
0
0
0
0
0
0
0
0
0
0
0
0
0
0
0
0
0
15838
0
0
0
0
0
0
0
0
0
15675
0
0
0
0
0
0
0
0
0
0
0
0
0
0
0
0
0
0
0
0
15898
0
0
0
0
15894
0
0
0
0
0
0
0
0
0
0
0
0
0
0
0
15918
0
0
0
0
0
15920
0
0
15921
0
15926
0
0
0
0
15926
0
0
15928
0
0
0
0
0
0
0
0
15955
0
0
0
15955
0
15941
0
0
0
0
0
15954
0
0
0
0
0
0
0
0
0
16207
0
0
16067
0
15975
0
0
0
0
0
0
0
0
0
0
0
0
0
0
0
0
0
0
0
0
0
15985
0
0
0
0
0
0
0
0
0
0
0
0
0
0
0
0
0
0
0
0
0
0
0
0
0
0
0
0
0
0
0
0
0
0
0
0
0
0
0
0
0
0
0
0
0
0
0
0
0
0
0
0
0
0
0
0
16064
0
0
0
0
0
0
0
16061
0
16069
0
16066
16081
0
0
0
0
0
0
0
0
0
0
0
16068
16068
0
0
0
16068
0
0
16095
16067
12886
16090
0
0
16095
0
0
0
0
0
0
0
0
0
0
0
0
0
0
0
0
0
16103
0
0
0
0
0
0
0
0
0
0
0
0
0
0
0
0
0
0
0
0
15532
0
0
0
0
0
0
0
16125
0
0
0
0
0
16139
0
0
0
0
0
0
0
0
0
0
0
0
0
0
0
0
0
0
0
0
0
0
0
0
0
0
0
15794
0
15909
0
0
0
0
16176
0
0
0
0
0
0
0
0
0
0
0
0
0
0
16205
0
0
0
0
16207
16208
0
0
0
16196
0
16207
0
0
0
0
0
0
0
0
0
0
0
16236
0
0
16252
0
16225
0
16225
0
0
0
16225
0
0
0
0
0
0
0
16233
0
0
0
0
0
0
0
0
0
0
0
0
0
0
0
0
0
0
0
0
0
0
0
16269
0
0
0
0
16266
0
0
16268
0
0
0
0
0
0
0
0
0
0
0
0
0
0
0
16282
16280
0
0
0
0
0
0
16907
0
17240
16428
0
0
0
17237
0
0
0
0
0
0
0
0
16761
0
0
0
0
16309
0
0
0
0
0
0
0
0
17213
0
0
17184
0
16330
0
0
0
0
16354
16341
16349
0
0
0
0
17203
0
0
0
0
0
0
0
0
0
0
0
0
16350
0
0
0
0
17200
0
0
0
0
0
0
0
0
0
0
0
0
0
16873
0
0
0
0
0
0
0
16375
0
0
0
0
0
0
0
0
0
0
0
0
0
0
0
0
0
0
0
0
0
0
0
0
0
0
0
0
0
0
0
0
0
0
0
16415
0
0
0
0
0
0
16922
0
16417
16416
0
0
0
0
0
0
0
0
0
0
0
0
0
16922
16828
16445
16451
17177
17177
17177
0
16824
16449
16452
0
16449
0
0
16824
16449
0
16829
0
0
16463
16457
0
0
0
16368
16371
0
0
0
0
0
0
0
0
16436
0
16480
0
0
16416
0
0
0
0
0
0
0
16475
16482
0
0
0
0
0
0
16558
16932
0
0
16508
0
0
0
16502
16429
16500
16911
16519
0
0
0
0
16566
0
0
16634
0
16509
16520
0
0
0
0
0
0
0
0
0
0
0
17119
0
0
0
16531
0
0
0
0
0
0
0
0
0
0
0
0
0
0
0
0
0
16580
16556
0
0
0
0
0
0
0
16567
0
0
16563
0
0
0
0
0
0
0
0
16556
0
0
0
0
0
0
0
0
0
0
0
0
0
0
0
0
0
16508
0
0
0
16584
0
0
0
0
0
0
0
0
0
0
0
0
0
0
0
0
0
0
0
0
0
0
0
0
0
0
0
0
0
0
0
0
0
16631
0
0
0
0
0
16580
0
0
0
0
0
0
16641
0
0
0
0
0
0
0
0
0
16661
0
0
0
0
0
0
0
0
0
0
0
0
0
0
0
0
0
0
0
0
0
0
0
0
0
0
0
16676
0
0
0
16904
0
0
16691
0
0
0
0
0
0
16690
0
0
0
0
0
0
0
0
0
0
0
0
0
0
0
0
0
0
0
0
0
0
0
0
0
0
0
0
0
0
0
0
16736
0
0
0
16941
0
18248
16736
0
0
0
16737
0
16739
0
16760
16306
0
0
0
16754
0
16379
0
0
0
0
0
0
0
0
0
0
0
0
0
0
0
0
0
0
0
0
0
0
0
0
0
16759
0
0
0
0
0
0
0
16779
0
0
0
16797
16313
0
16313
0
0
0
0
0
0
0
0
0
0
16797
0
0
0
0
0
0
0
0
16823
0
0
0
0
0
0
0
0
0
0
16819
0
0
0
16824
16829
17425
0
0
16815
16824
16726
0
16829
16844
18247
16736
17177
0
0
17425
0
0
0
0
0
0
16811
0
0
16861
16855
16822
0
0
0
0
16859
0
16854
0
0
16822
17032
17031
16861
0
0
0
16874
0
0
0
0
0
0
0
0
0
0
16688
0
0
0
0
0
0
16290
0
0
0
0
0
0
16886
0
16502
0
0
0
16907
0
0
0
0
0
0
16290
0
0
0
0
16910
0
0
16918
0
0
0
0
0
0
0
0
0
0
0
0
0
0
0
0
0
16914
16922
0
0
0
0
18208
0
0
0
16947
0
0
0
0
0
0
0
0
0
0
0
16782
0
0
0
0
0
16964
0
0
0
0
0
16977
0
0
0
0
0
0
0
0
0
16987
0
0
0
0
0
0
0
0
0
0
0
0
0
0
0
16849
17003
0
0
0
0
0
17000
0
0
16986
17053
0
16855
16855
17003
0
0
17023
0
16977
0
17037
17006
0
17049
17011
16855
0
0
0
0
0
0
16855
17011
0
0
0
17051
0
0
0
0
17056
17031
0
0
0
17030
0
0
0
0
17047
0
0
0
0
0
0
0
0
0
0
17050
0
0
0
0
0
17062
17067
0
17070
0
0
0
0
0
0
0
0
0
0
0
0
0
0
0
0
0
0
0
0
16722
0
17087
0
0
0
0
0
0
0
0
0
0
17098
0
0
0
0
0
0
0
0
0
0
0
0
0
0
0
0
0
0
17187
0
17119
0
17182
0
0
0
0
17150
0
0
0
0
17128
17142
0
0
0
17132
0
0
0
0
0
17147
0
0
0
0
17119
17147
0
0
0
0
0
16639
0
0
0
0
16843
0
16451
0
17127
16449
17187
17673
16452
0
16449
17148
17148
16843
0
0
0
0
0
0
16445
0
0
17141
0
0
0
0
0
0
17177
0
0
0
17198
0
0
0
0
0
0
17198
17200
0
0
0
0
0
17673
0
0
0
0
0
0
0
0
0
0
0
0
0
0
0
0
0
0
0
0
0
0
0
16907
17240
0
0
0
0
0
16884
0
0
17306
0
17306
17246
18336
0
0
18332
0
17783
0
0
17692
0
17304
17781
17253
0
17780
0
17290
17269
0
17477
0
0
17476
0
0
17692
0
0
17289
17692
17692
17692
17276
17692
0
17343
0
17289
17692
0
0
0
0
0
0
0
0
17272
0
0
0
17288
0
17313
17312
0
17312
0
17313
0
0
0
0
0
0
0
0
0
0
0
0
0
0
0
0
0
0
0
0
0
0
0
0
17331
0
0
0
0
0
17336
17333
0
0
0
0
0
0
0
0
0
0
0
0
0
0
0
0
0
0
0
0
0
0
0
17359
0
0
0
15090
0
0
0
0
0
0
0
0
0
0
0
0
0
0
0
0
0
0
0
0
17580
0
0
0
0
0
0
0
17663
0
0
0
0
0
0
0
0
0
0
0
17291
0
0
0
17414
0
0
0
0
0
17426
0
0
0
17751
0
0
0
0
0
0
0
0
0
0
0
0
0
0
17430
0
0
0
0
0
17435
0
0
0
17420
0
0
0
0
0
0
0
0
0
0
0
18108
0
0
0
0
17430
17430
0
17456
0
0
0
0
0
0
0
0
0
0
0
0
0
0
0
17714
0
0
0
0
0
0
0
0
0
0
0
0
17972
0
0
0
0
0
0
0
17502
0
0
0
0
0
0
0
0
18181
17525
0
17519
0
0
0
0
0
0
0
0
0
0
0
0
0
0
0
0
0
0
0
0
0
0
0
0
0
0
0
0
0
0
0
0
0
0
0
0
0
17557
0
0
0
0
0
0
17557
0
0
0
0
0
17559
0
0
0
17566
0
0
17577
0
17560
0
0
0
0
0
17535
0
0
0
0
0
0
0
0
0
0
0
0
0
0
0
0
0
0
0
17610
0
0
17624
0
17608
0
17614
0
0
17614
17621
0
17621
0
17614
17614
0
0
0
17606
17611
0
17446
0
0
17620
17632
18238
17608
0
17640
18239
18239
0
17626
17606
18241
0
18241
18241
18231
18240
18238
17614
17640
17614
17619
17640
0
17626
0
0
17692
0
0
0
0
0
17665
0
0
0
0
0
0
0
0
0
0
0
0
18244
17425
18248
18245
0
0
0
0
0
0
0
18103
0
17703
0
0
0
0
0
0
17864
0
17692
0
0
18094
17705
17712
17722
0
17729
0
17722
17865
17705
17703
17705
17722
0
17705
0
17747
17703
17714
0
17724
0
0
0
17724
0
0
0
0
0
0
0
0
0
0
0
17763
0
17753
0
0
17730
0
17749
17751
17759
17738
17751
0
17759
0
0
0
0
0
0
17557
17751
0
0
0
17714
17738
0
0
17714
0
0
0
0
0
0
0
0
0
0
0
0
0
0
17276
0
0
0
0
17773
0
0
0
18330
0
17780
17772
17793
0
0
0
0
0
0
0
17870
0
17780
0
0
0
0
0
18330
0
0
0
0
0
0
0
0
0
0
0
0
0
0
0
0
17862
0
17862
17992
0
18154
17862
17895
18309
17878
0
0
0
0
0
0
17849
17845
0
0
0
0
0
17846
0
0
0
0
0
17849
17826
0
0
17610
0
17850
0
0
0
0
0
17865
0
17865
17865
0
18153
17867
0
0
0
0
18177
0
17272
17910
17946
17999
0
17943
15096
17993
0
0
17910
17929
17698
0
17705
0
0
17456
0
0
0
17878
17933
0
17993
17999
0
17910
0
0
0
0
0
0
17698
17698
0
0
18159
17698
0
0
0
0
17910
17867
17940
0
17939
17973
0
17933
17944
17940
0
18094
0
0
0
0
0
0
17942
0
0
0
0
0
0
18007
0
0
0
0
0
0
0
17861
0
17861
0
0
17967
0
0
0
0
0
0
0
0
0
0
0
0
17999
18211
18195
0
0
0
18211
0
17999
18099
0
0
0
18154
0
0
0
0
0
0
17477
0
0
0
0
0
0
0
0
17951
17415
0
0
0
0
0
0
0
0
0
0
0
0
0
0
0
0
18028
0
18035
0
0
18030
0
0
18022
0
0
0
0
0
0
0
0
0
0
0
0
18057
0
0
0
0
0
0
0
18035
0
0
0
0
0
0
0
0
0
0
0
0
0
0
0
0
0
0
0
0
0
0
0
0
0
0
0
0
0
0
0
0
0
0
0
0
0
0
0
0
0
0
0
0
0
0
0
0
0
0
0
0
0
17950
18116
0
0
0
0
0
0
0
18079
0
0
0
0
0
0
0
18094
0
0
0
0
0
0
0
0
18123
0
0
0
0
0
0
0
0
0
0
18211
18298
0
18159
17895
18211
17986
18195
18211
18298
17986
0
0
0
18153
18153
18159
18309
0
0
0
17999
0
18139
0
0
18178
0
0
18231
18298
0
0
0
17640
18211
0
0
18309
0
0
0
0
0
18202
0
0
18174
18216
0
0
0
0
18205
0
0
0
0
18006
0
0
0
0
18298
0
0
0
0
18309
18298
0
0
0
0
0
0
0
0
0
18215
0
18230
18221
18231
18138
18231
18237
18231
18230
0
0
18230
18241
18237
18230
18173
0
0
0
0
0
0
18230
0
0
17424
0
0
17410
0
0
0
0
0
0
0
0
0
0
0
0
0
0
0
0
0
0
0
0
0
0
18280
0
0
0
18275
0
0
0
0
18278
0
0
18322
0
0
0
0
0
0
0
0
0
0
0
0
0
0
18309
0
0
18230
0
17999
17986
18303
0
18216
0
0
0
0
0
0
0
0
0
0
0
0
0
0
18325
0
0
18325
0
0
17304
0
18332
0
17246
0
17264
0
17264
0
0
0
0
0
0
0
0
0
0
0
0
0
0
0
0
0
0
0
0
0
0
13948
18350
0
0
0
0
13953
0
0
0
0
0
0
0
0
0
0
0
0
0
0
0
0
0
0
0
0
0
0
0
0
0
0
0
0
0
0
0
0
0
0
0
0
0
0
0
0
0
0
18396
0
0
0
0
0
0
0
0
0
0
0
0
0
0
0
0
0
0
0
0
0
0
0
0
18429
18432
0
18451
0
0
18432
0
0
0
18432
0
0
0
0
0
18452
0
0
0
0
0
0
0
0
0
0
0
0
0
0
0
0
0
0
0
0
0
0
0
0
0
0
0
0
0
0
0
0
0
0
0
0
0
0
0
0
0
0
0
0
0
18501
0
0
0
0
0
0
0
0
0
0
0
0
0
0
0
0
0
0
0
0
0
0
0
0
0
18941
0
0
0
0
0
0
0
0
19039
0
0
0
0
0
0
0
0
0
0
0
0
0
0
0
0
18859
0
0
0
0
18523
0
0
0
0
0
0
0
0
0
0
0
0
0
0
0
0
0
0
0
19901
0
0
0
0
0
0
0
0
18578
0
0
0
0
0
0
0
0
0
0
19901
0
0
0
0
0
0
0
0
0
18601
0
0
0
0
0
0
0
0
0
0
0
0
0
0
0
0
0
0
0
0
0
0
0
18698
0
0
0
0
0
0
0
0
0
0
0
0
0
0
0
0
0
0
0
0
0
0
0
0
0
0
0
18611
0
0
0
0
0
0
0
0
0
0
0
0
0
0
0
0
0
0
0
0
0
0
0
0
0
0
0
18598
0
18691
18690
0
0
0
0
0
0
0
0
18703
0
0
0
0
0
0
0
0
18702
0
0
0
0
0
0
0
0
0
0
0
0
0
0
0
0
0
0
0
0
0
0
0
0
0
0
0
0
18737
0
18732
0
0
0
0
0
0
0
0
0
0
18765
0
0
0
0
0
0
0
0
0
0
0
0
0
18965
0
0
0
0
0
0
18516
0
0
0
18765
0
0
0
0
0
18814
0
0
0
0
0
0
0
0
0
0
0
0
0
0
0
0
0
0
0
0
0
0
0
0
0
0
0
0
0
0
18806
18850
18806
0
0
18811
0
18806
18841
0
18822
0
0
18811
0
18834
18812
22585
22618
18834
0
0
18832
0
0
18812
0
0
0
0
0
0
0
0
0
18847
0
0
0
0
0
0
0
0
18835
0
18849
0
18868
18868
0
0
0
0
0
0
18644
19046
18986
0
0
0
0
0
0
0
0
0
0
0
0
18878
0
0
0
0
18861
0
19905
0
0
0
18868
18905
0
0
0
0
0
18919
18896
0
18905
0
0
0
0
0
0
0
0
0
18940
18899
0
0
0
0
0
0
19010
0
0
0
0
0
0
0
0
0
18896
0
0
0
0
0
0
0
0
0
0
0
0
0
0
0
0
0
0
0
0
0
0
0
0
0
0
0
0
19021
0
0
0
0
0
0
0
0
0
0
0
0
0
0
0
0
0
0
0
0
0
0
18963
0
0
0
0
0
0
0
18887
0
0
0
18977
0
0
18763
0
0
0
0
0
0
0
0
19147
0
0
0
0
0
0
19101
0
18917
0
18987
18996
0
0
0
0
0
0
19103
0
18888
0
0
0
0
0
0
0
0
0
0
0
0
19034
0
0
0
0
0
0
0
0
0
0
0
0
0
19092
0
0
0
0
0
0
0
0
0
0
19520
0
0
0
0
0
0
0
0
0
0
0
0
0
0
0
0
0
0
0
0
0
0
0
0
0
0
0
0
0
0
19121
0
0
0
19097
0
0
0
19111
0
0
0
0
19124
19017
0
19100
0
0
0
0
19117
0
0
19117
0
0
0
0
0
0
0
19117
0
19129
0
19129
0
0
0
0
19149
0
0
0
0
0
0
0
0
18964
0
0
0
19058
0
0
0
0
0
0
0
0
0
8351
0
0
19164
8357
8351
0
20207
19188
0
19178
0
19178
0
19169
0
19169
19160
0
0
0
8351
0
8290
0
0
20076
0
0
0
0
0
0
0
0
0
0
0
0
0
0
0
0
0
8351
19779
0
0
0
0
0
0
0
0
0
0
0
0
0
0
0
0
0
0
0
0
0
0
0
0
20114
0
8290
20108
0
0
0
0
20034
0
19551
0
0
19233
0
0
19245
0
19551
0
19252
0
19249
0
0
0
0
0
0
0
0
0
0
0
0
0
0
0
0
0
0
0
0
0
0
0
0
0
0
0
0
19285
0
0
0
0
0
0
0
0
0
0
0
0
0
0
0
0
0
0
0
0
0
0
0
0
0
0
0
0
0
0
0
0
0
0
19305
0
0
0
0
0
0
0
0
0
0
0
0
0
0
0
0
0
0
0
0
0
0
0
0
0
0
0
0
0
0
0
0
19827
0
19361
0
19356
19431
0
0
0
0
19459
19455
0
0
0
0
19368
0
19367
19431
0
0
0
19372
19963
0
19388
19378
0
0
19401
0
0
0
0
0
0
0
0
0
0
0
0
0
0
0
19376
0
19382
0
0
0
0
0
0
0
0
0
0
19903
0
0
0
0
0
19964
0
0
0
0
0
0
0
0
0
0
0
0
19424
0
0
0
20652
0
0
0
0
0
0
0
0
0
0
0
0
0
0
0
0
0
0
0
0
0
0
0
0
0
0
0
0
0
0
0
0
0
0
0
0
0
0
0
19460
0
0
0
0
0
0
0
0
0
0
0
0
0
0
0
0
0
0
0
0
0
0
0
0
0
0
0
0
0
0
0
0
0
0
0
0
0
0
19547
0
19511
0
0
0
0
0
0
0
0
0
0
0
0
0
0
0
0
0
0
0
0
0
0
0
0
0
0
0
0
0
0
0
0
0
0
0
0
0
0
0
0
0
0
0
0
19516
0
0
19556
0
0
0
0
0
0
0
0
0
0
0
0
0
0
0
0
0
0
0
0
0
0
0
0
0
0
0
0
0
0
0
0
0
0
0
0
0
19598
0
0
0
0
0
0
0
0
0
0
0
0
0
0
0
0
0
0
0
0
0
0
0
0
0
0
0
0
0
0
0
0
0
0
0
0
0
0
0
0
0
0
19641
0
0
0
0
0
0
0
0
0
0
0
0
0
0
0
0
0
0
0
0
0
0
0
0
0
0
0
0
0
0
0
0
0
0
0
0
0
0
0
19676
19657
0
19657
0
0
0
0
0
0
0
0
19689
0
0
0
0
0
19690
0
0
19690
0
0
0
0
0
0
0
0
0
0
0
0
0
0
0
0
0
0
0
0
0
0
0
0
0
0
0
19496
0
0
0
0
0
0
0
0
0
0
0
0
0
0
0
0
0
0
0
0
0
0
0
0
19764
0
0
0
0
0
0
0
0
0
0
0
0
0
0
19871
0
0
0
0
0
0
20007
20082
19188
0
0
0
19156
19188
20078
0
0
0
0
0
0
0
0
19791
0
0
0
0
0
0
0
0
0
0
0
0
0
0
0
19817
0
0
0
0
0
0
0
0
0
0
0
0
0
0
0
0
0
0
0
0
19827
0
0
0
0
0
0
0
0
0
0
0
0
0
19840
0
0
0
19844
0
0
0
0
0
0
0
0
0
0
0
0
0
0
0
0
0
0
19872
0
0
0
0
0
0
0
0
0
19893
0
0
0
0
0
0
0
18585
0
0
19901
0
0
19885
0
0
0
19883
0
0
0
0
19902
0
0
0
0
19893
0
0
19951
0
19880
0
0
0
0
0
19916
0
0
0
0
0
19854
19933
0
19855
19403
0
0
19932
0
0
0
0
0
0
0
0
0
0
0
0
0
0
0
0
0
0
0
0
19391
0
0
19897
0
0
0
0
0
0
0
0
0
0
0
0
0
0
19972
0
0
0
0
0
0
0
0
0
0
0
0
0
0
0
0
0
0
0
0
0
0
0
0
0
0
0
0
0
0
0
0
0
0
0
0
0
0
0
0
0
0
0
0
0
0
0
0
0
20012
0
0
19280
0
0
19256
0
0
20031
0
0
20031
0
0
0
0
0
0
0
0
0
0
0
0
0
0
20489
0
0
0
0
0
0
0
0
0
0
0
0
0
0
0
0
0
0
0
0
0
0
0
0
0
0
0
0
0
20059
0
0
20207
0
20106
20087
20100
0
0
0
20104
20007
0
20078
0
0
20203
20108
20119
20084
0
20133
0
20107
0
0
0
20083
0
0
0
0
0
0
20105
0
0
20187
0
0
0
20078
0
0
0
0
0
20103
0
20113
0
0
0
0
0
0
0
0
0
0
0
0
20179
0
0
0
0
0
0
8351
8308
0
0
0
0
0
0
0
0
0
0
0
0
0
0
0
0
0
0
0
0
0
0
0
0
0
0
0
0
0
0
0
0
0
0
0
0
20155
0
0
0
0
0
0
0
20188
20203
20078
20084
20126
20119
20107
21072
0
0
0
20126
0
0
0
0
0
0
20678
0
0
0
0
20759
0
0
0
0
0
0
0
0
0
0
0
0
0
0
0
0
0
0
0
0
20692
0
0
0
19549
0
20304
0
0
0
0
0
20557
0
0
0
0
20265
0
0
0
0
0
20256
0
0
0
0
0
0
0
0
0
0
0
0
20258
0
0
20256
0
20264
0
20258
0
0
20287
0
20287
20278
0
0
20256
0
20254
20254
0
0
0
0
0
0
0
0
0
0
0
0
0
0
0
0
0
0
0
0
0
0
0
0
0
0
0
0
0
0
0
0
0
0
0
0
0
0
0
0
0
0
0
0
0
0
0
0
0
0
0
0
0
0
0
20342
0
20605
0
0
0
0
0
0
0
0
0
0
20375
0
0
0
0
0
0
0
0
0
0
0
0
0
0
0
0
0
0
0
0
0
0
0
0
0
0
0
0
0
0
0
20379
0
0
0
0
0
0
0
0
0
0
0
0
0
0
0
0
0
0
0
0
0
0
0
0
0
0
0
0
0
0
0
0
0
0
0
0
0
0
0
0
0
0
0
0
0
0
0
0
0
0
0
0
0
0
0
0
0
0
0
0
0
0
0
0
0
0
0
0
0
0
0
0
0
0
0
0
0
0
0
0
0
20622
0
0
0
20485
0
0
0
0
0
0
0
0
0
0
0
0
0
0
20638
20036
0
0
0
0
0
0
20646
0
20495
0
0
0
0
0
0
0
0
0
0
0
0
0
0
0
0
0
0
0
0
0
0
0
20540
0
0
20546
0
0
0
0
0
0
0
0
0
0
0
0
20545
0
0
0
0
0
0
0
0
0
20552
0
0
0
0
0
0
0
20247
0
0
0
0
20409
0
0
20407
0
21033
21033
0
0
0
0
0
20575
0
0
0
0
0
0
0
0
0
0
0
0
0
0
0
0
0
0
0
0
19237
0
0
0
19237
0
20620
0
0
0
20033
0
0
20604
0
0
20618
0
0
0
0
0
0
0
0
0
0
0
20419
0
0
0
0
20650
0
0
0
0
0
0
0
0
0
0
20034
0
20036
0
0
0
0
0
0
0
0
0
0
0
0
0
0
0
0
0
0
0
0
0
0
0
0
20036
0
20646
20767
0
0
0
0
0
0
0
0
0
0
0
0
0
0
0
0
0
21033
20717
0
0
0
0
0
0
0
0
0
0
0
0
0
0
0
0
0
0
0
0
20151
0
0
0
0
0
0
0
0
0
0
0
0
0
0
0
0
0
0
0
0
0
0
0
0
0
20734
0
0
0
0
0
0
0
0
20743
0
0
0
0
0
0
0
0
20758
0
0
0
0
0
0
0
0
0
0
20757
0
0
0
0
0
19509
20783
0
0
0
0
0
0
0
0
0
0
0
0
20225
0
0
0
0
0
0
0
0
0
20829
20861
0
0
0
0
0
0
0
0
0
20808
0
0
0
0
0
0
0
0
0
20831
0
0
0
0
0
0
0
0
0
0
20854
0
0
0
20781
0
0
0
0
0
20831
0
0
0
0
0
0
0
0
0
20864
0
0
0
0
0
0
0
0
0
0
0
0
0
0
0
0
0
0
0
0
0
0
0
0
0
0
0
0
0
20977
20904
0
0
0
0
0
0
0
0
20911
0
20906
0
0
20911
0
0
0
20909
0
0
0
0
0
20902
0
0
0
0
0
0
0
0
0
0
0
0
0
0
0
0
0
0
0
21012
0
0
0
0
0
0
0
0
0
0
0
0
0
0
0
0
0
0
0
0
0
0
0
0
20962
0
0
0
0
0
0
0
0
0
0
0
0
0
0
20912
21015
0
0
0
0
0
0
0
0
0
0
0
0
0
0
0
0
21014
0
20933
0
20969
0
20991
0
0
0
0
0
0
0
0
0
0
0
0
20998
0
0
0
0
0
0
0
0
0
0
0
0
0
0
0
0
0
0
0
0
0
0
20998
0
0
0
21026
0
21085
21085
21033
0
0
0
0
0
0
0
0
0
0
0
0
0
0
0
0
0
21033
0
0
0
21085
21085
19791
21072
21071
21085
0
0
0
21072
21071
0
21072
0
0
0
21085
21071
0
0
21068
0
0
0
0
21068
21072
0
0
0
21068
21085
0
0
0
0
0
0
0
0
0
0
0
0
0
0
0
0
0
0
0
0
0
0
0
0
0
0
0
0
21123
0
0
0
0
0
0
0
0
0
0
0
0
0
21148
0
0
0
0
0
21136
0
0
0
0
0
0
21143
0
21144
0
0
0
0
0
0
0
0
0
0
0
0
21172
21347
0
21349
21170
0
21157
21157
0
0
0
0
0
0
0
0
0
0
0
0
0
0
0
0
0
0
0
0
0
0
0
0
0
0
0
0
0
0
0
0
0
0
0
0
0
0
0
0
0
0
0
0
0
0
0
0
0
0
0
0
0
0
0
0
0
0
0
0
0
0
0
0
0
0
0
0
0
0
0
0
0
0
21238
0
0
0
0
0
21247
0
21251
0
0
0
0
0
0
0
0
0
0
0
0
0
0
0
0
0
0
0
0
0
0
0
0
0
0
0
0
0
0
0
0
0
0
0
0
0
0
0
0
0
0
0
0
0
0
0
0
0
0
0
0
0
0
0
0
0
21276
0
0
0
0
0
0
0
0
0
0
0
0
0
0
0
0
21322
0
0
0
21349
0
0
0
0
21349
0
0
0
0
0
0
0
21349
0
0
0
0
21328
0
0
21349
0
0
0
0
0
0
0
0
0
0
0
0
0
0
0
0
0
0
0
0
0
0
0
0
0
0
0
21378
0
0
0
21370
0
21370
0
0
0
0
0
0
0
0
0
0
0
0
0
0
0
0
0
0
0
0
0
0
0
0
0
0
0
0
21422
0
0
0
0
0
0
0
0
0
0
0
0
0
0
0
0
0
0
0
0
0
0
0
0
21378
0
0
0
0
0
0
0
0
21516
0
0
0
0
0
21516
0
0
0
0
0
0
0
0
0
0
0
0
0
0
0
0
0
21483
0
0
0
0
0
0
0
0
0
0
21522
0
21522
21523
0
0
0
0
0
0
0
0
21490
0
0
21493
0
0
0
0
0
0
0
0
0
0
0
0
0
0
0
0
0
0
0
0
0
0
0
0
0
0
21522
0
0
0
0
21522
0
0
0
0
0
0
0
0
0
0
0
0
0
0
0
0
0
0
0
0
0
0
0
0
0
0
0
0
0
0
0
0
0
0
0
0
0
21571
0
0
21568
0
0
0
0
0
0
0
0
0
0
0
0
0
0
0
21585
0
0
0
0
21585
21589
21585
0
0
21599
0
0
0
0
0
0
0
0
0
0
21596
0
0
0
0
0
0
0
0
0
0
0
0
0
0
0
0
0
0
0
0
0
21623
0
0
0
0
0
0
0
0
0
0
0
0
0
0
0
0
0
0
0
0
0
0
0
0
21651
21651
0
0
0
0
0
0
0
0
0
0
0
0
0
0
0
0
0
0
0
0
0
0
0
0
0
0
0
0
0
0
0
0
0
0
0
0
21690
0
0
0
0
0
0
0
0
0
0
0
0
0
0
0
0
0
0
0
0
0
0
0
0
0
0
0
0
0
0
0
0
0
0
21724
0
0
0
0
0
0
0
0
0
21743
0
21742
0
0
21739
0
0
0
0
0
0
0
0
0
0
22172
0
0
0
0
0
0
0
0
0
0
0
0
0
0
0
0
0
0
0
0
0
0
0
0
0
0
0
0
0
0
0
0
0
0
0
0
0
0
0
0
0
0
0
0
0
0
0
0
0
0
0
0
0
0
0
0
0
0
0
0
0
0
0
0
0
0
0
0
0
0
0
0
0
0
0
0
0
0
0
0
0
0
0
0
0
0
0
0
0
0
0
0
0
0
0
0
22115
0
0
0
0
0
0
21855
21851
0
0
0
0
0
0
0
0
0
0
0
0
0
0
0
0
0
0
0
0
0
0
0
0
0
0
0
0
0
0
0
0
0
0
0
0
0
0
0
0
0
0
0
0
0
0
0
0
0
0
0
0
0
0
0
0
0
0
0
0
0
0
0
0
0
0
0
0
0
0
0
0
0
0
0
0
0
0
0
0
0
0
0
0
0
0
0
0
0
0
0
0
0
0
0
0
0
0
0
0
0
0
0
0
0
0
0
0
0
0
0
0
0
0
0
0
0
0
0
0
0
0
0
0
0
0
0
0
0
0
0
0
0
0
0
0
0
0
0
0
0
0
0
0
0
0
0
0
0
22011
0
0
0
0
0
0
0
0
0
0
0
0
0
0
0
0
0
0
0
0
0
0
0
0
0
0
0
0
0
0
0
0
0
0
0
0
0
0
0
0
0
0
0
0
0
0
0
0
0
0
0
0
0
0
0
0
22062
0
0
0
0
0
0
0
0
0
0
0
0
0
0
0
0
0
0
0
0
0
0
0
0
0
0
0
0
0
0
0
0
0
0
0
0
0
0
0
0
0
0
0
0
0
0
0
22110
0
0
0
0
0
0
0
0
0
0
0
0
0
0
0
0
0
0
0
0
0
0
0
0
0
22043
0
0
0
0
0
0
0
0
0
0
0
0
0
0
0
0
0
0
0
0
0
0
0
0
0
0
0
0
0
0
0
0
0
0
0
22167
0
0
0
0
0
0
0
0
0
0
0
0
0
0
0
0
0
0
0
0
0
0
0
0
0
0
0
0
0
0
0
0
0
0
0
0
0
0
0
0
0
0
0
0
0
0
0
0
0
0
0
0
0
0
0
0
0
0
0
0
0
0
0
0
0
0
0
0
0
0
0
0
0
0
0
0
0
0
0
0
0
0
0
0
0
0
0
0
0
0
0
0
0
0
0
0
0
0
0
0
0
0
0
0
0
0
0
0
0
0
0
0
0
0
0
0
0
0
0
0
0
0
0
0
0
0
0
0
0
0
22302
0
0
0
0
0
22303
0
0
0
0
0
0
0
0
0
0
0
0
0
22303
0
0
0
0
0
0
0
0
0
0
0
0
0
0
0
0
0
0
0
0
0
0
0
0
0
0
0
0
0
0
0
0
0
0
0
0
0
0
0
0
0
0
0
0
0
0
0
0
0
0
0
0
0
0
0
0
0
0
0
0
0
0
0
0
0
0
0
0
0
0
0
0
0
0
0
0
0
0
0
0
0
0
0
0
0
0
0
0
0
0
0
0
0
0
22415
0
0
0
0
0
0
0
0
0
0
0
0
0
0
0
0
0
0
0
0
0
0
0
0
0
0
0
0
0
0
0
0
0
0
0
0
0
0
0
0
0
0
0
0
0
0
0
0
0
0
0
0
0
0
0
0
0
0
22690
0
0
0
0
0
0
0
0
0
0
0
0
0
0
0
0
0
0
0
0
0
0
0
0
0
0
0
0
0
0
0
0
0
0
0
0
0
0
0
0
0
0
0
0
0
0
0
0
0
0
0
22547
0
0
0
0
0
0
0
0
0
0
0
0
0
0
0
0
0
0
0
0
0
0
0
0
0
0
0
0
0
0
0
0
22526
0
0
0
0
0
0
0
0
0
0
0
0
0
0
0
0
0
0
0
0
0
0
0
0
0
22587
0
0
22618
0
22622
22622
22602
0
0
0
0
0
0
22612
18838
0
0
22602
22581
0
0
0
22631
0
22594
0
0
0
0
0
0
0
22618
22617
22616
0
0
0
0
0
22634
0
22656
22602
0
0
0
0
0
0
0
0
0
22651
0
0
0
0
0
0
0
0
0
0
0
0
0
0
0
0
0
0
0
0
0
0
0
0
0
0
22672
0
0
0
0
0
0
0
0
0
0
0
0
0
0
0
0
0
0
0
22959
0
0
0
0
0
22694
0
0
0
0
0
0
22784
0
0
0
0
0
0
0
0
0
0
0
0
0
0
0
0
0
0
22707
0
0
22707
0
0
0
0
0
0
0
0
0
22747
0
0
0
0
0
0
0
0
0
0
0
0
0
0
0
22777
0
0
0
0
0
0
0
0
0
0
0
0
0
0
0
0
0
0
0
0
0
0
0
0
0
0
0
0
0
0
0
0
0
0
0
0
0
0
0
0
0
0
0
0
0
0
0
0
0
0
0
0
0
0
0
0
0
0
0
0
0
0
0
0
0
0
0
0
0
0
0
0
0
0
0
0
0
0
0
0
0
0
0
0
0
0
0
0
0
0
0
0
0
0
0
0
0
0
0
0
0
0
0
0
0
0
0
0
0
0
0
0
0
0
0
0
0
0
0
0
0
0
0
0
22822
0
0
0
0
0
0
0
0
22889
0
0
0
0
0
0
0
0
22895
0
0
0
0
0
0
0
0
0
0
0
0
0
0
0
0
0
0
0
0
0
0
0
0
0
0
0
0
0
22917
0
0
0
22938
0
0
0
0
0
0
0
0
0
0
22937
0
0
0
0
0
0
0
22942
0
0
0
0
0
0
0
0
0
0
0
0
0
0
0
0
0
0
0
0
0
0
0
0
22973
0
0
0
0
0
0
0
0
0
0
0
0
0
0
0
0
0
0
0
0
0
0
0
0
0
0
0
0
0
0
0
0
0
0
0
0
0
0
0
0
0
0
0
0
23027
0
0
0
0
0
23027
0
23027
23024
0
0
0
0
0
23024
0
0
0
0
0
0
0
0
0
0
0
0
0
0
0
0
0
0
0
0
0
0
0
0
0
0
0
0
0
0
23073
0
0
0
0
0
0
0
0
0
0
0
0
0
0
0
0
0
0
0
0
0
0
0
0
0
23327
0
0
0
0
0
0
0
0
0
0
0
0
0
0
0
0
0
0
0
0
0
0
0
0
0
0
0
0
0
0
0
0
0
0
0
0
0
0
0
0
0
23147
0
23136
0
0
0
0
0
0
0
0
0
0
0
0
0
0
0
0
0
0
0
0
0
0
0
0
0
0
0
0
0
0
0
0
0
0
0
0
0
0
0
0
0
0
23209
0
0
0
23132
0
23187
0
23201
0
0
0
0
0
0
0
0
23144
0
23180
23210
0
0
0
0
23209
0
0
0
0
0
0
0
0
0
0
0
0
0
0
0
0
0
0
23229
0
23180
0
0
23260
0
0
0
0
0
0
0
0
0
0
0
0
0
0
0
0
0
0
0
0
0
0
0
0
0
0
0
0
0
0
0
0
0
0
0
0
0
0
0
0
0
0
0
0
23301
0
0
23269
0
0
0
0
0
0
0
23297
0
23291
0
0
0
23291
23301
0
0
0
23310
0
0
23303
0
23291
0
0
0
0
0
0
0
0
0
0
0
0
0
0
0
0
0
0
0
0
0
0
0
0
0
23299
0
0
0
0
23316
0
0
0
0
0
0
0
0
0
0
0
0
0
0
0
0
0
0
0
0
0
0
0
0
0
0
0
0
0
0
0
0
0
0
0
0
0
0
0
0
0
0
0
0
0
0
0
0
0
0
0
0
23380
0
0
23396
0
23396
0
0
0
0
0
23396
0
0
0
23391
25124
0
0
23396
25124
0
0
0
0
0
0
0
0
0
0
0
0
23406
23413
0
0
0
0
0
0
0
0
0
0
0
0
0
0
0
0
0
0
0
0
0
0
0
0
0
0
0
0
0
0
0
23471
0
0
0
0
23452
0
0
0
0
0
0
0
0
0
0
0
0
0
0
0
0
0
0
0
0
0
0
0
0
23443
23888
0
0
0
0
0
0
0
0
0
0
0
0
0
0
0
0
23489
0
0
0
0
0
0
0
0
23979
0
0
0
0
0
23653
0
0
0
0
0
23519
0
23850
23495
0
0
0
0
0
0
0
0
0
0
0
0
0
0
0
0
0
0
0
0
0
0
0
0
0
0
0
0
0
0
0
0
0
0
0
0
0
0
0
0
0
0
0
0
0
0
0
0
0
0
0
0
0
0
0
0
0
0
0
23535
0
0
0
0
0
0
0
0
0
0
0
0
0
0
0
0
0
0
0
0
0
0
0
0
0
0
0
0
0
0
0
0
0
0
0
0
0
0
0
0
0
0
0
0
0
0
0
0
0
0
0
0
0
0
0
0
0
0
0
0
0
0
0
0
0
0
0
0
0
0
0
0
0
0
23654
0
0
0
0
0
0
0
0
0
0
0
0
0
0
0
0
0
0
0
0
0
0
0
0
0
0
0
0
0
0
0
23680
0
0
0
0
0
0
0
0
0
0
0
0
0
0
0
0
0
0
23697
0
0
0
0
0
0
0
0
0
0
0
0
0
0
0
0
0
0
0
0
0
0
0
0
0
0
0
0
0
0
0
0
0
0
0
0
0
0
0
0
0
0
0
0
0
0
0
23770
0
0
23759
0
0
0
0
0
0
23830
0
0
0
0
0
0
0
0
0
0
0
0
0
0
0
0
0
0
0
0
0
0
0
0
0
0
0
0
0
0
0
0
0
0
0
0
23799
23808
0
0
0
0
0
0
23809
0
0
0
0
0
0
23817
0
0
0
0
0
0
0
0
0
0
0
0
0
0
0
0
0
0
0
0
0
0
0
0
0
0
0
0
0
0
0
0
0
0
0
0
0
0
0
0
23722
0
0
0
0
0
0
0
0
0
0
0
0
0
0
0
0
0
0
0
0
0
0
0
0
0
0
0
0
0
0
0
23884
0
23876
0
0
0
0
0
0
0
23681
0
0
0
23897
0
0
0
0
0
0
0
0
0
0
0
0
0
0
0
0
0
0
0
0
0
0
0
0
0
0
0
0
0
0
0
0
0
0
0
0
0
0
0
0
0
0
0
0
0
0
0
0
0
0
0
0
0
0
0
0
0
0
0
0
0
0
0
0
0
0
0
0
0
0
0
0
0
23518
0
0
0
0
0
0
0
0
0
0
0
0
0
0
0
0
23992
0
0
0
0
0
0
0
0
0
0
0
0
0
0
0
0
0
0
0
0
0
0
0
0
0
0
0
0
0
0
0
0
0
0
0
0
0
0
0
0
0
0
0
0
0
0
0
0
0
0
0
0
0
0
0
0
0
0
0
0
0
0
0
0
0
0
0
0
0
0
0
0
0
0
0
0
0
0
0
0
0
0
0
0
0
0
0
0
0
0
0
0
0
0
0
0
0
0
0
0
0
0
0
0
0
0
0
0
0
0
0
0
0
0
0
0
0
0
0
0
0
0
0
0
0
0
0
0
0
0
0
0
0
0
0
0
0
0
0
0
0
0
21729
0
0
0
0
24132
0
0
0
0
0
0
0
24142
0
0
0
0
0
0
24154
0
0
0
0
0
0
0
24265
0
0
0
0
0
0
0
0
0
0
0
0
24457
0
0
24178
0
0
0
0
0
24261
24450
0
0
24456
24462
0
0
0
0
0
0
0
0
0
0
0
0
0
0
24268
0
24202
0
0
0
0
0
0
0
0
0
0
0
0
0
0
0
24225
0
0
0
0
0
0
0
0
0
0
0
0
25736
24237
0
0
0
0
0
0
0
24244
0
0
0
0
0
24244
0
0
0
0
24250
24267
0
24250
0
0
0
0
24270
24256
0
0
24256
0
0
0
0
0
0
0
0
0
0
0
0
0
0
0
0
0
0
0
0
0
0
0
0
0
0
0
0
0
0
0
0
0
24336
0
0
0
0
0
0
24306
0
0
0
0
0
0
0
0
0
0
0
0
0
0
0
0
0
0
0
0
0
0
0
0
24337
0
0
0
0
0
0
0
0
0
24339
0
0
0
0
0
0
0
0
0
0
0
24357
24359
0
0
0
0
24359
0
0
0
24362
0
0
0
0
0
0
0
0
0
0
0
0
0
0
0
0
0
0
0
0
0
24383
0
0
0
0
0
0
0
0
0
0
0
0
0
0
0
0
0
0
0
0
0
24261
0
0
0
0
0
0
0
0
0
0
0
0
0
0
0
0
0
0
0
0
0
0
0
0
0
0
0
0
0
0
0
0
0
0
0
0
0
0
0
0
0
0
0
0
0
0
24451
0
0
24158
0
0
0
0
0
0
0
0
0
0
0
0
0
0
0
0
0
0
0
0
0
0
0
0
0
0
0
0
0
0
0
0
0
0
0
0
0
0
0
0
0
0
0
24501
0
0
0
0
0
24507
0
0
0
0
0
0
0
0
0
0
0
0
0
0
0
0
0
0
0
0
0
0
0
0
0
0
0
0
0
0
0
0
0
0
0
0
0
0
0
0
0
0
0
0
0
0
0
0
0
0
0
0
0
0
0
0
0
0
0
0
0
0
0
0
0
0
0
0
0
0
0
0
0
0
0
24574
0
0
0
0
0
0
0
0
0
0
0
0
0
0
0
0
0
0
0
0
0
0
0
0
0
0
25530
0
0
0
24612
0
0
0
0
0
0
0
0
0
0
0
0
0
0
0
0
0
0
0
0
0
0
0
0
0
0
0
0
0
0
0
0
0
0
0
0
0
0
0
0
0
0
0
0
0
0
0
0
0
0
0
0
0
0
0
0
0
0
0
0
0
0
0
0
0
0
0
0
0
0
0
0
0
0
24691
0
0
0
0
0
0
0
0
0
0
0
0
0
0
0
0
0
0
0
0
0
0
0
0
0
0
0
0
0
0
0
0
0
0
0
0
0
0
0
0
0
0
0
0
0
0
0
0
0
0
0
0
0
0
0
0
0
0
0
0
0
0
0
0
0
0
0
0
0
0
0
0
0
0
0
0
0
0
24763
0
0
0
0
0
24772
0
0
0
0
0
0
0
0
0
0
0
0
0
0
0
0
0
0
0
0
0
0
0
0
0
0
0
0
0
0
0
0
0
0
0
0
0
0
0
0
0
0
0
0
0
0
0
0
0
0
0
0
0
0
0
0
0
0
0
0
0
0
0
0
0
0
0
0
0
0
0
0
0
0
0
0
0
0
0
0
0
0
0
0
0
0
0
0
0
0
0
0
0
0
0
0
0
0
0
0
0
0
0
0
0
0
0
0
0
0
0
0
0
0
0
0
0
0
0
0
0
24899
0
0
0
0
0
0
0
0
0
0
24899
0
0
24899
0
0
0
0
0
0
0
0
0
0
0
0
0
0
0
0
0
0
0
0
0
0
0
0
0
0
0
0
0
0
0
0
0
0
0
0
24944
0
0
0
0
24955
0
0
0
0
0
24960
0
0
0
0
0
0
0
0
0
0
0
0
0
0
0
0
0
0
0
0
0
0
0
0
0
0
0
0
0
0
0
0
0
0
0
0
0
0
0
0
0
0
0
25007
0
0
0
0
0
0
0
0
0
0
0
0
0
0
0
25020
0
0
0
0
0
0
0
0
0
0
0
0
0
0
0
0
0
0
0
0
0
0
0
0
0
0
0
0
0
0
0
0
0
0
0
0
0
0
0
0
0
0
0
0
0
0
0
0
0
0
0
0
0
0
0
0
25116
0
0
0
0
0
0
0
0
0
0
0
0
0
0
0
0
0
0
0
0
0
0
0
0
0
0
25365
0
0
0
0
0
0
0
0
0
0
0
0
0
0
0
0
0
0
0
0
0
0
0
0
0
0
0
0
0
0
0
0
0
0
0
0
0
0
0
0
0
0
0
0
0
0
0
0
0
0
0
0
0
0
0
0
0
0
0
0
0
0
0
0
0
0
25175
0
0
0
0
0
0
0
0
0
0
0
0
0
0
0
0
0
0
0
0
0
0
0
0
0
0
0
0
0
0
0
0
0
0
0
0
0
0
0
0
0
0
0
0
0
0
0
0
0
0
0
0
0
0
0
0
0
0
0
0
0
0
0
0
0
0
0
0
0
0
0
0
0
0
0
0
0
0
0
0
0
0
0
0
0
0
0
0
0
0
0
0
0
0
0
0
0
0
0
0
0
0
25347
0
0
0
0
0
25630
0
0
0
0
0
0
0
0
0
0
0
0
0
0
0
0
0
0
0
0
0
0
0
0
0
0
0
0
0
0
0
0
0
0
25455
0
0
0
0
0
0
0
0
0
0
0
0
0
0
0
0
0
0
0
0
0
0
0
0
0
0
0
0
0
0
0
0
0
0
0
0
0
0
0
0
0
0
0
0
0
25347
0
0
0
0
0
0
0
0
0
0
0
0
0
0
0
0
0
0
0
0
0
0
0
0
0
0
0
0
0
0
0
0
0
0
0
0
0
0
0
0
0
0
0
0
0
0
0
0
0
0
0
0
0
0
0
0
0
0
0
0
0
0
0
0
0
0
0
0
0
0
0
0
0
0
0
0
0
0
0
0
0
0
0
0
0
0
0
0
0
0
0
0
0
0
0
0
0
0
0
0
0
0
0
0
0
0
0
0
0
0
0
0
0
0
0
0
0
0
0
0
0
0
0
0
0
0
0
0
0
0
0
0
0
0
0
0
0
0
0
0
0
0
0
0
0
0
0
0
0
0
0
0
0
0
0
0
0
0
0
0
0
0
0
0
0
0
0
0
0
0
0
0
0
0
0
0
0
0
0
0
0
0
0
0
0
0
0
0
0
0
0
0
0
0
0
0
0
0
0
0
0
0
0
0
0
0
0
0
0
0
0
0
0
0
0
0
0
0
25591
0
0
0
25591
25595
0
0
0
0
0
0
0
0
0
0
0
0
25607
25654
25595
0
25607
0
0
25674
0
0
0
0
0
0
0
0
25629
0
0
0
0
0
0
0
0
0
0
0
0
0
0
0
0
0
0
0
0
0
0
0
0
0
0
0
0
0
0
0
0
0
0
0
0
0
0
0
0
0
0
0
0
0
0
0
0
0
0
0
25667
0
0
0
0
0
0
0
0
0
0
25595
25278
25595
0
0
0
0
0
0
0
0
0
0
0
0
0
0
0
0
0
0
0
0
0
0
0
0
0
0
0
0
0
25710
24179
0
0
0
25715
0
0
0
0
0
0
0
0
25723
0
0
25684
0
0
0
0
0
0
0
0
0
0
0
