67.542000	569.588989	464.380005
67.615997	569.539978	464.278015
67.601997	569.556030	464.298004
67.578003	569.518982	465.174988
67.577003	569.518982	465.299988
67.620003	569.538025	465.497986
67.736000	569.681030	465.569000
67.613998	569.541992	465.557007
67.611000	569.546021	465.618011
67.653000	569.640991	466.023987
67.976997	568.554993	452.265991
68.033997	568.471008	452.230011
68.103996	568.518982	451.457001
68.111000	568.510986	451.640991
68.531998	568.745972	451.626007
67.992996	568.737976	451.442993
67.987999	568.804993	451.388000
67.935997	568.773987	451.287994
67.991997	568.674011	451.888000
67.997002	568.737976	451.994995
67.990997	568.672974	451.945007
67.999001	568.797974	451.441986
67.988998	568.739990	451.388000
68.000000	568.604980	451.967987
68.061996	568.560974	451.404999
68.012001	568.661011	451.441986
68.074997	568.556030	451.457001
68.042999	568.835999	451.489990
68.003998	568.731018	451.497986
68.018997	568.655029	451.386993
68.070000	568.867004	451.497009
68.092003	568.932983	451.428009
68.001999	568.668030	451.497986
68.096001	568.937988	451.410004
68.007004	568.859985	451.441010
68.223999	568.901001	451.453003
68.018997	568.784973	451.492004
68.369003	568.818970	451.489990
68.334999	568.851990	451.487000
68.085999	568.986023	451.425995
68.356003	568.921021	451.390991
68.138000	568.906982	451.386993
68.421997	568.794983	451.493988
68.089996	568.987976	451.425995
68.120003	568.497009	451.917999
68.084999	568.877991	451.595001
68.100998	568.536011	451.619995
68.007004	568.729980	451.605988
68.002998	568.734009	451.552002
68.007004	568.663025	451.610992
68.049004	568.570007	451.571991
68.060997	568.562012	451.516998
68.003998	568.731995	451.662994
68.028999	568.708984	451.527008
68.010002	568.664001	451.718994
68.028999	568.585999	451.687012
68.016998	568.658020	451.553986
68.317001	568.624023	451.722992
68.003998	568.664001	451.665009
68.010002	568.726013	451.718994
68.320000	568.679016	451.704987
68.087997	568.539001	451.540985
68.207001	568.888977	451.505005
68.319000	568.734009	451.665009
68.166000	568.833984	451.588989
68.050003	568.830994	451.600006
68.065002	568.864014	451.548004
68.015999	568.786987	451.657990
68.052002	568.567993	451.740997
68.054001	568.827026	451.653992
68.335999	568.689026	451.605011
68.309998	568.728027	451.714996
68.022003	568.783997	451.713013
68.294998	568.882996	451.501007
68.023003	568.703979	451.681000
68.322998	568.737000	451.613007
68.141998	568.854004	451.666992
68.121002	568.841003	451.721008
68.333000	568.796997	451.596008
68.323997	568.846008	451.536011
68.155998	568.814026	451.729004
68.344002	568.801025	451.545013
68.055000	568.827026	451.712006
68.280998	568.875977	451.553009
68.301003	568.823975	451.592987
68.310997	568.840027	451.588013
68.268997	568.869995	451.602997
68.308998	568.784973	451.750000
68.289001	568.828003	451.740997
68.324997	568.791992	451.648987
68.022003	568.586975	451.799988
68.039001	568.838013	451.545990
68.018997	568.786987	451.546997
68.252998	568.861023	451.705994
68.167999	568.867981	451.614014
68.107002	568.513977	451.821991
68.007004	568.729980	451.773010
68.009003	568.598022	451.911011
68.258003	568.864014	451.657013
68.320000	568.788025	451.699005
68.004997	568.731995	451.830994
67.999001	568.734985	451.940002
68.297997	568.614014	451.872986
68.307999	568.835999	451.638000
68.289001	568.804016	451.733002
68.303001	568.723999	451.764008
68.024002	568.586975	451.854004
68.014999	568.700012	451.997009
68.329002	568.684998	451.752991
68.001999	568.669006	451.830994
68.282997	568.603027	451.927002
68.288002	568.716003	451.868011
68.002998	568.666992	451.777008
68.309998	568.617004	451.773987
68.291000	568.663025	451.910004
68.313004	568.674011	451.806000
68.000999	568.734009	451.884003
68.283997	568.716003	451.967987
68.027000	568.781982	451.821991
68.300003	568.721985	451.813995
68.302002	568.614990	451.825989
68.109001	568.835022	451.773010
68.273003	568.598999	451.977997
68.095001	568.802979	451.869995
68.030998	568.778015	451.769012
68.099998	568.799011	451.927002
68.221001	568.843994	451.860992
68.063004	568.822998	451.764008
68.037003	568.775024	451.931000
68.241997	568.854980	451.760010
68.089996	568.822021	451.826996
68.061996	568.806030	451.932007
68.029999	568.778992	451.878998
68.083000	568.820984	451.877014
68.085999	568.807983	451.817993
68.248001	568.804993	451.994995
68.299004	568.831970	451.688995
68.289001	568.716980	451.915985
68.303001	568.778992	451.799011
68.234001	568.851013	451.808990
68.198997	568.831970	451.964996
68.272003	568.817993	451.842010
68.297997	568.776001	451.848999
68.279999	568.822021	451.790985
68.278999	568.781006	451.872986
68.260002	568.809998	451.944000
68.211998	568.835999	451.912994
68.180000	568.814026	451.972992
68.282997	568.658020	451.963013
68.283997	568.768982	451.951996
68.151001	568.806030	451.864014
68.175003	568.815979	451.919006
68.015999	568.700012	451.842010
68.292999	568.775024	451.898987
68.100998	568.797974	451.980011
68.029999	568.789978	451.990997
68.301003	568.668030	451.858002
68.265999	568.812988	451.891998
68.096001	569.046021	451.463013
67.983002	568.682007	452.056000
67.978996	568.684021	452.109985
67.986000	568.611023	452.024994
67.974998	568.687012	452.165985
67.974998	568.617004	452.139008
67.987999	568.612000	452.082001
67.985001	568.676025	451.998993
67.995003	568.541016	452.209015
67.984001	568.612976	452.191986
67.973000	568.684998	452.276001
67.998001	568.734985	452.049988
67.961998	568.627014	452.306000
67.975998	568.684021	452.220001
67.966003	568.625977	452.247986
68.107002	568.794983	452.036011
68.084000	568.476013	452.196014
68.142998	568.473022	452.195007
68.101997	568.469971	452.139008
68.095001	568.494995	452.109009
68.161003	568.466980	452.277008
68.081001	568.473999	452.274994
68.167000	568.473999	452.194000
68.002998	568.734009	452.105011
68.200996	568.500977	452.204987
68.004997	568.695007	452.153992
68.002998	568.734009	452.160004
68.276001	568.598022	452.027008
68.266998	568.593994	452.079010
68.289001	568.716980	452.063995
68.278000	568.710022	452.118011
68.279999	568.655029	452.061005
68.291000	568.661011	452.010986
68.271004	568.651001	452.213013
68.218002	568.510986	452.153015
68.275002	568.708008	452.165985
68.278999	568.653992	452.110992
68.269997	568.706970	452.218994
68.264999	568.591980	452.181000
68.003998	568.731995	452.214996
68.249001	568.747986	452.209015
68.143997	568.791016	452.002991
68.265999	568.593994	452.128998
68.160004	568.807983	452.122986
68.267998	568.593018	452.227997
68.189003	568.806030	452.028015
68.205002	568.799011	452.079987
68.273003	568.653015	452.164001
68.011002	568.778992	452.042999
68.254997	568.729004	452.158997
68.176003	568.817017	452.070007
68.239998	568.797974	452.049011
68.044998	568.770996	452.097992
68.114998	568.789978	452.088989
68.134003	568.776001	452.197998
68.235001	568.794006	452.097992
68.216003	568.783020	452.201996
68.272003	568.760010	452.053009
68.289001	568.716003	452.014008
68.057999	568.763000	452.207001
68.144997	568.799988	452.175995
68.267998	568.755981	452.014008
68.121002	568.784973	452.144012
68.278000	568.765015	452.003998
68.269997	568.758972	452.153015
68.051003	568.768005	452.149994
68.126999	568.791016	452.231995
68.186996	568.825012	452.016998
68.135002	568.768982	452.145996
68.002998	568.729980	452.269989
68.262001	568.646973	452.264008
68.259003	568.588989	452.282013
68.058998	568.758972	452.260986
68.242996	568.742981	452.259003
68.156998	568.763000	452.303986
68.202003	568.776978	452.256012
68.271004	568.706970	452.266998
68.191002	568.770996	452.307007
68.113998	568.783020	452.285004
68.263000	568.755981	452.104004
68.139999	568.773987	452.252991
68.125999	568.750000	452.285004
68.220001	568.786011	452.151001
68.040001	568.773010	451.987000
68.042999	568.773010	452.040985
68.141998	568.473999	452.102997
68.169998	568.479980	452.110992
68.532997	568.802002	451.467987
68.551003	568.812988	451.415009
68.671997	568.828003	451.403992
68.641998	568.812012	451.457001
68.488998	568.942017	451.307007
68.495003	568.890991	451.367004
68.485001	568.830994	451.432007
68.542999	568.916992	451.308990
67.538002	569.437012	465.339996
67.544998	569.461975	465.431000
67.538002	569.466003	465.365997
67.535004	569.466003	465.304993
67.582001	569.500977	465.375000
67.579002	569.500977	465.312012
67.575996	569.505005	465.615997
67.570000	569.508972	465.550995
67.545998	569.226990	463.393005
67.544998	569.250000	463.476990
67.550003	569.271973	464.027008
67.542999	569.278015	464.083008
67.587997	569.327026	464.071014
67.573997	569.318970	464.141998
67.559998	569.327026	464.197998
67.528000	569.286011	464.138000
67.500000	569.302002	464.365997
67.593002	569.369019	464.377991
67.509003	569.296997	464.309998
67.542000	569.340027	464.308014
67.517998	569.353027	464.419006
67.467003	569.341003	464.541992
67.527000	569.374023	464.865997
67.505997	569.422974	465.179993
67.488998	569.375000	464.942993
67.507004	569.362000	465.013000
67.516998	569.367981	465.009003
67.528999	569.411011	465.251007
67.515999	569.293030	464.192993
67.480003	569.315979	464.894989
67.501999	569.385010	465.144989
67.491997	569.370972	465.127014
67.504997	569.364014	465.071014
67.584999	569.544983	463.360992
67.627998	569.348022	463.333008
67.597000	569.431030	463.424988
67.619003	569.396973	463.351990
67.700996	569.388000	463.350006
67.509003	569.284973	463.634003
67.591003	569.494995	463.403015
67.611000	569.515015	464.233002
67.588997	569.518982	465.052002
67.603996	569.486023	464.302002
67.509003	569.362000	464.473999
67.615997	569.416016	464.255005
67.574997	569.380005	464.429993
67.496002	569.367981	464.528015
67.524002	569.351990	464.359009
67.496002	569.429016	464.996002
67.553001	569.421021	464.523987
67.578003	569.440002	464.658997
67.487000	569.375977	464.582001
67.581001	569.437012	464.572998
67.528000	569.409973	464.587006
67.620003	569.455994	464.763000
67.612000	569.419983	464.610992
67.583000	569.492004	464.917999
67.533997	569.405029	464.532990
67.559998	569.479004	464.790985
67.486000	569.437012	465.050995
67.532997	569.468018	465.062012
67.535004	569.468018	465.119995
67.584999	569.497986	465.191986
67.541000	569.463013	465.247009
67.532997	569.468994	465.181000
67.484001	569.437012	465.109985
67.642998	569.526001	465.166992
67.583000	569.500977	465.252014
67.973999	568.554993	452.324005
67.956001	568.565002	452.380005
67.936996	568.577026	452.492004
67.950996	568.570984	452.437012
68.027000	568.479004	452.316986
67.894997	568.567017	452.489990
67.933998	568.583008	452.545990
67.934998	568.580017	452.602997
67.947998	568.638000	452.362000
67.992996	568.739014	452.381012
67.944000	568.638000	452.415985
67.945999	568.661987	452.485992
67.971001	568.689026	452.330994
67.961998	568.695007	452.442993
67.994003	568.737976	452.437012
67.934998	568.643982	452.471008
67.962997	568.692017	452.388000
67.950996	568.697998	452.498993
67.987999	568.741028	452.492004
67.987000	568.763977	452.402008
67.972000	568.677002	452.324005
68.166000	568.473999	452.356995
68.013000	568.497986	452.490997
68.142998	568.473999	452.372986
68.195000	568.494019	452.307007
68.021004	568.484009	452.406006
68.082001	568.471008	452.358002
68.175003	568.491028	452.428986
68.124001	568.494995	452.454010
68.084000	568.476013	452.433990
68.247002	568.583008	452.334991
68.009003	568.729980	452.324005
68.241997	568.578979	452.385986
68.080002	568.747986	452.367004
68.117996	568.739990	452.424988
68.230003	568.570984	452.487000
68.193001	568.741028	452.411987
68.239998	568.635010	452.471008
68.241997	568.690979	452.472992
68.230003	568.737000	452.312988
68.249001	568.638977	452.416992
68.226997	568.570007	452.440002
68.242996	568.706970	452.302002
68.251999	568.697021	452.371002
68.241997	568.690979	452.423004
68.214996	568.731018	452.466003
68.224998	568.734985	452.363007
68.169998	568.755981	452.358002
68.255997	568.640991	452.316986
68.056999	568.802979	452.484985
68.095001	568.773010	452.440002
68.071999	568.752991	452.312988
68.045998	568.770996	452.425995
68.250999	568.638977	452.368011
68.046997	568.799988	452.437988
68.177002	568.763977	452.460999
68.035004	568.775024	452.481995
68.264999	568.702026	452.317993
68.100998	568.773010	452.489014
68.097000	568.773987	452.337006
68.181000	568.763977	452.360992
68.096001	568.771973	452.388000
68.218002	568.729004	452.414001
68.177002	568.763977	452.411987
68.084999	568.479980	452.514008
68.125999	568.492981	452.545990
68.211998	568.562012	452.541992
68.109001	568.781006	452.536987
68.212997	568.728027	452.515015
68.228996	568.625977	452.523987
68.217003	568.676025	452.528992
68.217003	568.653015	452.588989
68.204002	568.721985	452.619995
68.116997	568.502991	452.630005
68.198997	568.556030	452.596985
68.096001	568.502991	452.665009
68.018997	568.513977	452.665009
68.188004	568.517029	452.580994
68.224998	568.624023	452.575012
68.213997	568.616028	452.678986
68.202003	568.544006	452.652008
68.207001	568.614014	452.727997
68.206001	568.669006	452.632996
68.199997	568.617004	452.738007
68.010002	568.502014	452.580994
68.196999	568.664001	452.686005
68.195000	568.663025	452.738007
68.213997	568.568970	452.722992
68.024002	568.526001	452.740997
68.162003	568.531006	452.707001
68.019997	568.784973	452.593994
68.193001	568.549988	452.648987
68.219002	568.620972	452.626007
68.175003	568.760986	452.562988
68.000999	568.512024	452.665009
68.180000	568.762024	452.609985
68.196999	568.718994	452.721008
68.204002	568.721008	452.670013
68.109001	568.512024	452.717010
68.042000	568.794983	452.638000
68.207001	568.726013	452.566986
68.112000	568.778992	452.584991
68.209000	568.669983	452.580994
68.041000	568.796021	452.539001
68.024002	568.781982	452.537994
68.124001	568.749023	452.557007
68.121002	568.783997	452.684998
68.110001	568.512024	452.806000
68.176003	568.760986	452.712006
68.195000	568.718018	452.770996
68.196999	568.614990	452.872009
68.128998	568.791016	452.733002
68.138000	568.517029	452.765015
68.194000	568.607971	452.832001
68.190002	568.658997	452.787994
68.197998	568.606995	452.781006
68.192001	568.661011	452.838013
68.133003	568.763977	452.686005
68.191002	568.716003	452.875000
68.026001	568.789001	452.592987
68.105003	568.518005	452.898987
68.175003	568.760986	452.513000
68.176003	568.763000	452.661011
68.193001	568.716003	452.821014
68.105003	568.518005	452.894989
68.182999	568.601013	452.938995
68.182999	568.655029	452.890991
68.189003	568.713989	452.924988
68.193001	568.604980	452.884003
68.185997	568.658020	452.940002
68.176003	568.763000	452.811005
68.172997	568.760010	452.765015
68.134003	568.768005	452.821991
68.102997	568.520020	452.980988
68.178001	568.763977	452.864014
68.128998	568.788025	452.782013
68.132004	568.793030	452.830994
68.100998	568.510986	452.824005
68.196999	568.716980	452.973999
68.185997	568.765991	452.960999
68.119003	568.784973	452.632996
68.137001	568.794006	452.881989
68.184998	568.656006	452.990997
68.181000	568.601013	452.989990
68.108002	568.523010	452.976990
68.179001	568.763000	452.914001
68.182999	568.601990	453.037994
68.185997	568.658020	453.041992
68.193001	568.581970	453.071991
68.199997	568.721985	453.074005
68.205002	568.630005	453.002991
68.198997	568.721008	453.020996
68.188004	568.601013	453.088013
68.189003	568.603027	453.136993
68.212997	568.645996	453.135986
68.213997	568.674011	453.134003
68.203003	568.668030	453.087006
68.185997	568.765991	453.010986
68.228996	568.682007	452.446991
67.974998	568.750977	452.548004
67.943001	568.703979	452.554993
67.931999	568.583984	452.657013
67.933998	568.578979	452.710999
67.945000	568.663025	452.640015
67.967003	568.752991	452.660004
67.931999	568.646973	452.527008
67.932999	568.710999	452.666992
67.971001	568.544983	452.837006
67.930000	568.583008	452.824005
67.986000	568.528015	452.750000
67.934998	568.656982	452.799011
67.928001	568.651001	452.583008
67.938004	568.708008	452.609009
67.982002	568.742981	452.563995
67.917999	568.653992	452.748993
67.932999	568.583008	452.768005
67.946999	568.663025	452.947998
67.916000	568.656006	452.967010
67.980003	568.533997	452.928986
67.922997	568.651978	452.638000
67.917999	568.656006	452.856995
67.928001	568.715027	452.777008
67.996002	568.823975	452.813995
67.959000	568.757996	452.770996
67.995003	568.799988	452.816010
67.921997	568.655029	452.911987
67.961998	568.757996	452.933014
67.934998	568.578003	452.877991
67.956001	568.763000	452.877991
67.917999	568.653992	452.692993
67.955002	568.763000	452.825989
67.931999	568.713989	452.941010
67.974998	568.752014	452.601990
67.995003	568.801025	452.927002
67.954002	568.762024	452.989990
67.928001	568.715027	452.884003
67.961998	568.557983	453.098999
67.967003	568.559998	453.036987
67.964996	568.552979	453.188995
67.931000	568.715027	453.102997
67.956001	568.567993	453.148010
67.920998	568.656006	453.186005
67.952003	568.612976	453.205994
67.917000	568.658020	453.023010
67.986000	568.807007	453.037994
67.984001	568.807007	453.089996
67.921997	568.655029	453.239990
67.955002	568.763000	453.042999
67.926003	568.713989	453.214996
67.966003	568.573975	453.128998
67.918999	568.656982	453.131012
67.943001	568.659973	453.253998
67.950996	568.765015	453.153992
67.970001	568.581970	453.203003
67.960999	568.557983	453.010010
67.978996	568.551025	453.365997
67.955002	568.635986	453.328003
67.921997	568.653015	453.295990
67.930000	568.656006	453.411987
67.926003	568.651001	453.458008
67.987000	568.609985	453.429993
67.954002	568.765015	453.098999
67.952003	568.570984	453.257996
67.973999	568.591003	453.281006
67.980003	568.596008	453.355988
67.955002	568.763977	453.205994
67.970001	568.818970	453.365997
67.944000	568.661987	453.101013
67.994003	568.801025	453.199005
67.922997	568.718018	453.378998
67.964996	568.820007	453.419006
67.919998	568.783997	453.536011
67.958000	568.827026	453.476013
67.920998	568.655029	453.348999
67.980003	568.596985	453.515991
67.927002	568.659973	453.584015
67.961998	568.828003	453.367004
67.917999	568.788025	453.481995
67.978996	568.598022	453.592987
67.917000	568.721985	453.485992
67.913002	568.723022	453.540985
67.955002	568.616028	453.584991
67.915001	568.645020	453.571991
67.971001	568.866028	453.515991
67.960999	568.862000	453.415985
67.944000	568.833984	453.531006
67.917999	568.635986	453.747986
67.969002	568.556030	453.312988
67.955002	568.633972	453.454987
67.966003	568.575989	453.756989
67.964996	568.573975	453.835999
67.936996	568.578979	453.860992
67.927002	568.598022	453.619995
67.905998	568.729980	453.596008
67.956001	568.562988	453.895996
67.957001	568.859985	453.571014
67.974998	568.588989	453.674988
67.904999	568.663025	453.678009
67.963997	568.572021	453.915985
67.903999	568.640015	453.726013
67.948997	568.573975	453.717010
67.950996	568.588989	453.842987
67.956001	568.564026	453.807007
68.003998	568.781982	452.687988
68.053001	568.801025	452.735992
68.049004	568.802002	452.686005
68.024002	568.525024	452.819000
68.018997	568.788025	452.648987
68.029999	568.531006	452.975006
68.060997	568.807007	452.786011
68.011002	568.831970	452.859985
68.007004	568.793030	452.820007
68.059998	568.806030	452.834991
68.018997	568.814026	452.946014
68.075996	568.817017	452.981995
68.069000	568.810974	452.934998
68.065002	568.820984	452.973999
68.018997	568.836975	452.908997
68.137001	568.770996	452.953003
68.028000	568.843994	452.959015
68.065002	568.807983	452.884003
68.142998	568.796021	452.980011
68.139000	568.796997	452.929993
68.024002	568.525024	452.898010
68.083000	568.820007	453.031006
68.031998	568.846985	453.006012
68.097000	568.526001	453.069000
68.028000	568.533020	453.053986
68.110001	568.528992	453.056000
68.105003	568.518982	453.139008
68.115997	568.504028	453.165985
68.196999	568.607971	453.186005
68.172997	568.567993	453.229004
68.105003	568.520020	453.251007
68.030998	568.534973	453.132996
68.189003	568.565002	453.200012
68.022003	568.520996	453.217987
68.202003	568.721008	453.171997
68.097000	568.507019	453.222992
68.205002	568.723999	453.121002
68.031998	568.846008	453.057007
68.214996	568.671997	453.235992
68.205002	568.723022	453.225006
68.152000	568.802979	453.079987
68.193001	568.771973	453.112000
68.042999	568.851990	453.157990
68.084999	568.820007	453.080994
68.015999	568.807983	453.221985
68.147003	568.799988	453.028992
68.091003	568.825989	453.130005
68.107002	568.833008	453.226990
68.003998	568.788025	453.093994
68.053001	568.828979	453.139008
68.139999	568.780029	453.088989
68.155998	568.804993	453.127014
68.163002	568.810974	453.178009
68.199997	568.775024	453.209991
68.196999	568.775024	453.158997
68.190002	568.770020	453.061005
68.163002	568.810974	453.226990
68.213997	568.672974	453.186005
68.083000	568.544983	453.329987
68.084999	568.807007	453.191010
68.021004	568.840027	453.216003
68.122002	568.549011	453.365997
68.190002	568.604004	453.342987
68.042000	568.849976	453.105988
68.100998	568.828003	453.178009
68.213997	568.651978	453.269989
68.045998	568.565979	453.362000
68.066002	568.557007	453.326996
68.199997	568.609009	453.286987
68.219002	568.676025	453.287994
68.031998	568.541992	453.289001
68.149002	568.580994	453.406006
68.205002	568.721985	453.273987
68.217003	568.729980	453.372009
68.214996	568.729980	453.322998
68.198997	568.607971	453.238007
68.206001	568.633972	453.411011
68.059998	568.515015	453.212006
68.146004	568.791992	453.220001
68.047997	568.570984	453.437988
68.209000	568.668030	453.339996
68.188004	568.659973	453.449005
68.107002	568.523010	453.292999
68.153999	568.591003	453.485992
68.061996	568.861023	453.354004
68.202003	568.666992	453.393005
68.068001	568.575012	453.449005
68.213997	568.726990	453.424988
68.124001	568.843018	453.325012
68.028000	568.830994	453.348999
68.195000	568.601990	453.316986
68.153000	568.591980	453.398010
68.209000	568.724976	453.475006
68.133003	568.570984	453.440002
68.197998	568.633972	453.438995
68.153999	568.804993	453.348999
68.063004	568.862000	453.403992
68.167999	568.812012	453.428986
68.125999	568.843018	453.373993
68.071999	568.867981	453.454987
68.129997	568.844971	453.425995
68.197998	568.773987	453.312012
68.035004	568.846008	453.480988
68.116997	568.836975	453.274994
68.168999	568.815002	453.326996
68.153999	568.809021	453.485992
68.192001	568.768982	453.415009
68.167000	568.809998	453.278992
68.192001	568.770996	453.466003
68.133003	568.848022	453.476013
68.171997	568.812988	453.479004
68.193001	568.771973	453.364014
68.169998	568.812988	453.377014
68.037003	568.849976	453.260986
68.053001	568.856995	453.304993
68.195000	568.773987	453.260986
68.186996	568.656982	453.500000
68.051003	568.573975	453.518005
68.059998	568.572998	453.502014
68.071999	568.869019	453.505005
68.049004	568.570984	453.597992
68.152000	568.596008	453.575989
68.069000	568.567017	453.576996
68.180000	568.653992	453.553986
68.141998	568.588989	453.511993
68.068001	568.564026	453.591003
68.142998	568.588989	453.589996
68.200996	568.718994	453.579987
68.143997	568.604980	453.661011
68.142998	568.604980	453.747986
68.069000	568.562012	453.683014
68.067001	568.562988	453.704987
68.135002	568.575012	453.674011
68.198997	568.721008	453.531006
68.192001	568.716003	453.687012
68.170998	568.646973	453.657013
68.184998	568.711975	453.739014
68.203003	568.775024	453.514008
68.071999	568.867981	453.609009
68.170998	568.650024	453.708008
68.182999	568.689026	453.743011
68.184998	568.690979	453.653992
68.127998	568.843994	453.576996
68.153000	568.802979	453.625000
68.071999	568.869995	453.557007
68.172997	568.812988	453.529999
68.134003	568.848022	453.524994
68.184998	568.765991	453.622986
68.105003	568.830017	453.739014
68.044998	568.854004	453.720001
68.029999	568.841003	453.617004
68.202003	568.778015	453.563995
68.170998	568.648010	453.605011
68.129997	568.843994	453.627991
68.193001	568.715027	453.634003
68.143997	568.799988	453.743011
68.170998	568.814026	453.582001
68.070000	568.560974	453.856995
68.044998	568.560974	453.756012
68.134003	568.572998	453.752991
68.167000	568.812012	453.634003
68.209999	568.710999	453.674988
68.146004	568.632019	453.821014
68.151001	568.635010	453.872009
68.068001	568.866028	453.658997
68.119003	568.840027	453.684998
68.178001	568.708008	453.791992
68.151001	568.635986	453.765991
68.188004	568.711975	453.842987
68.040001	568.552979	453.994995
68.040001	568.554016	453.917999
68.066002	568.556030	453.954987
68.138000	568.580994	453.907990
68.176003	568.760986	453.677002
68.073997	568.554016	453.949005
68.070000	568.559021	453.769012
68.152000	568.635986	453.973999
68.132004	568.568970	453.833008
68.155998	568.807007	453.690002
68.144997	568.632996	453.923004
68.153000	568.745972	453.938995
68.179001	568.692993	453.829987
68.038002	568.552979	453.837006
68.035004	568.846008	453.772003
68.179001	568.708984	453.894989
68.139999	568.796021	453.795990
68.019997	568.817993	453.761993
68.155998	568.749023	453.834991
68.182999	568.708984	453.946991
68.167999	568.758972	453.729004
68.139999	568.607971	453.924011
68.137001	568.770020	453.772003
68.129997	568.789978	453.850006
68.177002	568.695007	453.920013
68.153999	568.749023	453.890015
68.147003	568.745972	453.994995
68.080002	568.815979	453.901001
68.128998	568.789978	453.904999
68.204002	568.677002	453.556000
68.128998	568.758972	453.911987
68.122002	568.786011	453.955994
68.176003	568.706970	453.998993
68.092003	568.823975	453.794006
68.166000	568.755981	453.781006
68.152000	568.635010	454.023987
68.069000	568.562012	454.079987
68.115997	568.781982	454.010010
68.038002	568.547974	454.072998
68.126999	568.749023	454.053986
68.146004	568.632996	454.079010
68.134003	568.747009	454.082001
68.146004	568.745972	454.046997
68.149002	568.637024	454.130005
68.148003	568.745972	454.148010
68.175003	568.703979	454.050995
68.140999	568.629028	454.237000
68.150002	568.744995	454.200989
68.134003	568.614014	454.187012
68.172997	568.702026	454.181000
68.180000	568.708984	454.153015
68.066002	568.559021	454.205994
68.143997	568.742981	454.096985
68.169998	568.703003	454.209015
68.168999	568.703979	454.260010
68.119003	568.781982	454.062988
68.151001	568.638000	454.181000
68.132004	568.614990	454.101013
68.166000	568.708984	454.269989
68.177002	568.705017	454.101990
68.137001	568.612000	453.834015
67.900002	568.731995	453.705994
67.914001	568.627991	453.829987
67.947998	568.580017	453.971008
67.967003	568.572021	453.993988
68.016998	568.838989	453.880005
68.014000	568.833984	453.933990
68.028000	568.844971	453.825989
68.073997	568.812988	453.955994
68.015999	568.806030	453.903992
68.063004	568.567017	454.210999
68.040001	568.552979	454.153015
68.114998	568.781006	454.114014
68.119003	568.783020	454.164001
68.126999	568.755005	454.187988
68.170998	568.705017	454.311005
68.174004	568.706970	454.363007
68.070000	568.812012	454.007996
68.148003	568.744995	454.251007
68.157997	568.719971	454.354004
67.911003	568.627991	453.907013
67.901001	568.638977	453.881989
67.910004	568.625000	453.985992
67.968002	568.578003	454.226013
67.966003	568.568970	454.152008
67.948997	568.585999	454.092987
67.967003	568.575012	454.072998
67.947998	568.572021	454.161987
67.974998	568.590027	454.303009
68.039001	568.554016	454.230011
68.045998	568.567017	454.303009
68.012001	568.802979	454.040009
68.070999	568.581970	454.451996
68.052002	568.578003	454.471985
68.134003	568.768005	454.321014
68.050003	568.575012	454.378998
68.056999	568.575012	454.382996
68.139000	568.776978	454.454987
68.165001	568.708984	454.446014
68.050003	568.578003	454.455994
68.053001	568.581970	454.610992
68.141998	568.781006	454.592010
68.193001	568.770996	454.665009
68.055000	568.586975	454.532013
67.911003	568.624023	454.065002
67.911003	568.625977	454.144989
67.930000	568.583008	454.243988
67.933998	568.578979	454.188995
67.980003	568.604004	454.455994
67.904999	568.642029	454.031006
67.945999	568.572998	454.296997
67.975998	568.596008	454.377991
67.985001	568.612976	454.608002
67.983002	568.604004	454.532990
67.934998	568.848022	453.563995
67.942001	568.851013	453.613007
67.945000	568.851013	453.729004
67.995003	568.851990	454.397003
67.990997	568.861023	454.522003
68.107002	568.888000	455.157013
67.915001	568.788025	454.354004
67.912003	568.791992	454.406006
67.915001	568.786987	454.299011
67.904999	568.765015	454.351013
67.924004	568.781982	454.733002
67.991997	568.861023	454.648987
67.910004	568.789001	454.459991
67.950996	568.853027	454.717987
67.919998	568.786987	454.678986
67.915001	568.789001	454.622986
67.988998	568.862976	454.778015
67.931999	568.776978	454.842010
67.991997	568.859985	454.903015
67.941002	568.770996	454.949005
67.932999	568.775024	454.895996
67.925003	568.780029	454.785004
67.994003	568.786011	455.191986
68.032997	568.840027	454.989014
68.031998	568.843018	454.851013
68.024002	568.823975	455.135986
68.105003	568.885986	455.210999
68.000999	568.844971	455.161011
68.004997	568.838989	455.287994
68.113998	568.892029	455.316010
68.025002	568.827026	455.273010
68.121002	568.888977	455.404999
68.014000	568.825989	455.420990
68.123001	568.895996	455.471985
68.112999	568.890015	455.263000
68.125999	568.895996	455.415985
68.111000	568.905029	455.528015
68.143997	568.908020	455.674988
68.014999	568.822021	455.549011
68.150002	568.913025	455.726013
68.035004	568.789978	455.808990
68.129997	568.898987	455.520996
68.117996	568.895996	455.786011
68.139000	568.906006	455.786987
68.044998	568.773987	455.941010
68.142998	568.906982	455.623993
68.121002	568.888000	455.915009
68.023003	568.807983	455.677002
68.125999	568.895996	455.898987
68.123001	568.883972	456.045013
68.127998	568.877014	456.174988
67.961998	568.859009	453.622009
67.906998	568.760986	453.718994
67.988998	568.862000	453.764008
67.886002	568.742004	453.868988
67.898003	568.773010	453.842987
67.921997	568.783997	453.972992
67.920998	568.784973	454.028015
67.999001	568.846008	454.270996
68.017998	568.812012	454.175995
68.029999	568.835999	454.441010
68.025002	568.825012	454.307007
68.036003	568.848022	454.575012
68.066002	568.864014	454.644989
68.070999	568.867981	454.751007
68.029999	568.838013	454.714996
68.068001	568.867004	454.696014
68.115997	568.836975	454.773010
68.155998	568.807007	454.855988
68.078003	568.872986	454.904999
68.124001	568.841980	454.876007
68.167999	568.812988	454.880005
68.156998	568.831970	454.907013
68.072998	568.867981	454.852997
68.123001	568.841980	454.824005
68.070999	568.869019	454.799988
68.168999	568.810974	454.931000
68.082001	568.872009	454.957001
68.153000	568.807007	454.996002
68.132004	568.846008	454.924988
68.102997	568.883972	455.000000
68.112000	568.892029	455.104004
68.109001	568.888000	455.052002
68.182999	568.818970	455.084991
68.141998	568.854004	455.080994
68.172997	568.843018	455.118988
68.139000	568.848022	455.028992
68.193001	568.825989	455.187988
68.119003	568.890991	455.149994
68.188004	568.822021	455.135986
68.168999	568.869019	455.174988
68.198997	568.827026	455.237000
68.170998	568.838989	455.065002
68.156998	568.861023	455.127991
68.179001	568.872009	455.225006
68.175003	568.869019	455.279999
68.175003	568.846985	455.255005
68.180000	568.856018	455.389008
68.186996	568.875977	455.381989
68.191002	568.880981	455.432007
68.191002	568.879028	455.487000
68.197998	568.828979	455.342987
68.184998	568.870972	455.523010
68.209000	568.890991	455.691986
68.212997	568.890015	455.532990
68.217003	568.892029	455.635986
67.904999	568.763977	454.100006
67.892998	568.739014	454.088013
67.914001	568.633972	454.217987
67.880997	568.679993	454.332001
67.910004	568.642029	454.333008
67.917999	568.640991	454.372986
67.882004	568.677002	454.385986
67.920998	568.646973	454.450012
67.892998	568.737000	454.414001
67.889000	568.737976	454.304993
67.916000	568.638000	454.295990
67.887001	568.741028	454.196991
67.914001	568.645020	454.179993
67.922997	568.651001	454.480011
67.930000	568.664978	454.523010
67.898003	568.734985	454.519989
67.893997	568.736023	454.467987
67.933998	568.676025	454.675995
67.935997	568.674988	454.600006
67.902000	568.664978	454.602997
67.914001	568.658997	454.657013
67.957001	568.650024	454.707001
67.912003	568.723999	454.790985
67.929001	568.648987	454.765991
67.934998	568.658997	454.628998
67.991997	568.625977	454.835999
67.970001	568.676025	454.920990
67.987000	568.614990	454.684998
67.936996	568.681030	454.752014
67.905998	568.726990	454.684998
67.989998	568.622009	454.760010
67.949997	568.703003	454.902008
67.955002	568.616028	454.463013
67.949997	568.632996	454.875000
67.962997	568.625000	454.985992
67.915001	568.723022	454.847992
67.957001	568.713989	454.976013
67.961998	568.684998	454.949005
67.930000	568.715027	454.954010
67.958000	568.630981	454.931000
67.959000	568.663025	454.828003
67.905998	568.726990	454.739990
67.997002	568.635986	454.988007
67.995003	568.629028	454.912994
67.950996	568.664001	454.773010
67.940002	568.682007	454.830994
67.963997	568.726990	455.049988
67.970001	568.729980	455.065002
67.969002	568.689026	455.229004
67.935997	568.706970	455.009003
67.973999	568.750000	455.122986
67.954002	568.697021	455.117004
67.987000	568.676025	455.334991
67.966003	568.692017	455.171997
67.991997	568.671021	455.390015
67.976997	568.684021	455.282990
68.001999	568.643982	455.065002
68.010002	568.656006	455.216003
68.008003	568.697998	455.209015
68.005997	568.655029	455.139008
68.005997	568.661987	455.446991
68.011002	568.700012	455.356995
68.123001	568.888000	455.277008
68.014999	568.666992	455.292999
68.023003	568.684998	455.441986
68.031998	568.708984	455.500000
68.013000	568.661011	455.502014
68.028000	568.693970	455.516998
68.054001	568.744995	455.812988
67.621002	569.538025	465.929993
67.602997	569.552002	466.105988
67.800003	569.549988	466.352997
67.615997	569.541016	466.177002
67.808998	569.611023	466.243011
67.831001	569.567993	466.562012
67.734001	569.656006	466.743988
67.668999	569.635010	466.726013
67.820000	569.617004	466.626007
67.818001	569.617004	466.709015
67.683998	569.619995	466.507996
67.822998	569.619995	466.545013
67.676003	569.630981	466.794006
67.742996	569.653015	466.812988
67.825996	569.565979	466.884003
67.765999	569.640015	466.885986
67.802002	569.663025	466.937988
67.738998	569.656006	466.998993
67.773003	569.650024	466.885010
67.833000	569.556030	466.927002
67.833000	569.568970	466.716003
67.786003	569.653015	466.635986
67.794998	569.562012	467.085999
67.739998	569.651978	467.196014
67.737000	569.685974	467.296997
67.720001	569.674988	467.230011
67.799004	569.661011	467.345001
67.717003	569.726990	467.484985
67.759003	569.702026	467.444000
67.801003	569.554016	467.173004
67.778000	569.752991	467.630005
67.762001	569.763977	467.688995
67.831001	569.656006	467.721985
67.848000	569.685974	467.906006
67.824997	569.663025	467.632996
67.816002	569.671021	467.458008
67.754997	569.747009	467.510010
67.879997	569.732971	467.985992
67.846001	569.671021	467.782990
67.842003	569.789978	467.838989
67.855003	569.747009	467.842987
67.848999	569.692993	468.031006
67.875999	569.737976	468.075989
67.867996	569.822021	468.144989
67.639999	569.526978	466.376007
67.634003	569.531006	466.622986
67.660004	569.575989	466.743988
67.646004	569.521973	466.757996
67.683998	569.627991	466.987000
67.647003	569.521973	466.884003
67.656998	569.601990	466.933990
67.650002	569.518982	466.950989
67.670998	569.635010	467.045013
67.634003	569.637024	467.037994
67.657997	569.640015	467.167999
67.634003	569.510010	467.031006
67.625999	569.598999	467.235992
67.622002	569.599976	467.362000
67.601997	569.551025	467.306000
67.621002	569.599976	467.299988
67.702003	569.539978	467.369995
67.641998	569.607971	467.468994
67.635002	569.594971	467.112000
67.681999	569.687012	467.419006
67.610001	569.544983	467.246002
67.653000	569.601013	467.359985
67.786003	569.572998	467.351990
67.654999	569.645020	467.291992
67.639999	569.653992	467.477997
67.630997	569.593994	467.175995
67.640999	569.651001	467.542999
67.712997	569.729980	467.546997
67.654999	569.703003	467.535004
67.699997	569.739014	467.606995
67.638000	569.651978	467.605988
67.653999	569.705994	467.596985
67.747002	569.617004	467.626007
67.597000	569.489990	467.321014
67.780998	569.578003	467.441986
67.672997	569.693970	467.673004
67.686996	569.747986	467.727997
67.751999	569.614014	467.712006
67.703003	569.677002	467.368011
67.672997	569.633972	467.110992
67.690002	569.745972	467.665009
67.737000	569.648987	467.772003
67.718002	569.645020	467.739990
67.689003	569.684998	467.941986
67.723000	569.648987	467.808014
67.817001	569.614014	467.779999
67.814003	569.676025	467.989014
67.727997	569.711975	467.989014
67.773003	569.585999	467.532990
67.676003	569.755981	467.915985
67.703003	569.629028	467.634003
67.674004	569.692993	467.869995
67.653000	569.706970	467.791992
67.737999	569.776978	468.063995
67.767998	569.682983	468.079987
67.820999	569.669983	468.079010
67.752998	569.656982	468.050995
67.692001	569.742004	468.058990
67.848999	569.690979	468.153992
67.725998	569.708984	468.109009
67.737000	569.776001	468.132996
67.706001	569.732971	468.153015
67.696999	569.739990	468.126007
67.836998	569.656006	468.093994
67.821999	569.668030	468.165009
67.834999	569.650024	468.170013
67.764000	569.672974	468.157013
67.723999	569.565002	465.475006
67.747002	569.577026	465.532990
67.662003	569.578003	465.562012
67.610001	569.544006	465.864990
67.667000	569.572998	465.687012
67.690002	569.606018	465.786011
67.607002	569.547974	465.984985
67.638000	569.593994	465.980988
67.612000	569.543030	465.681000
67.675003	569.568970	465.627991
67.649002	569.585022	465.924988
67.753998	569.583984	465.830994
67.780998	569.578979	465.858002
67.639999	569.596985	465.946991
67.731003	569.624023	465.981995
67.678001	569.598022	465.723999
67.660004	569.577026	465.808990
67.619003	569.539978	465.744995
67.703003	569.612976	465.993988
67.661003	569.577026	465.868988
67.723999	569.603027	465.940002
67.664001	569.575989	465.750000
67.680000	569.629028	466.041992
67.629997	569.594971	466.040009
67.656998	569.606018	466.085999
67.704002	569.664978	466.212006
67.621002	569.601990	466.348999
67.620003	569.604004	466.096008
67.625000	569.598999	466.411011
67.660004	569.643005	466.470001
67.601997	569.549988	466.044006
67.676003	569.630981	466.227997
67.781998	569.651978	466.480988
67.777000	569.648987	466.407990
67.653999	569.643005	466.657990
67.633003	569.581970	466.009003
67.690002	569.658997	466.776001
67.661003	569.640991	466.285004
67.718002	569.666016	466.610992
67.712997	569.791992	467.144012
67.745003	569.773987	467.742004
67.760002	569.802002	467.733002
67.771004	569.820984	467.872009
67.808998	569.797974	467.829987
67.753998	569.830017	467.928986
67.698997	569.802979	467.074005
67.726997	569.768005	467.010986
67.678001	569.762024	467.645996
67.710999	569.796021	467.983002
67.698997	569.799011	467.911987
67.716003	569.791016	467.855011
67.747002	569.833984	468.121002
67.660004	569.315002	465.239014
67.538002	569.405029	465.316010
67.663002	569.297974	465.259003
67.584000	569.479004	465.473999
67.774002	569.354980	465.343994
67.723000	569.455017	465.291992
67.560997	569.452026	465.497009
67.767998	569.479004	465.480011
67.635002	569.408997	465.552002
67.584999	569.434998	465.571991
67.723999	569.510986	465.419006
67.685997	569.390991	465.664001
67.782997	569.432983	465.531006
67.617996	569.478027	465.757996
67.677002	569.330994	465.484985
67.635002	569.403992	465.717010
67.690002	569.408997	465.783997
67.712997	569.403015	465.865997
67.670998	569.452026	465.832001
67.782997	569.487000	465.695007
67.719002	569.411987	465.942993
67.767998	569.481018	465.631989
67.647003	569.458008	465.958008
67.662003	569.448975	465.976013
67.657997	569.443970	465.694000
67.702003	569.379028	465.716003
67.824997	569.455994	465.954010
67.771004	569.534973	465.608002
67.785004	569.543030	465.747986
67.636002	569.466980	465.828003
67.691002	569.434998	465.906006
67.783997	569.543030	465.671997
67.702003	569.390991	465.375000
67.795998	569.551025	465.967010
67.638000	569.463989	465.891998
67.723999	569.422974	466.019989
67.661003	569.465027	466.084015
67.695999	569.453979	466.027008
67.657997	569.458984	466.006989
67.731003	569.432983	466.092987
67.632004	569.471008	466.074005
67.670998	569.453979	466.115997
67.741997	569.460999	466.321991
67.639000	569.465027	466.016998
67.663002	569.471008	466.157990
67.690002	569.460999	466.256989
67.708000	569.471008	466.391998
67.695999	569.469971	466.151001
67.795998	569.549011	466.122009
67.915001	569.463989	466.709991
67.750000	569.473022	466.549988
67.737999	569.450989	466.171997
67.853996	569.520020	466.864990
67.829002	569.539001	467.046997
67.856003	569.523010	467.092010
67.537003	569.343994	465.329987
67.584000	569.312012	465.321014
67.584000	569.309998	465.395996
67.539001	569.341980	465.391998
67.546997	569.398010	465.380005
67.537003	569.343994	465.454010
67.592003	569.369995	465.584991
67.635002	569.466980	466.200012
67.695000	569.465027	466.537994
67.697998	569.468994	466.816986
67.744003	569.460999	466.875000
67.658997	569.513977	466.575012
67.699997	569.482971	466.881989
67.696999	569.466980	466.674988
67.741997	569.455994	466.700989
67.681999	569.505005	466.537994
67.625999	569.473999	466.134003
67.682999	569.513977	466.690002
67.726997	569.429993	467.075012
67.646004	569.458008	467.092987
67.750000	569.495972	467.234009
67.671997	569.442993	467.233002
67.695000	569.447021	467.127991
67.601997	569.489014	467.390015
67.758003	569.471985	467.093994
67.696999	569.478027	467.247986
67.638000	569.476990	467.209991
67.782997	569.489014	467.028992
67.668999	569.484985	467.140991
67.747002	569.479980	467.184998
67.758003	569.471008	467.006989
67.722000	569.510986	467.277008
67.650002	569.456970	467.158997
67.771004	569.520020	467.390015
67.647003	569.521973	465.390991
67.709000	569.502014	465.282990
67.670998	569.508972	465.338013
68.124001	569.015015	461.057007
68.098999	569.057007	461.091003
68.126999	569.005005	461.045990
68.125999	569.005981	461.109009
68.126999	568.961975	461.049988
67.834999	569.189026	462.891998
67.628998	569.112000	463.187012
67.628998	569.093994	463.083008
67.643997	569.088989	463.177002
67.641998	569.088989	463.248993
67.842003	569.192993	462.954010
67.635002	569.072998	463.421997
67.646004	569.093018	463.322998
67.625999	569.086975	463.252014
67.648003	569.085999	463.480988
67.646004	569.098022	463.471985
67.634003	569.075012	463.510986
67.660004	569.203979	463.026001
67.703003	569.228027	463.062988
67.789001	569.219971	462.985992
67.727997	569.239014	463.183990
67.662003	569.260986	463.216003
67.792999	569.223022	463.117004
67.829002	569.187988	463.171997
67.822998	569.184998	463.243988
67.792999	569.223022	463.186005
67.736000	569.247009	463.315002
67.806999	569.119019	463.382996
67.821999	569.182983	463.315002
67.797997	569.223022	463.252991
67.799004	569.171997	463.472992
67.797997	569.148987	463.404999
67.791000	569.218994	463.328003
67.793999	569.112000	463.462006
67.791000	569.156006	463.493988
67.697998	569.278015	463.468994
67.613998	569.234009	463.390015
67.754997	569.254028	463.440002
67.737999	569.244995	463.246002
67.648003	569.091003	463.601990
67.646004	569.091980	463.545990
67.804001	569.172974	463.398987
67.790001	569.218994	463.609009
67.768997	569.181030	463.579010
67.779999	569.140991	463.641998
67.778999	569.213989	463.686005
67.735001	569.088989	463.571014
67.788002	569.221008	463.537994
67.801003	569.169983	463.542999
67.697998	569.278992	463.606995
67.697998	569.281006	463.677002
67.754997	569.257019	463.510986
67.699997	569.281006	463.750000
67.700996	569.280029	463.533997
67.771004	569.153992	463.704987
67.660004	569.265991	463.704987
67.750000	569.206970	463.752991
67.653000	569.117004	463.964996
67.738998	569.245972	463.806000
67.626999	569.085022	463.769989
67.731003	569.189026	463.940002
67.649002	569.096985	463.845001
67.752998	569.255981	463.649994
67.723000	569.239014	463.929993
67.745003	569.143005	463.796997
67.705002	569.281982	463.817993
67.639999	569.278015	463.873993
67.737999	569.245972	463.876007
67.757004	569.255981	463.576996
67.782997	569.161987	463.625000
67.572998	569.257996	463.859985
67.700996	569.281982	463.960999
67.619003	569.291016	463.981995
67.607002	569.187012	463.541992
67.566002	569.260986	463.975006
67.629997	569.296021	463.848999
67.638000	569.280029	463.815002
67.761002	569.205017	463.773987
67.677002	569.268982	463.414001
67.755997	569.202026	463.845001
67.702003	569.281006	463.888000
67.542000	569.223022	464.050995
67.585999	569.140991	464.061005
67.521004	569.224976	464.087006
67.606003	569.297974	464.039001
67.726997	569.242004	464.057007
67.716003	569.179016	464.023987
67.712997	569.232971	464.109985
67.588997	569.150024	464.135010
67.559998	569.163025	464.208008
67.630997	569.114990	464.044006
67.695000	569.138000	464.006012
67.593002	569.122009	464.032990
67.540001	569.213989	464.200012
67.593002	569.156982	464.212006
67.660004	569.169983	464.209015
67.711998	569.357971	464.174011
67.706001	569.262024	464.101990
67.624001	569.351990	464.210999
67.508003	569.234009	464.141998
67.501999	569.239014	464.197998
67.627998	569.218994	464.444000
67.610001	569.357971	464.325012
67.540001	569.189026	464.470001
67.656998	569.182007	464.266998
67.678001	569.325989	464.454010
67.651001	569.364014	464.380005
67.671997	569.299988	464.454010
67.726997	569.239990	464.024994
67.642998	569.200012	464.355011
67.536003	569.205017	464.273010
67.620003	569.211975	464.584991
67.532997	569.219971	464.536011
67.669998	569.320984	464.533997
67.565002	569.234009	464.671997
67.682999	569.288025	464.364990
67.674004	569.320984	464.602997
67.662003	569.262024	464.569000
67.655998	569.367004	464.815002
67.669998	569.309998	464.811005
67.660004	569.367981	464.888000
67.674004	569.374023	464.726990
67.571999	569.268982	464.834991
67.629997	569.270020	464.945007
67.684998	569.390015	464.808014
67.538002	569.380981	465.019012
67.672997	569.299011	464.540985
67.657997	569.419983	464.828003
67.560997	569.390991	465.140991
67.684998	569.301025	465.078003
67.585999	569.307983	465.096985
67.679001	569.377014	465.166992
67.681000	569.434998	465.031006
67.699997	569.442017	465.164001
67.490997	569.307983	464.960999
67.514999	569.354980	465.200012
67.526001	569.348999	465.263000
67.522003	569.341003	465.151001
67.646004	569.359009	464.097992
67.661003	569.367004	464.157990
67.616997	569.400024	464.493011
67.641998	569.413025	464.621002
67.660004	569.476990	464.950989
67.654999	569.473022	465.031006
67.916000	568.849976	461.110992
67.994003	568.911011	461.321991
67.900002	568.924011	461.210999
67.943001	568.922974	461.222992
67.996002	568.927002	461.441986
67.892998	568.992004	461.657990
67.888000	568.932983	461.153015
67.883003	568.987976	461.934998
67.978996	568.929993	461.683014
67.888000	568.994995	461.312012
67.917999	568.958984	461.761993
67.922997	568.958008	461.326996
67.932999	568.966980	461.614014
67.873001	569.005005	461.139008
67.898003	568.987000	461.714996
67.988998	569.161011	461.454987
67.926003	568.960999	461.472992
67.974998	568.934021	461.768005
67.929001	569.117981	461.612000
67.870003	569.007019	461.194000
67.889000	569.059998	461.591003
67.975998	568.934998	461.597992
67.838997	569.026001	461.985992
67.894997	569.054993	461.306000
67.891998	569.054993	461.476013
67.891998	569.054993	461.647003
67.850998	569.081970	461.977997
67.880997	569.060974	461.703003
67.978996	569.130005	461.167999
67.891998	568.940979	461.915985
67.875999	569.067993	461.757996
67.885002	569.025024	461.690002
67.865997	568.927002	462.207001
67.877998	568.961975	462.061005
67.875999	568.942993	462.181000
67.864998	568.931030	462.362000
67.945999	568.971985	462.540985
67.837997	568.963013	462.223999
67.956001	568.956970	462.454010
67.927002	568.987976	462.640991
67.818001	568.989014	462.709015
67.878998	568.960999	462.545990
67.835999	569.091980	462.092010
67.946999	569.193970	462.058014
67.823997	568.984009	462.619995
67.827003	569.098022	462.204010
67.875000	568.939026	462.306000
67.954002	569.140991	462.466003
67.875999	568.934021	462.492004
67.924004	569.181030	462.143005
67.852997	568.945007	462.535004
67.787003	569.161987	462.518005
67.950996	569.142029	462.537994
67.901001	569.169006	462.561005
67.809998	569.044006	462.265015
67.658997	569.077026	462.919006
67.794998	569.060974	462.348999
67.728996	569.010986	462.950012
67.786003	569.059021	462.371002
67.988998	569.106995	462.589996
67.995003	569.056030	462.609985
67.844002	569.091003	462.971985
67.888000	569.043030	462.713989
67.878998	569.101990	462.928986
67.875000	569.052002	462.938995
67.763000	569.028992	462.917999
67.776001	569.026001	462.425995
67.832001	569.031006	462.096985
67.989998	569.106995	462.455994
67.652000	569.083008	463.032013
67.646004	569.090027	463.101013
67.896004	569.164978	462.494995
67.778000	569.036987	463.050995
67.703003	569.043030	463.024994
67.700996	569.039978	463.250000
67.788002	569.049988	463.239990
67.943001	569.192017	462.205994
67.884003	569.119019	463.032990
67.829002	569.114014	463.145996
67.864998	569.148010	463.062012
67.855003	569.088989	463.014008
67.711998	569.057007	463.470001
67.832001	569.075012	463.101990
67.724998	569.007019	463.095001
67.797997	569.070984	463.390991
67.772003	569.081970	463.403015
67.775002	569.021973	463.019989
68.028000	568.875000	461.083008
67.999001	568.952026	461.928009
68.040001	569.132996	461.304993
68.056999	569.145996	461.484009
68.102997	569.116028	461.605011
68.057999	569.143982	461.549988
68.002998	569.168030	461.506989
68.019997	569.179993	461.625000
68.088997	569.106995	461.876007
68.070000	569.151978	461.606995
68.067001	569.096985	461.950012
68.002998	568.979980	462.532990
68.079002	569.046997	462.106995
68.039001	569.080017	462.243988
68.011002	569.174011	462.024994
67.680000	569.064026	462.868011
67.705002	569.041016	462.878998
68.097000	568.934998	461.079010
68.093002	568.929993	461.112000
68.097000	568.947021	461.197998
68.098999	569.112000	461.480011
68.125999	569.072021	461.614990
68.105003	569.114014	461.539001
67.850998	569.143005	463.209991
67.820000	569.124023	463.303986
68.133003	568.572021	453.990997
68.136002	568.577026	454.147003
68.138000	568.585999	454.062988
68.147003	568.633972	454.283997
68.154999	568.612976	454.290985
68.147003	568.598022	454.218994
68.158997	568.622986	454.367004
68.144997	568.630981	454.339996
68.160004	568.622009	454.446014
68.132004	568.614990	454.363007
68.132004	568.625000	454.395996
68.119003	568.619019	454.453003
68.128998	568.617981	454.449005
68.184998	568.684998	454.539001
68.208000	568.690002	454.558014
68.157997	568.617981	454.523987
68.055000	568.583984	454.690002
68.056000	568.559021	454.557007
68.203003	568.658020	454.688995
68.207001	568.742981	454.796997
68.056000	568.586975	454.765015
68.151001	568.606018	454.683014
68.116997	568.617981	454.503998
68.153000	568.609985	454.760010
68.143997	568.598999	454.839996
68.155998	568.620972	454.604004
68.072998	568.593994	454.701996
68.244003	568.703979	454.893005
68.196999	568.627991	454.945007
68.142998	568.593994	454.920013
68.248001	568.745972	454.997009
68.144997	568.601990	454.980011
68.189003	568.682983	454.891998
68.135002	568.614990	454.539001
68.194000	568.676025	454.980011
68.199997	568.775024	454.964996
68.070999	568.588989	454.828003
68.139999	568.609985	454.804993
68.149002	568.596985	455.071014
68.195999	568.617004	455.199005
68.202003	568.668030	455.067993
68.198997	568.620972	455.072998
68.225998	568.732971	455.131989
68.202003	568.776978	455.016998
68.232002	568.736023	455.183014
68.240997	568.697998	455.171997
68.218002	568.729980	455.079987
68.207001	568.780029	455.066986
68.260002	568.737976	455.019989
68.237000	568.739990	455.230988
68.213997	568.653992	455.158997
68.212997	568.780029	455.121002
68.194000	568.606018	455.324005
68.242996	568.742004	455.282990
68.242996	568.627014	455.303009
68.211998	568.669006	455.313995
68.245003	568.749023	455.260010
68.255997	568.728027	455.298004
68.238998	568.619019	455.459015
68.269997	568.737000	455.479004
68.233002	568.682983	455.467010
68.219002	568.674988	455.415985
68.255997	568.737000	455.334991
68.252998	568.737976	455.348999
68.255997	568.750000	455.385986
68.258003	568.752014	455.434998
68.267998	568.752014	455.427002
68.238998	568.614990	455.612000
68.240997	568.619995	455.533997
68.244003	568.687988	455.515991
68.264999	568.700012	455.667999
68.260002	568.697021	455.614990
68.245003	568.689026	455.566986
68.239998	568.632019	455.729004
68.250999	568.640015	455.829987
68.263000	568.645996	455.881989
68.052002	568.580994	454.846008
68.056999	568.586975	454.920990
68.072998	568.591980	454.950989
68.060997	568.599976	454.994995
68.063004	568.562988	454.854004
68.043999	568.586975	454.907990
68.054001	568.577026	454.821991
68.080002	568.573975	455.002014
68.073997	568.603027	455.074005
68.089996	568.577026	455.147003
68.147003	568.599976	455.382996
68.100998	568.583984	455.298004
67.960999	568.929993	459.371002
67.947998	568.895996	459.368988
67.948997	568.893005	459.256012
67.955002	568.882996	459.290985
67.964996	568.945984	459.477997
67.949997	568.892029	459.533997
67.946999	568.895996	459.424988
67.947998	568.892029	459.479004
67.960999	568.817017	459.705994
67.957001	568.888000	459.593994
67.982002	568.828979	459.622009
67.947998	568.895020	459.756989
67.949997	568.890991	459.701996
67.962997	568.948975	459.697998
67.961998	568.947998	459.755005
67.939003	568.963989	459.971985
67.975998	568.942017	459.591003
67.957001	568.882996	459.963989
67.952003	568.953979	459.864990
67.954002	568.953003	459.807007
67.941002	568.898987	459.869995
67.969002	568.942993	459.643005
67.938004	568.900024	459.924988
67.942001	568.898010	459.812012
67.950996	568.958008	459.917999
67.956001	568.888977	459.647003
67.952003	568.830994	459.790009
68.002998	568.812012	459.893005
68.003998	568.817017	459.970001
67.932999	568.966980	460.082001
67.926003	568.969971	460.136993
67.939003	568.961975	460.028015
67.948997	569.021973	460.303009
67.961998	569.015015	460.195007
67.953003	569.020020	460.362000
67.958000	569.013977	460.136993
67.956001	569.018005	460.247986
67.957001	568.888000	459.091003
67.962997	568.885010	459.036987
67.958000	568.823975	459.059998
67.959999	568.885010	458.980988
67.955002	568.890991	459.145996
67.977997	568.784973	459.260986
67.954002	568.888977	459.201996
67.998001	568.802979	459.446014
67.990997	568.789978	459.372986
67.971001	568.942017	459.420990
67.975998	568.921021	459.434998
67.986000	568.789001	459.536011
67.973000	568.913025	459.360992
67.977997	568.921997	459.584991
67.995003	568.797974	459.597992
67.982002	568.828979	459.501007
67.974998	568.942993	459.532990
67.976997	568.874023	458.931000
67.986000	568.942993	459.507996
68.136002	568.869019	458.364014
68.169998	568.880981	458.451996
68.177002	568.869019	458.556000
68.146004	568.895020	458.558990
68.157997	568.890015	458.505005
68.181999	568.870972	458.671997
68.124001	568.896973	458.651001
68.182999	568.872986	458.729004
68.156998	568.914001	458.928009
68.106003	568.919983	458.997009
68.156998	568.914978	458.985992
68.174004	568.869019	458.859985
68.166000	568.948975	459.001007
68.094002	568.929993	459.049988
68.177002	568.870972	459.024994
68.084000	568.934998	459.101013
68.188004	568.872986	459.149994
68.192001	568.934021	459.088013
68.190002	568.932007	459.148010
68.190002	568.932983	459.058990
68.194000	568.879028	459.135986
68.142998	568.968994	459.372009
68.197998	568.872009	459.444000
68.176003	568.869019	459.445007
68.219002	568.895020	459.300995
68.193001	568.934998	459.384003
68.154999	568.966003	459.375000
68.182999	568.929993	459.450012
68.160004	568.966980	459.192993
68.001999	568.809998	459.519989
68.207001	568.940002	459.556000
68.098999	568.992981	459.600006
68.112999	568.981018	459.549011
68.000999	568.809021	459.671997
68.169998	568.982971	459.596008
68.203003	568.883972	459.669006
68.169998	568.986023	459.654999
68.192001	568.932983	459.807007
68.193001	568.877991	459.735992
68.189003	568.877991	459.496002
68.079002	568.797974	459.817993
68.169998	568.974976	459.608002
68.077003	568.796021	459.891998
68.199997	568.934998	459.743988
68.158997	568.979980	459.782990
68.207001	568.887024	459.609985
68.179001	568.926025	459.877991
68.157997	568.978027	459.908997
68.152000	568.856995	459.884003
68.172997	568.922974	459.941010
68.167000	568.973022	459.915009
68.157997	568.976990	459.967987
68.146004	568.867004	459.915009
68.078003	568.799011	459.970001
68.100998	568.807007	459.976990
68.160004	568.971008	459.979004
68.178001	568.869995	459.806000
68.164001	568.971985	459.854004
68.130997	568.844971	459.957001
68.139000	569.012024	459.674011
68.143997	569.015015	459.731995
68.135002	569.020996	459.867004
68.143997	569.015991	459.854004
68.134003	569.018982	459.747009
68.132004	569.017029	459.932007
68.143997	569.013977	459.790985
68.143997	569.013977	459.915009
68.142998	569.013977	459.976013
68.133003	569.020996	459.806000
68.139999	568.874023	460.084991
68.080002	568.812988	460.058014
68.160004	568.968994	460.040009
68.164001	568.914978	460.071014
68.165001	568.916016	460.131989
68.164001	568.979980	460.151001
68.164001	568.916016	460.191010
68.162003	568.981018	460.088013
68.167999	568.971985	460.160004
68.103996	568.827026	460.096008
68.162003	568.971985	460.098999
68.180000	568.979004	460.213013
68.156998	568.976013	460.029999
68.195000	568.989990	460.265015
68.110001	568.833008	460.031006
68.135002	568.880005	460.339996
68.146004	568.906006	460.325989
68.111000	568.866028	460.338013
68.117996	568.879028	460.407990
68.109001	568.856995	460.214996
68.184998	568.992004	460.321014
68.170998	568.921021	460.252014
68.112000	568.885986	460.579010
68.129997	568.898010	460.631989
68.144997	568.926025	460.779999
68.128998	568.898987	460.704987
68.167999	568.918030	460.005005
68.089996	568.820984	460.263000
68.107002	568.851990	460.562012
68.128998	568.963989	460.855988
68.125999	568.960022	460.921997
68.108002	568.859009	460.459991
68.121002	568.947021	460.877014
68.108002	568.857971	460.485992
68.112999	568.864014	460.334991
68.185997	568.982971	460.333008
68.146004	569.025024	460.108002
68.139000	569.023010	460.049011
68.156998	569.020996	460.210999
68.154999	569.018982	460.089996
68.116997	569.064026	460.227997
68.144997	569.026001	460.167999
68.170998	569.028992	460.265991
68.160004	569.033997	460.282990
68.152000	569.020996	460.153015
68.188004	569.018982	460.529999
68.150002	569.018005	460.341003
68.106003	569.057983	460.174011
68.121002	569.000000	460.989014
68.098000	569.056030	460.992004
68.083000	569.101990	460.977997
68.121002	569.013000	460.868988
68.125999	569.070007	460.283997
68.153999	569.033020	460.222992
68.119003	569.010986	461.000000
68.060997	569.091980	460.928986
68.188004	569.025024	460.398987
68.198997	568.999023	460.250000
68.126999	569.005005	460.919006
68.099998	569.057983	460.924988
67.925003	568.906982	459.977997
67.922997	568.908020	460.032013
67.922997	568.908997	460.088989
67.915001	568.914978	460.144012
67.987999	568.872009	460.227997
67.985001	568.853027	460.473999
67.929001	568.968994	460.192993
67.919998	568.913025	460.200989
67.918999	568.976013	460.415009
67.916000	568.976013	460.360992
67.941002	568.898987	460.375000
67.957001	568.888000	460.410004
67.922997	568.978027	460.483002
67.929001	568.969971	460.251007
67.913002	568.978027	460.527008
67.834000	568.968018	460.235992
67.927002	568.992981	460.558990
67.929001	568.919983	460.303009
67.919998	568.976990	460.472992
67.940002	569.026978	460.471985
67.920998	569.036987	460.691986
67.939003	569.026978	460.524994
67.936996	569.026978	460.415009
67.924004	569.036987	460.636993
67.931000	569.033997	460.579010
68.004997	568.815979	460.265991
68.024002	568.854004	460.562012
68.043999	568.854004	460.569000
68.003998	568.817993	460.417999
68.103996	568.935974	460.947998
68.115997	568.953003	460.993011
68.112999	568.942017	461.006989
68.154999	568.911011	457.941010
68.148003	568.908020	457.889008
67.974998	569.002991	459.916992
67.986000	568.999023	459.864014
67.972000	569.007019	459.972992
67.959999	569.013000	460.028015
67.887001	569.104980	460.252991
67.995003	569.052002	460.035004
67.958000	569.015991	460.080994
67.987999	569.112976	460.776001
68.008003	569.049988	460.197998
68.005997	569.047974	460.252991
68.001999	569.085999	460.522003
67.988998	568.932007	459.200989
67.991997	568.929016	459.145996
67.975998	568.922974	459.134003
67.972000	568.942017	459.309998
67.999001	568.991028	459.753998
67.989998	568.997009	459.808014
68.000000	568.989014	459.700989
68.055000	568.999023	459.368988
68.147003	568.895020	457.949005
68.101997	569.000000	459.464996
68.151001	568.908997	458.001007
68.158997	568.888977	458.005005
68.071999	568.867981	458.330994
68.095001	568.877991	458.376007
68.123001	568.885986	458.490997
68.108002	568.916016	458.613007
68.132004	568.905029	458.609985
68.056999	568.911011	458.657990
68.053001	568.890015	458.713989
68.161003	568.916992	458.515015
68.182999	568.929993	458.561005
68.102997	568.921997	458.718994
68.179001	568.939026	458.667999
68.101997	568.926025	458.772003
68.009003	568.893005	458.673004
68.125999	568.908997	458.665009
68.030998	568.898010	458.618011
68.163002	568.950989	458.722992
68.157997	568.953979	458.833008
68.045998	568.896973	458.768005
68.156998	568.953979	458.774994
68.092003	568.929016	458.825989
68.014999	568.914001	458.987000
68.032997	568.905029	458.877014
68.092003	568.940002	458.996002
68.018997	568.911987	458.929993
68.167000	568.974976	458.891998
68.080002	568.939026	458.880005
68.149002	568.969971	458.953003
68.157997	568.952026	458.886993
68.037003	568.901001	458.821014
68.143997	568.963013	458.938995
68.085999	568.934998	458.934998
68.092003	568.942017	458.867004
68.096001	568.932007	458.739014
68.013000	568.916992	459.041992
68.001999	568.922974	459.092987
68.083000	568.955017	459.121002
68.071999	568.976013	459.114014
68.146004	568.968994	459.071991
68.035004	568.955017	459.014008
68.042000	568.968018	459.138000
68.080002	568.979980	459.169006
68.057999	568.950012	459.210999
68.056000	568.966003	459.059998
68.135002	568.963989	459.135986
68.007004	568.950012	459.037994
68.044998	568.968018	459.075989
68.070999	568.976013	459.246002
68.063004	568.950012	459.153992
68.138000	568.966003	459.192993
68.070000	568.984985	459.299988
68.036003	568.965027	459.317993
68.154999	568.965027	459.079987
68.084999	568.982971	459.223999
68.052002	568.956970	459.263000
68.065002	568.981018	459.246002
68.112000	568.999023	459.449005
68.144997	568.960022	459.140991
68.024002	568.973999	459.424988
68.019997	568.974976	459.481995
68.113998	568.999023	459.506989
68.103996	568.989990	459.490997
68.010002	568.984009	459.591003
68.110001	568.984009	459.434998
68.011002	568.981018	459.533997
68.003998	568.984985	459.645996
68.028000	568.971008	459.369995
68.007004	569.004028	459.561005
68.052002	569.005005	459.498993
68.081001	569.000977	459.653015
68.019997	569.010986	459.614014
68.046997	569.015991	459.627014
68.129997	569.018982	459.688995
68.055000	569.020020	459.816986
68.117996	569.012024	459.632996
68.072998	569.005981	459.707001
68.125999	569.005005	459.561005
68.039001	569.030029	459.755005
68.050003	569.021973	459.872009
68.050003	569.030029	459.714996
68.065002	569.036011	459.769012
68.107002	569.002991	459.522003
68.078003	569.044006	459.944000
68.067001	569.013000	459.760986
68.036003	569.034973	459.885010
68.040001	569.021973	459.661011
68.080002	569.044983	459.881989
68.043999	569.026001	459.925995
68.029999	569.034973	459.976990
68.088997	569.052002	460.059998
68.024002	569.052979	460.006989
68.094002	569.052002	460.118988
68.019997	569.067017	460.201996
68.026001	569.036987	460.032013
68.083000	569.046997	460.002014
68.047997	569.080994	460.372009
68.036003	569.075989	460.256012
68.014000	569.043030	460.141998
68.055000	569.088989	460.428986
68.011002	569.064026	460.085999
68.023003	569.039978	460.087006
68.014000	569.064026	460.144989
68.044998	569.080017	460.311005
67.984001	569.119995	460.906006
68.111000	568.750977	457.421997
68.181999	568.812012	457.790985
67.990997	568.708008	458.864990
67.982002	568.770996	458.626007
67.982002	568.773987	458.549988
67.978996	568.705017	458.403992
67.984001	568.705994	458.638000
67.973999	568.763000	459.016998
67.975998	568.757996	458.928009
67.983002	568.770020	459.151001
67.985001	568.775024	459.226013
67.975998	568.755981	458.852997
67.974998	568.757019	459.005005
67.997002	568.776001	459.451996
68.000000	568.692017	458.341003
68.043999	568.726990	457.691986
68.093002	568.739990	457.574005
68.007004	568.713989	457.932007
68.016998	568.672974	457.959015
68.222000	568.786011	457.971985
68.182999	568.809021	457.957001
68.195000	568.825012	457.990997
68.191002	568.807007	457.847992
68.005997	568.655029	457.509003
68.192001	568.802979	457.903015
68.157997	568.828003	457.987000
68.014000	568.700989	458.040985
68.172997	568.815979	458.010986
68.223000	568.788025	458.085999
68.163002	568.820984	458.066986
68.153999	568.838989	458.112000
68.151001	568.830017	458.175995
68.223999	568.786011	458.200989
68.205002	568.830994	458.217987
68.223000	568.788025	458.027008
68.194000	568.825012	458.166992
68.014000	568.671021	458.263000
68.141998	568.856018	458.239990
68.078003	568.640015	458.407013
68.227997	568.788025	458.140015
68.021004	568.684021	458.408997
68.068001	568.616028	458.268005
68.078003	568.635986	458.493011
68.158997	568.825012	458.119995
68.219002	568.783020	458.319000
68.183998	568.872009	458.342987
68.183998	568.818970	458.053986
68.002998	568.690979	458.487000
68.220001	568.838989	458.325012
68.160004	568.859009	458.390015
68.018997	568.682007	458.487000
68.182999	568.872009	458.398010
68.217003	568.781982	458.376007
68.213997	568.780029	458.436005
68.231003	568.843994	458.378998
68.185997	568.872009	458.286011
68.195000	568.716980	458.584991
68.084999	568.677002	458.648010
68.185997	568.872009	458.230011
68.097000	568.672974	458.638000
68.167999	568.698975	458.717010
68.195000	568.716980	458.524994
68.083000	568.658020	458.524994
68.028000	568.695984	458.635010
68.202003	568.827026	458.626007
68.166000	568.864014	458.445007
68.204002	568.828003	458.683014
68.086998	568.651978	458.716003
68.194000	568.770996	458.739014
68.200996	568.828979	458.743011
68.083000	568.658997	458.770996
68.237999	568.781982	458.852997
68.174004	568.703979	458.770996
68.189003	568.820984	458.867004
68.230003	568.789001	458.661011
68.183998	568.763977	458.804993
68.228996	568.833984	458.997009
68.176003	568.760986	458.984985
68.000999	568.693970	458.781006
68.024002	568.690979	458.785004
68.223000	568.797974	458.877991
68.180000	568.760010	458.927002
68.023003	568.690979	458.858002
68.028000	568.698975	458.932007
68.252998	568.809998	458.923004
68.114998	568.710022	459.079987
68.122002	568.716980	459.156006
68.030998	568.703979	459.006989
68.045998	568.734009	459.153992
68.051003	568.747009	459.226013
68.041000	568.721985	459.079010
68.127998	568.728027	459.230011
68.106003	568.687988	459.007996
68.171997	568.757019	459.049011
68.176003	568.815002	459.171997
68.225998	568.828003	459.242004
68.027000	568.742004	459.282990
68.050003	568.739990	459.302002
68.085999	568.695984	459.013000
68.092003	568.741028	459.248993
68.064003	568.768982	459.373993
68.096001	568.775024	459.489990
68.067001	568.776001	459.449005
68.146004	568.768982	459.447998
68.137001	568.747986	459.300995
68.111000	568.773010	459.546997
68.061996	568.763977	459.522003
68.059998	568.763000	459.597992
68.096001	568.775024	459.614990
68.069000	568.781006	459.671997
68.139999	568.752014	459.377014
68.111000	568.776001	459.632996
68.098000	568.789978	459.718994
68.155998	568.783020	459.670013
68.137001	568.866028	456.306000
68.130997	568.875977	456.432007
68.139999	568.859985	456.561005
68.141998	568.851990	456.691986
68.238998	568.932007	456.658997
68.202003	568.885010	456.671997
68.199997	568.862976	456.688995
68.214996	568.916992	456.688995
68.234001	568.906006	456.635986
68.208000	568.887024	456.726013
68.279999	568.945007	456.635010
68.088997	568.739990	456.977997
68.240997	568.929993	456.786011
68.197998	568.864990	456.910004
68.200996	568.864990	456.799011
68.153999	568.828979	456.963989
68.192001	568.879028	456.899994
68.205002	568.859985	456.854004
68.146004	568.846985	456.949005
68.209000	568.856995	456.963989
68.221001	568.916992	456.743988
68.142998	568.835022	456.906006
68.144997	568.848022	456.819000
68.212997	568.856018	457.019012
68.248001	568.916992	457.046997
68.152000	568.838013	457.209015
68.127998	568.760010	457.117004
68.150002	568.828979	457.019012
68.163002	568.822021	457.182007
68.217003	568.853027	457.239990
68.149002	568.843018	457.079010
68.161003	568.822998	457.127991
68.153000	568.830017	457.071991
68.217003	568.840027	457.355011
68.166000	568.820007	457.406006
68.226997	568.843018	457.408997
68.176003	568.814026	457.350006
68.153999	568.833984	457.468994
68.218002	568.851013	457.076996
68.169998	568.818970	457.459991
68.230003	568.846985	457.460999
68.119003	568.848999	457.621002
68.174004	568.815002	457.514008
68.231003	568.846985	457.574005
68.176003	568.812988	457.571991
68.232002	568.844971	457.738007
68.158997	568.828979	457.596985
68.164001	568.817017	457.730988
68.196999	568.882996	458.023010
68.174004	568.880981	458.063995
68.194000	568.864990	458.122986
68.205002	568.885986	458.192993
68.193001	568.880981	458.255005
68.138000	568.601990	455.885010
68.196999	568.611023	455.819000
68.166000	568.635010	456.144012
68.198997	568.624023	456.192993
68.161003	568.630981	456.223999
68.278999	568.656006	456.144012
68.287003	568.656982	456.088013
68.286003	568.659973	456.194000
68.281998	568.655029	456.033997
68.149002	568.609009	456.033997
68.273003	568.650024	456.472992
68.296997	568.666016	456.355011
68.174004	568.429016	456.963989
68.196999	568.619995	456.565002
68.345001	568.690979	456.605988
68.272003	568.651001	456.528015
68.321999	568.627991	456.683990
68.362999	568.703979	456.708008
68.324997	568.681030	456.559998
68.353996	568.749023	456.647003
68.231003	568.604980	456.765991
68.353996	568.754028	456.710999
68.331001	568.635010	456.752014
68.332001	568.685974	456.833008
68.195999	568.614990	456.812988
68.155998	568.612000	456.778015
68.352997	568.697021	456.766998
68.375999	568.711975	456.645996
68.341003	568.744019	456.993988
68.345001	568.635010	456.959991
68.317001	568.603027	456.934998
68.319000	568.619019	456.806000
68.348999	568.747009	456.936005
68.357002	568.752991	456.768005
68.307999	568.593018	456.989990
68.363998	568.750977	456.778992
68.331001	568.684998	456.942993
68.142998	568.606018	456.929993
68.155998	568.620972	457.062988
68.148003	568.606995	457.143005
68.361000	568.645996	457.009003
68.314003	568.583008	457.061005
68.195000	568.591003	457.061005
68.098999	568.674011	457.125000
68.144997	568.601990	457.217987
68.337997	568.742004	457.105988
68.107002	568.674011	457.117004
68.346001	568.745972	457.048004
68.314003	568.581970	457.182007
68.328003	568.682983	457.165985
68.330002	568.684021	457.109985
68.335999	568.687012	457.053009
68.336998	568.739990	457.164001
68.306000	568.586975	457.141998
68.223999	568.588989	457.074005
68.362999	568.646973	457.117004
68.317001	568.786011	457.208008
68.305000	568.590027	457.067993
68.334999	568.632019	457.355011
68.297997	568.578003	457.295990
68.282997	568.547974	457.377014
68.322998	568.736023	457.393005
68.094002	568.664001	457.281006
68.324997	568.681030	457.450989
68.315002	568.575989	457.307007
68.305000	568.776978	457.381012
68.325996	568.747009	457.363007
68.319000	568.731995	457.451996
68.303001	568.778015	457.438995
68.317001	568.786011	457.265015
68.294998	568.773010	457.498993
68.321999	568.788025	457.148010
68.318001	568.677979	457.510010
68.285004	568.767029	457.673004
68.309998	568.671021	457.625000
68.318001	568.731995	457.510986
68.300003	568.718994	457.687988
68.272003	568.760986	457.737000
68.278000	568.708984	457.871002
68.260002	568.754028	457.855011
68.125000	568.455017	457.044006
68.156998	568.434021	457.437012
68.084999	568.648987	457.358002
68.142998	568.594971	457.373993
68.120003	568.593994	457.235992
68.080002	568.659973	457.296997
68.086998	568.646973	457.433014
68.166000	568.481995	457.924011
68.078003	568.622009	457.549988
68.074997	568.619019	457.670013
68.217003	568.562012	457.527008
68.133003	568.575989	457.604004
68.184998	568.530029	457.686005
68.194000	568.534973	457.687988
68.213997	568.559998	457.641998
68.070000	568.565979	457.842010
68.183998	568.504028	457.813995
68.073997	568.598999	457.796997
68.119003	568.549988	457.984985
68.080002	568.573975	457.691010
68.175003	568.500000	457.843994
68.247002	568.635010	457.941986
68.074997	568.568970	457.990997
68.266998	568.593018	457.843994
68.275002	568.596985	457.897003
68.112000	568.533997	457.908997
68.249001	568.638000	457.885010
68.078003	568.630981	457.588013
68.064003	568.604980	457.970001
68.252998	568.732971	457.947998
68.186996	568.523010	457.766998
68.073997	568.590027	457.921997
68.188004	568.554993	457.437012
68.250000	568.747986	457.976990
68.183998	568.523010	457.933990
68.265999	568.700989	457.934998
68.248001	568.642029	458.046997
68.072998	568.585022	458.044006
68.067001	568.611023	458.118988
68.075996	568.611023	458.165985
68.237999	568.739014	458.096985
68.199997	568.645020	458.039001
68.224998	568.734009	458.217987
68.240997	568.742004	458.036987
68.134003	568.568970	458.059998
68.233002	568.734985	458.157013
68.230003	568.679993	458.125000
68.228996	568.679993	458.184998
68.115997	568.590027	458.126007
68.248001	568.734009	458.095001
68.197998	568.627014	458.164001
68.210999	568.724976	458.399994
68.193001	568.658020	458.319000
68.205002	568.721008	458.460999
68.167000	568.643982	458.419006
68.210999	568.668030	458.252014
68.204002	568.655029	458.285004
68.209000	568.705017	458.522003
68.190002	568.687012	458.789001
68.223000	568.786987	455.220001
68.235001	568.793030	455.321991
68.209000	568.835999	455.445007
68.244003	568.799988	455.480011
68.214996	568.836975	455.497986
68.240997	568.796997	455.424988
68.205002	568.833984	455.393005
68.263000	568.757019	455.485992
68.237000	568.796997	455.375000
68.249001	568.799988	455.529999
68.224998	568.841980	455.545990
68.266998	568.758972	455.537994
68.279999	568.765991	455.641998
68.235001	568.849976	455.701996
68.281998	568.783020	455.694000
68.268997	568.814026	455.734985
68.265999	568.814026	455.682007
68.258003	568.809021	455.634003
68.286003	568.711975	455.765015
68.290001	568.770996	455.744995
68.306000	568.744995	455.765991
68.292000	568.718994	455.816986
68.261002	568.807983	455.579987
68.244003	568.856018	455.752991
68.296997	568.718018	455.868011
68.275002	568.817017	455.786987
68.308998	568.726990	455.971008
68.297997	568.776978	455.848999
68.278000	568.820007	455.838013
68.286003	568.822021	455.890991
68.269997	568.758972	455.592010
68.263000	568.866028	455.851990
68.302002	568.778015	455.899994
68.254997	568.859985	455.910004
68.291000	568.828003	455.993988
68.295998	568.773987	455.794006
68.306000	568.781982	455.953003
68.320999	568.734985	456.071991
68.325996	568.736023	456.126007
68.317001	568.731995	456.023010
68.301003	568.833008	456.153015
68.317001	568.786987	456.054993
68.329002	568.793030	456.213013
68.310997	568.783997	456.002014
68.331001	568.796021	456.264008
68.339996	568.744995	456.335999
68.341003	568.745972	456.281006
68.068001	568.607971	455.223999
68.072998	568.611023	455.195007
68.072998	568.622009	455.377014
68.116997	568.590027	455.441010
68.077003	568.625977	455.451996
68.079002	568.635010	455.527008
68.146004	568.603027	455.536987
68.021004	568.653015	455.556000
68.125000	568.596008	455.740997
68.080002	568.616028	455.665009
68.031998	568.648010	455.610992
68.081001	568.653015	455.687012
68.127998	568.598999	455.588013
68.195999	568.614014	455.696014
68.082001	568.671021	455.807007
68.082001	568.736023	455.936005
68.181999	568.859009	455.807007
68.186996	568.875000	455.938995
68.209000	568.888977	455.746002
68.217003	568.892029	455.904999
68.227997	568.898987	456.062988
68.098999	568.744019	456.079987
68.094002	568.747986	456.170013
68.055000	568.757019	456.071014
68.083000	568.713013	456.208008
68.236000	568.906006	456.165985
68.088997	568.713989	456.049011
68.294998	568.828979	456.209991
68.274002	568.872986	456.115997
68.184998	568.866028	456.080994
68.288002	568.880981	456.217987
68.113998	568.700989	456.356995
68.267998	568.888977	456.028015
68.349998	568.750977	456.442993
68.226997	568.898987	456.117004
68.248001	568.911011	456.272003
68.178001	568.849976	456.229004
68.116997	568.703003	456.433014
68.093002	568.755981	456.291992
68.241997	568.906982	456.325989
68.297997	568.830017	456.264008
68.181000	568.856018	456.365997
68.259003	568.903992	456.149994
68.278000	568.879028	456.364014
68.286003	568.875000	456.307007
68.105003	568.747986	456.226990
68.290001	568.870972	456.252991
68.241997	568.908020	456.492004
68.250999	568.911011	456.407013
68.357002	568.755981	456.490997
68.275002	568.869995	456.170990
68.313004	568.838013	456.472992
68.236000	568.903015	456.384003
68.356003	568.750977	456.472992
68.316002	568.841003	456.416992
68.299004	568.885010	456.377014
68.278000	568.877991	456.419006
68.300003	568.887024	456.431000
68.341003	568.797974	456.480011
68.311996	568.838989	456.312988
68.249001	568.911011	456.433990
68.264000	568.888000	456.471008
68.252998	568.909973	456.278992
68.355003	568.750000	456.561005
68.362999	568.755981	456.544006
68.247002	568.911011	456.542999
68.320000	568.840027	456.524994
68.343002	568.799988	456.643005
68.282997	568.874023	456.605011
68.365997	568.752014	456.634003
68.250000	568.896973	456.582001
68.302002	568.888000	456.539001
68.321999	568.843994	456.688995
68.315002	568.838989	456.583008
68.258003	568.906006	456.535004
68.319000	568.841980	456.744995
68.290001	568.932983	456.578003
68.341003	568.799011	456.532013
68.278000	568.875000	456.661011
68.344002	568.799988	456.696014
68.280998	568.875977	456.527008
68.359001	568.754028	456.657013
68.341003	568.801025	456.753998
68.277000	568.880005	456.859009
68.320000	568.840027	456.799988
68.263000	568.898987	456.923004
68.288002	568.877014	456.933014
68.336998	568.796021	456.975006
68.334000	568.796997	456.920013
68.252998	568.893982	456.802002
68.287003	568.877991	456.765991
68.278999	568.875000	456.992004
68.339996	568.797974	456.808990
68.226997	568.846008	457.186005
68.242996	568.851013	457.177002
68.233002	568.848022	457.238007
68.292999	568.825989	457.145996
68.251999	568.859009	457.117004
68.306999	568.822998	457.195007
68.292000	568.823975	457.200989
68.273003	568.814026	457.434998
68.297997	568.828979	457.084991
68.275002	568.815002	457.377014
68.329002	568.791016	457.091003
67.917999	568.913025	460.537994
67.917000	568.913025	460.592010
67.922997	568.911011	460.480011
67.957001	568.882019	460.636993
67.910004	568.981995	460.582001
67.900002	568.987976	460.691986
67.904999	568.987000	460.636993
67.889000	568.994019	460.803009
67.883003	568.908020	460.769989
67.893997	568.992004	460.747009
67.912003	568.916016	460.705994
67.910004	568.953979	460.750000
67.910004	568.953003	460.605011
67.911003	568.916016	460.647003
67.981003	568.835022	460.954010
67.900002	568.924988	460.927002
67.889000	568.995972	460.915009
67.987999	568.867981	460.959015
67.888000	568.932007	460.868011
67.887001	568.995972	460.972992
67.899002	568.947021	460.899994
67.893997	568.926025	460.983002
67.992996	568.843994	460.806000
67.890999	568.992981	460.859009
67.903000	568.921997	460.757996
67.917000	569.039001	460.747986
67.889999	568.932007	461.040009
67.891998	568.929016	461.096985
67.989998	568.870972	461.080994
67.891998	568.927002	460.812012
67.897003	568.947021	461.042999
67.875000	569.004028	461.082001
67.879997	569.000000	461.026001
68.021004	568.844971	460.635986
68.022003	568.849976	460.710999
68.049004	568.874023	461.226013
68.018997	568.856995	461.088013
67.859001	568.695007	460.578003
67.995003	569.861023	468.269012
67.830002	569.846985	468.385010
67.807999	569.859985	468.438995
67.863998	569.827026	468.338013
67.943001	569.838989	468.303009
67.954002	569.773010	468.898987
67.734001	569.773987	468.234009
67.790001	569.677979	468.187988
67.779999	569.708984	468.313995
67.850998	569.708008	468.397003
67.852997	569.687012	468.403015
67.783997	569.715027	468.390991
67.801003	569.682983	468.324005
67.751999	569.831970	468.321014
67.755997	569.830017	468.390015
67.797997	569.695007	468.347992
67.847000	569.672974	468.325989
67.790001	569.703979	468.440002
67.807999	569.682983	468.256012
67.751999	569.831970	468.453003
67.802002	569.862000	468.503998
67.785004	569.710999	468.531006
67.856003	569.690002	468.865997
67.853996	569.687988	468.944000
67.938004	569.687988	468.877014
67.806999	569.763977	468.782990
67.855003	569.687012	468.710999
67.792999	569.869995	468.562012
67.821999	569.726013	468.914001
67.855003	569.692993	468.790985
67.855003	569.721008	469.011993
67.850998	569.708008	469.000000
67.866997	569.718018	469.178986
67.853996	569.692017	469.022003
67.930000	569.856018	469.122009
67.891998	569.869995	469.279999
67.945999	569.898987	469.520996
67.879997	569.877991	469.138000
67.849998	569.708984	469.066986
67.809998	569.918030	468.692993
67.819000	569.913025	468.631012
67.832001	569.905029	468.570007
67.748001	569.833984	468.187012
67.778000	569.875977	468.621002
67.989998	569.804993	469.128998
67.990997	569.827026	469.255005
68.134003	569.969971	470.494995
68.139999	569.965027	470.584015
67.929001	569.669006	468.950989
67.942001	569.692017	469.187012
67.933998	569.679016	469.028015
67.939003	569.690002	469.338989
67.947998	569.783997	469.255005
67.998001	569.807983	469.515991
67.990997	569.791016	469.747986
67.976997	569.765015	469.662994
67.972000	569.862000	469.574005
68.038002	569.883972	470.233002
68.040001	569.893005	470.313995
68.063004	569.921021	470.240997
68.091003	569.888000	470.415009
68.074997	569.905029	470.325989
68.053001	569.935974	470.153992
68.084000	569.895020	470.506989
68.117996	569.877014	470.632996
68.083000	569.895996	470.595001
68.091003	570.000977	470.591003
68.265999	569.848022	471.615997
68.315002	569.879028	471.830994
68.319000	569.773987	471.730011
68.335999	569.857971	471.821991
68.329002	569.789001	471.891998
68.329002	569.835999	471.940002
68.360001	569.825989	471.903992
68.329002	569.789978	471.815002
68.384003	569.796997	472.078003
68.330002	569.890991	472.006989
68.383003	569.809998	472.205994
68.389000	569.867004	472.165985
68.358002	569.778992	472.277008
68.390999	569.825989	472.092987
67.667000	569.760986	468.239990
67.737000	569.776001	468.462006
67.746002	569.833008	468.516998
67.736000	569.776978	468.661987
67.749001	569.768982	468.738007
67.751999	569.768982	468.536987
67.746002	569.833008	468.587006
67.752998	569.830017	468.721008
67.748001	569.833984	468.786011
67.782997	569.875000	468.757996
67.800003	569.862000	468.834991
67.780998	569.752014	468.822998
67.747002	569.833984	468.653015
67.800003	569.862000	468.903992
67.755997	569.768005	468.605988
67.803001	569.734009	468.989014
67.818001	569.854004	468.980988
67.787003	569.809021	468.944000
67.790001	569.807983	469.014008
67.786003	569.809021	468.876007
67.817001	569.729004	469.183014
67.832001	569.719971	469.260010
67.820000	569.849976	469.253998
67.815002	569.853027	469.321014
67.855003	569.739014	469.260010
67.810997	569.859009	469.382996
67.797997	569.802979	469.222992
67.815002	569.854980	469.458008
67.877998	569.880005	469.408997
67.795998	569.802002	469.290985
67.861000	569.888977	469.537994
67.821999	569.848999	469.735992
67.829002	569.846985	469.670990
67.665001	569.815979	468.239014
67.665001	569.822998	468.286011
67.620003	569.848022	468.325012
67.774002	569.880005	468.684998
68.026001	570.046997	470.279999
67.837997	569.715027	469.470001
67.867996	569.713989	469.411011
67.847000	569.674988	469.483002
67.848000	569.768982	469.510986
67.837997	569.781006	469.601013
67.827003	569.630981	469.549988
67.862999	569.708984	469.332001
67.981003	569.885986	470.040009
68.000999	569.908020	470.119995
67.790001	569.559998	469.694000
67.782997	569.685974	469.665009
67.834999	569.780029	469.658997
67.704002	569.507996	469.941010
67.772003	569.633972	469.674011
67.857002	569.890991	469.950012
67.896004	569.848022	469.898987
67.886002	569.934998	470.092987
67.940002	569.963013	470.040009
67.987999	569.934998	470.497009
67.969002	569.900024	470.132996
67.911003	569.987000	470.037994
67.986000	569.947998	470.980011
67.995003	569.867981	471.095001
67.981003	569.992004	471.029999
68.009003	569.922974	471.010986
68.044998	569.965027	471.015015
68.007004	569.937012	470.368011
68.063004	569.939026	470.558990
68.011002	569.953003	470.489990
68.009003	569.924988	470.583008
68.056999	569.929993	470.717010
68.064003	569.830017	470.833008
68.026001	569.976013	470.859985
68.085999	569.815979	470.933990
68.041000	569.966980	470.940002
68.080002	569.898987	470.688995
68.042000	569.893982	470.393005
68.013000	569.921997	470.942993
68.013000	569.919983	470.869995
68.102997	569.869995	470.951996
68.019997	569.978027	470.781006
68.011002	569.859009	471.032990
68.002998	569.929016	471.079010
68.078003	569.799988	471.089996
68.169998	569.817017	471.174011
68.083000	569.807007	471.247009
68.117996	569.841980	471.093994
68.129997	569.838989	471.213989
68.121002	569.851990	471.338013
68.126999	569.874023	471.174011
68.103996	569.851013	471.338013
68.084999	569.877014	471.503998
68.124001	569.862000	471.500000
68.025002	569.973999	471.511993
68.141998	569.820984	471.480988
68.155998	569.791016	471.247009
68.140999	569.906006	471.377014
68.244003	569.794983	471.644012
68.134003	569.848999	471.610992
68.254997	569.822021	471.726990
68.199997	569.870972	471.786987
68.234001	569.914978	471.713989
68.240997	569.835999	471.700989
68.175003	569.885986	471.696014
68.292000	569.879028	471.979004
68.292999	569.869995	471.993011
68.246002	569.909973	471.794006
68.031998	569.908997	471.247009
68.138000	569.828979	471.303009
68.070000	570.013000	470.648010
68.315002	569.866028	472.071014
68.310997	568.554993	457.558014
68.295998	568.551025	457.621002
68.420998	568.487976	457.364014
68.261002	568.505981	457.912994
