0
0
0
0
0
0
0
0
0
7
0
0
43
0
0
0
0
0
0
0
13
0
0
0
0
0
0
0
0
0
0
0
0
0
0
15
0
0
0
0
0
0
0
0
0
0
0
0
0
0
0
0
0
0
0
0
0
0
0
0
0
0
0
0
0
0
0
0
0
0
0
0
0
0
33
0
0
0
0
0
0
0
0
0
0
0
0
0
0
0
0
0
0
0
0
0
0
0
0
0
0
0
0
0
0
0
0
0
0
0
0
0
0
0
0
0
0
0
0
0
0
0
0
0
0
0
0
0
0
0
0
0
0
0
0
0
0
0
0
0
0
0
0
0
0
0
0
0
0
0
0
0
0
0
0
0
0
0
0
0
0
0
0
0
0
0
0
0
0
0
0
0
0
0
0
0
0
0
0
0
0
0
0
0
0
0
0
0
0
0
0
0
0
0
0
0
0
0
0
0
0
0
0
0
0
0
0
0
0
0
0
0
0
0
0
0
0
0
0
0
0
0
0
0
0
0
0
0
0
0
0
0
0
0
0
0
0
0
0
0
0
0
0
0
0
0
0
0
0
0
0
0
0
0
0
0
0
0
0
0
0
0
0
0
0
0
0
0
0
0
0
277
0
0
0
0
0
0
0
0
0
0
0
0
0
0
2169
0
2169
0
0
2194
2166
2166
2166
2097
0
499
2194
669
2097
2097
665
2166
665
2194
665
1015
1016
2116
525
572
572
525
540
525
580
540
525
612
540
580
525
525
612
571
540
594
612
650
799
612
594
612
650
572
604
604
604
571
572
604
580
611
611
578
578
580
589
589
622
622
572
589
919
594
604
788
598
598
611
604
613
604
622
571
612
598
609
578
612
613
578
604
611
594
612
612
622
612
919
612
622
612
799
571
630
578
914
580
612
650
2166
650
652
612
612
612
652
2166
665
669
705
665
650
612
665
652
650
914
1007
699
705
612
718
705
705
796
665
612
705
718
718
718
705
904
718
728
730
613
732
733
734
769
780
593
788
753
769
757
919
622
604
769
598
769
904
879
796
919
788
594
788
799
718
1054
799
630
914
705
914
705
914
718
914
919
978
718
652
652
1056
1054
630
1036
652
699
630
630
652
652
1056
1054
652
630
1081
699
1080
2166
578
540
540
578
650
578
578
2166
652
2166
2166
0
2166
665
2097
2194
2097
2166
2166
0
0
0
0
0
0
0
0
0
0
0
0
0
0
0
0
866
2116
0
578
572
572
580
598
525
540
525
589
580
578
540
525
612
0
612
580
525
525
525
612
540
571
540
594
578
612
650
799
0
540
612
2117
594
612
593
650
572
604
604
604
0
0
578
525
0
0
604
580
611
611
611
0
578
0
589
598
1104
589
622
622
572
594
0
589
611
919
0
0
604
604
788
0
611
598
611
604
613
0
622
571
612
598
0
578
0
0
0
578
604
604
769
611
594
612
612
0
612
919
612
622
612
799
571
0
589
578
914
580
612
650
669
578
2097
2097
650
578
650
2166
665
652
2166
669
2166
0
669
0
650
612
669
665
699
612
665
650
652
2194
612
652
0
650
2166
650
0
2097
2166
665
718
669
705
914
705
665
665
705
919
665
718
699
650
705
612
919
665
705
665
699
919
652
650
914
699
1007
0
705
612
2097
718
705
0
796
705
796
665
612
699
705
705
705
718
2097
718
0
604
652
705
820
904
757
699
831
718
0
957
0
613
0
0
0
831
757
738
0
839
0
825
1135
604
840
1136
769
609
761
780
830
593
753
0
788
753
769
0
919
622
604
0
604
769
761
769
598
851
769
0
813
904
879
851
757
813
796
630
769
769
0
2108
851
780
919
753
904
788
0
788
866
936
879
622
796
904
0
780
594
0
788
769
799
904
796
718
796
1122
904
1054
718
820
820
0
796
799
884
820
753
825
0
904
1065
799
820
0
0
837
0
753
0
0
630
0
825
858
879
0
831
0
0
1141
837
830
851
828
978
879
879
879
911
0
858
904
780
851
780
858
0
851
879
879
813
1157
858
936
0
911
911
1141
1148
1260
1260
879
879
911
911
1148
1260
0
0
978
858
936
0
911
1178
936
911
1154
978
911
879
936
978
911
904
1178
1189
914
705
936
936
911
0
788
914
780
705
936
1337
0
604
612
0
718
914
957
788
0
705
705
978
799
957
911
796
799
705
1294
718
799
705
947
975
788
0
957
705
788
975
975
705
976
947
965
1679
0
799
705
914
936
914
976
914
1294
957
0
978
957
975
1169
957
965
947
0
975
957
978
976
1294
976
976
976
936
0
0
936
0
947
1294
796
1328
1178
799
975
866
975
978
1328
1312
975
978
975
957
975
1312
866
1328
1178
965
1312
1312
0
0
975
957
0
2166
652
1365
0
0
652
2198
0
0
976
652
0
1056
1054
2174
1054
1054
2169
0
1007
1054
630
2176
0
0
0
1365
0
0
1019
0
652
0
0
699
630
630
1054
652
0
0
1056
965
0
652
1056
0
1056
0
652
1083
965
0
1054
630
1096
2135
0
1071
1092
1071
1110
1087
0
0
1081
699
1092
1100
1054
965
0
0
0
1092
0
965
630
0
0
1087
1092
975
1056
0
1110
1118
1054
0
0
975
1065
0
1106
718
0
0
0
0
965
1097
0
0
1104
965
1079
1083
1097
0
0
0
1722
0
936
0
1690
1054
1178
820
1253
965
1696
833
1147
1215
831
1144
0
0
0
1244
0
1208
0
830
0
0
1118
858
0
0
0
0
0
1208
965
0
830
0
0
911
780
1260
1241
936
911
858
1157
1236
1178
780
0
1337
965
1148
1198
911
1260
780
1188
0
1150
1241
1148
1241
1241
1157
1186
0
1241
0
0
1198
866
1178
1154
1241
1337
1337
1186
0
1337
1157
1328
1241
0
796
1241
1422
1209
0
0
1215
0
0
1253
1292
0
0
1292
0
0
1412
1139
0
1287
0
0
0
1402
1236
1241
0
0
1253
0
0
1236
0
1219
1189
830
1234
0
1198
1328
0
1287
1287
1292
1305
1241
1236
1292
1305
0
1337
1148
1305
1337
1383
1236
0
1305
1236
1241
1305
911
1292
1241
1189
1287
1468
1287
1468
1241
1253
1287
1236
1241
1241
1434
1446
1287
1241
1513
1292
1292
1468
0
866
866
1241
1343
0
866
0
1328
1337
1577
1374
1468
1337
1379
978
1328
1343
0
1312
1577
1379
1312
1294
1312
0
1379
1287
965
1343
1312
1573
1337
1343
1565
1178
1374
1328
1365
1565
1328
0
1374
1385
1379
1312
1328
1294
1409
1565
0
1697
1577
1294
1312
1343
0
1178
1337
1577
1573
1178
1343
1365
1611
1577
1577
1343
1577
1582
1379
1365
1294
1648
1374
1582
1409
1573
0
1611
1409
1379
1312
1409
1328
1565
1573
0
1409
1577
1625
1565
0
1385
1385
1374
0
1573
0
1409
1573
1409
1337
1582
1409
1343
1468
1422
1582
1681
1374
1365
1483
1611
1573
0
0
1219
0
0
1452
0
0
0
1582
0
0
1234
0
0
1446
0
0
1434
0
0
1208
1208
1292
1446
1434
1510
1287
1292
1422
1374
1542
0
1241
1292
1434
1468
1434
1792
1486
1468
1513
1542
1446
0
1510
1241
1434
1792
1510
0
1486
1540
1446
1468
1365
1241
0
0
1510
1486
1513
1513
1812
1540
1545
0
1468
1812
1510
1510
1786
1468
1468
1452
1799
0
1545
1812
1799
1452
0
0
1867
0
1787
0
1484
1507
0
1716
1787
1847
0
0
1776
0
1484
1792
1513
1799
1826
0
1540
0
0
0
1513
0
1513
1468
0
1812
1776
1510
1812
1542
1778
1540
1510
1446
1879
1792
1545
1812
1812
1542
1508
0
1513
1486
1513
1513
1812
1812
1510
1540
1787
0
1542
0
1545
1545
0
1405
1686
1944
1540
1577
1577
1468
1510
1540
1374
1573
1787
1792
1611
1573
1565
1611
1409
1625
0
1611
1385
1573
1647
1812
1625
1582
0
1582
1577
1573
0
1343
1670
1573
1582
0
1343
1582
1385
1573
1792
1611
1686
1385
1647
1385
1647
1573
1582
1545
1545
1625
1611
1681
1565
1582
1681
1611
1385
1582
1374
1686
1565
1670
0
1540
1685
1611
1582
1686
1647
1686
1374
1670
1625
1670
1625
1670
0
1468
1577
1670
1374
1686
1670
1685
1670
1670
1670
1385
1647
1611
1625
1647
1565
1648
1681
1670
1545
1648
0
0
1611
1611
1648
1852
1625
1611
1647
1625
0
1944
1625
1685
1625
1577
1611
1670
1648
1670
1685
1409
0
0
1681
965
1106
1678
1678
1946
1150
0
0
0
0
1685
0
1698
0
0
1698
0
1680
0
0
1648
1150
1706
0
0
0
0
0
965
0
0
0
0
0
0
965
0
1365
0
0
0
0
0
1365
0
0
0
0
0
0
0
0
0
0
0
0
0
0
0
0
0
0
0
0
0
0
0
0
0
1757
0
1106
0
0
0
0
0
0
0
0
0
0
0
0
0
0
0
0
0
0
0
0
0
0
1365
0
3090
0
0
0
0
1611
1830
1778
0
0
0
0
0
0
1405
1980
0
0
0
0
0
1864
1812
1889
0
1887
0
1887
0
0
1903
0
1862
1887
1812
1792
1980
0
1540
1934
1540
1812
1852
1944
0
1792
1830
1944
1889
1826
1944
1812
1887
1889
1852
1812
1887
1889
0
1852
1903
1826
0
2003
1879
1887
1926
1826
1852
1812
1980
2003
1826
1852
1826
1889
1830
1670
1812
0
1944
1852
0
1934
0
0
1944
0
0
1980
1826
0
0
1755
0
0
0
0
0
0
0
0
1934
0
1889
0
1852
1889
0
2501
1792
0
1934
2504
1944
1917
1792
0
0
0
1799
0
1852
1980
1944
1980
2519
1852
2415
1934
1917
1944
1887
2413
2415
0
1887
1887
1934
1540
1625
1852
1944
1934
1934
1934
1926
2466
2415
0
1934
1852
0
1944
1540
0
0
1926
0
1468
1685
0
1917
1670
1685
1670
0
1670
1994
1685
2043
2504
1670
1994
1994
0
0
0
0
1670
1685
1987
1994
0
1685
1685
0
1944
1545
1946
1944
1980
1685
0
1685
1685
1994
1670
1987
1980
2026
1994
1987
1685
2375
1946
2003
1987
0
1994
1926
1670
0
2003
2003
1944
2003
2501
2003
0
2003
1685
2501
2022
2003
1994
0
2043
2003
2003
2003
2003
1994
2556
2553
0
2022
2501
2375
2043
1994
1685
1994
2022
2043
2022
2475
2039
2039
2022
2375
2504
1994
1987
0
2556
1670
1994
0
1944
2022
2043
2043
1994
2039
2375
2545
2570
2039
2039
2043
0
2039
2556
2043
0
0
2375
1887
0
2454
0
1889
2375
0
0
0
0
0
0
0
0
0
0
0
0
0
0
0
0
0
0
0
0
0
0
0
0
2178
2169
589
598
525
769
571
571
580
525
589
598
580
580
540
594
589
665
669
650
2097
0
578
540
525
525
2097
578
650
540
2116
2108
0
0
2117
2117
572
572
0
0
0
0
0
0
622
622
572
572
598
571
572
2116
2114
0
728
757
757
593
0
0
0
567
0
0
0
0
0
2176
2166
2167
2169
2170
2173
1944
2174
0
0
2177
2178
0
2179
2181
2186
2190
2166
2194
2166
2170
2176
2166
0
0
0
0
0
0
2169
0
0
652
0
0
0
0
2170
0
652
2166
2151
2176
0
2166
0
0
0
0
0
0
0
2166
2166
669
0
0
2179
0
0
2169
0
0
0
0
0
0
0
0
0
0
0
0
0
0
0
0
0
0
0
0
0
0
0
2246
0
0
0
0
0
0
0
0
0
0
0
0
0
0
0
0
0
0
0
0
0
0
0
0
0
0
2269
0
0
0
0
0
0
0
0
0
0
0
0
0
0
0
0
0
0
0
0
0
0
0
0
0
0
0
0
0
0
0
0
0
0
0
0
0
0
0
0
0
0
0
0
0
0
0
0
2738
0
0
0
0
0
0
0
0
0
0
0
0
0
0
0
0
0
0
0
0
0
0
0
0
0
0
0
0
0
0
0
0
0
0
0
0
0
0
0
0
0
0
0
0
0
0
0
0
0
0
0
0
0
0
0
0
0
0
0
0
0
0
0
0
0
0
0
0
0
0
0
0
2545
2501
0
0
1847
0
0
0
0
0
0
0
2466
2415
2454
2501
2519
1879
2504
2454
2413
2501
2404
2519
2454
1887
2442
1934
0
2415
1879
2475
2454
2463
0
1926
2501
0
2519
0
2415
2415
2415
1926
2501
2501
2484
2475
2475
2463
2463
2466
2463
2484
2049
2718
2463
2463
0
2384
0
2454
0
0
2466
2780
0
0
2492
0
0
0
2415
0
2492
0
2415
2415
0
2466
0
2475
2475
0
2501
0
0
0
2463
0
0
2697
2780
2492
2475
2475
2492
2415
0
0
2454
2697
2484
2463
2708
2475
0
2415
0
2708
2463
2492
2708
2466
2484
2454
0
2793
2463
0
2708
2501
0
1852
2758
0
0
1994
0
2022
0
0
2779
0
2577
2501
2615
2553
2577
2463
2501
2708
2043
0
2475
2577
2475
2689
2577
2779
2780
2501
2793
2553
2577
2553
2545
2577
2504
2779
2556
2043
2375
2043
2039
2556
2556
2556
2577
0
2545
2556
2807
2556
2545
2556
2484
0
2556
2043
0
2504
0
2593
2556
2807
2545
2039
2647
2375
2577
2043
2860
2039
0
2577
2642
2545
0
0
2504
0
0
2593
2860
2375
2593
2577
2519
2779
2492
2642
2593
2647
2779
2647
2463
0
2553
2556
2779
2780
2779
2647
2593
2475
2779
2577
2615
2577
2780
2593
2780
2577
2780
2556
2807
2556
2642
0
2812
2779
2642
2642
2642
2642
2807
2780
2807
2545
2642
2779
2577
2823
2545
2647
2779
2593
2807
2956
2779
2642
2642
2812
2812
2807
0
2642
2860
2593
2593
0
2860
2812
2593
2642
2812
2823
2642
2642
2860
2642
2823
2812
0
0
2439
0
0
0
0
0
2439
2779
0
0
0
0
0
0
0
0
0
0
0
0
0
0
0
0
0
0
2492
0
2776
2466
0
0
0
2758
2725
0
0
0
0
2466
2725
2725
2466
2780
2776
0
0
2725
2475
2492
2793
2725
2758
2793
0
2758
0
2873
2793
2935
2725
2698
2725
0
2758
0
2780
2492
0
0
0
2415
0
2793
2708
2762
0
0
0
3039
0
0
0
2979
0
2718
0
0
0
0
2708
0
2991
0
2776
2725
0
2942
2979
2758
0
2758
2758
0
3022
2979
2979
2697
2793
2942
2942
2989
2758
2765
0
0
2991
0
0
0
2928
2779
2985
2940
2779
2779
2873
2779
2807
2793
2793
0
0
2940
2873
2807
2854
2779
2873
2854
2928
2779
0
2854
2779
0
2780
2812
2844
2860
0
2779
2942
2887
2642
2807
2844
2928
2854
2807
2940
0
2860
2812
2860
2779
2844
2779
2812
2860
2860
2844
2779
2887
2844
2860
2860
2844
2893
2887
2844
2844
0
2893
2593
2860
2647
2844
2854
3132
3082
2860
0
2893
2708
3082
2844
2844
0
2887
2935
2893
2725
2893
2940
2887
2854
2887
2854
2844
2873
0
2940
2887
2854
2956
2942
2928
2844
2854
2956
2854
2854
2844
2854
0
2893
2860
0
2844
2725
0
0
2860
2860
2989
0
0
0
0
0
0
0
0
0
2979
2776
2758
2991
3022
2873
2979
3022
2991
2776
2935
0
2942
0
2758
2928
2935
2928
2942
3010
3184
0
2940
2942
2887
2940
2928
2928
0
2940
2942
3139
2940
0
3010
0
2956
2844
2940
2844
2844
2942
2893
3149
2893
3139
2935
2956
3132
0
3149
2985
2860
0
2984
0
3139
2887
2956
3043
3071
2744
0
0
0
2985
3023
2991
2928
3196
0
2979
0
2984
2935
0
2873
0
0
0
3230
3111
0
2979
0
0
2758
2979
2979
2960
0
2758
3066
3022
2758
3226
2979
0
3004
2991
3226
3045
3022
0
0
3061
3299
2997
3004
0
0
0
3022
3022
2991
0
0
3045
3039
0
3272
0
0
0
3036
3043
0
2979
3232
0
3272
0
0
3038
0
3275
0
3309
0
3309
2979
3022
3022
3066
3054
3226
3054
0
3070
0
3226
3054
3070
3070
0
3070
3070
2979
0
0
0
3226
3061
0
0
3348
0
3226
3082
3022
3152
3206
3082
3139
3233
0
3152
3132
3132
2940
3090
2758
3105
0
2873
3132
3152
3022
3082
3132
3152
2873
3152
3105
3152
3105
3152
3269
0
3152
3082
3111
3139
2991
0
3090
3132
3139
3149
3149
2758
3152
3111
2854
3132
3105
3139
3132
3139
0
3139
3139
3090
3184
3139
0
3196
3105
3132
3196
3139
3196
0
3082
3196
3149
3196
2860
3132
3152
3254
3082
0
3152
3160
0
3164
3249
3260
3204
3164
3203
3160
0
3149
3139
3152
0
3164
3203
3245
3253
3132
3160
3204
3203
3184
3354
3299
3022
3139
3299
3253
3152
3366
3164
3616
0
3022
3363
3184
3184
3126
3152
3204
3397
3200
3200
3184
0
3200
3200
3381
0
3164
3196
0
0
0
0
0
0
0
0
3214
3310
0
0
0
3030
3337
0
0
0
0
0
3226
3320
3278
0
3254
3226
3356
0
0
0
0
3317
0
0
3061
0
3030
3317
3164
3245
3090
3370
0
3253
3621
3621
0
3610
3375
3254
0
0
3254
0
3381
3200
3200
0
3366
3200
0
3378
3381
3397
3381
0
0
0
3260
0
0
3320
0
3356
3356
0
0
0
3245
3238
3245
0
3344
3061
3022
3317
3354
0
3621
3370
3370
3370
3317
3317
3354
3317
0
3378
3164
0
6220
3218
0
6220
0
0
0
0
6219
3214
0
0
0
3370
0
3317
0
0
3356
3317
3344
3317
3344
0
3344
3356
6130
3344
3375
6127
3226
0
3290
3370
0
3226
3290
3226
0
0
3317
0
0
3070
0
0
0
0
6225
6137
3344
0
3317
0
3344
3317
3344
3370
3375
3299
0
6170
3354
0
3317
3245
6170
0
6267
3374
3384
0
0
3382
3384
0
3374
3382
0
0
0
0
3382
3378
6130
0
0
3374
0
6267
6182
3384
0
0
0
0
6170
3384
0
0
0
0
0
0
0
0
0
0
0
0
0
0
0
0
0
0
0
0
0
0
0
0
0
0
0
0
0
0
0
0
0
0
0
0
0
0
0
0
0
0
0
0
0
0
0
0
0
0
0
0
0
0
0
0
0
0
0
0
0
0
0
0
0
0
0
0
0
0
0
0
0
0
0
0
0
0
0
0
0
0
0
0
0
0
0
0
0
0
0
0
0
0
0
0
0
0
0
0
0
0
0
0
0
0
0
0
0
0
0
0
0
0
0
0
0
0
0
0
0
0
0
0
0
0
0
0
0
0
0
0
0
0
0
0
0
0
0
0
0
0
0
0
0
0
0
0
0
0
0
0
0
0
0
0
0
0
0
0
0
0
0
0
0
0
0
0
0
0
0
0
0
0
0
0
0
0
0
0
0
0
0
0
0
0
0
0
0
0
0
0
0
0
3253
3616
3684
0
0
3299
4489
4604
3630
0
4508
0
0
0
0
0
0
0
0
0
0
0
0
0
0
3614
0
3630
0
0
0
4496
0
0
0
0
0
0
0
3747
0
0
0
0
3648
0
0
0
0
0
0
0
0
0
0
0
0
0
0
0
0
3684
0
0
0
0
0
0
0
0
0
0
0
0
0
0
0
0
0
0
0
0
0
0
0
0
0
0
0
0
0
0
0
0
0
0
0
0
0
3725
0
0
0
0
0
0
0
0
0
0
3719
0
0
0
0
0
0
0
0
0
0
0
3719
0
0
3725
0
0
0
0
0
0
0
0
0
0
0
0
0
0
0
0
0
0
0
0
0
0
0
0
0
0
0
3636
0
0
0
0
0
0
0
0
0
0
0
0
0
0
0
0
0
0
0
0
0
0
0
0
0
0
0
0
0
0
0
0
0
0
0
0
0
0
0
0
0
0
0
0
0
0
0
0
0
0
0
0
0
0
0
0
0
0
0
0
0
0
0
0
0
0
0
0
5224
0
0
4998
4272
4472
0
5085
0
0
0
0
5212
5212
0
3828
0
0
0
0
0
0
0
0
0
0
0
0
0
0
0
0
0
0
0
0
0
6721
0
0
0
0
0
0
0
0
0
0
0
0
0
0
0
0
6624
0
0
6504
4261
3926
6595
0
3884
7487
3896
4341
3896
0
7543
3884
7599
7487
7487
4261
3884
4896
5130
3918
3941
0
6728
3927
4197
3927
4197
3911
3926
3918
3918
3911
3926
3941
3911
3911
0
3911
3979
0
6759
3941
6624
0
4896
6759
7487
0
3927
6759
3911
0
0
3918
4373
6759
6759
6759
5130
3911
3911
4232
3927
3918
7442
3918
0
3944
3926
0
3911
3918
4261
0
0
4896
3995
3969
0
3975
3969
0
0
0
0
0
0
0
0
3975
0
0
4929
7502
0
0
3959
0
3979
0
0
0
9849
7502
0
3986
9849
7494
3995
9847
3995
0
4912
7476
11597
7172
7476
0
7486
4180
0
9849
9849
4180
7502
7172
5262
0
4180
5212
0
4180
0
0
4933
0
0
0
4019
0
5017
4019
4061
5212
0
4061
0
0
5205
0
0
4019
0
0
4061
4242
4034
5212
4131
0
5065
0
5212
5026
4034
4061
4034
4034
0
0
4019
4061
0
4034
0
4010
4019
4061
4195
4070
4028
11589
4069
4180
4063
4028
0
5212
0
4069
4010
4067
0
0
0
0
4019
4224
0
5054
4061
4472
4472
4067
7328
4240
7242
0
4461
0
0
0
0
0
0
0
0
0
0
0
0
4301
0
0
0
0
0
0
0
0
0
0
0
0
4063
0
4279
4131
0
0
0
0
0
0
0
4601
0
4472
0
4171
0
0
0
0
0
0
0
0
0
4373
4373
0
0
0
0
0
4131
0
0
0
0
4373
0
0
0
4246
4373
0
0
0
4133
0
0
0
0
0
0
4242
4069
0
4195
4195
0
4279
0
0
0
4047
0
11577
4180
0
4472
0
4070
0
4209
5243
5262
4061
5262
4472
0
0
4240
4209
3944
11580
7172
4224
0
4312
0
0
0
0
4218
0
6738
0
4224
0
6871
0
0
0
6813
4366
4232
4216
4232
0
6324
0
3927
3911
4232
4261
4210
0
4210
4232
3927
4261
4261
3927
3911
0
4240
3911
4224
6813
4308
4261
4218
0
4281
0
3867
4279
4264
0
4242
4224
4261
4218
4209
4318
4269
0
4254
4312
3867
4209
3927
4269
0
4254
4329
0
3867
4254
4264
4329
0
4276
0
0
4218
4264
4927
0
0
4209
0
4276
0
0
0
4276
4341
4269
0
0
0
0
7308
4063
4276
0
4276
11589
0
4308
4063
0
0
6871
11556
3941
4472
3941
4462
0
4326
4195
6871
0
4776
4760
4365
4301
4336
0
4318
0
4329
6871
4958
4776
4269
0
4224
4326
0
4946
4837
4345
4927
4999
4760
0
4326
4329
4837
4834
0
4946
0
6813
0
4326
3941
4209
4855
0
4366
4343
4366
4359
4232
4341
4855
4232
0
4359
4359
4876
4359
4359
0
0
3926
4366
4366
4341
4341
4359
0
5151
4373
4373
4373
4373
4152
4373
5151
4373
4131
4145
4133
4373
4373
5125
4373
0
4152
4147
5125
5151
4137
4131
4359
4232
4366
4862
4855
3911
4855
4366
5201
4876
4326
4366
4872
4876
4366
0
4209
0
0
0
0
0
0
0
0
0
0
0
0
0
0
0
0
4436
4905
0
0
0
0
0
0
4428
4453
4946
4779
4932
4779
4953
4927
5007
4264
0
4927
0
0
5202
0
4461
0
4462
4069
4462
4289
4472
0
0
4063
4462
0
0
4069
4195
4462
4019
0
0
0
0
0
0
0
0
0
0
0
0
0
0
0
0
0
0
0
0
4512
4034
0
0
0
0
3630
0
0
0
4508
0
4508
4626
0
0
0
0
4626
0
0
0
0
4601
4626
0
4626
0
0
0
4506
0
0
4505
0
0
0
0
0
0
0
0
0
0
0
0
0
0
0
0
0
0
0
0
0
0
0
0
0
0
4553
0
0
0
0
0
0
0
0
0
0
0
0
0
0
0
0
0
0
0
0
0
0
0
0
0
0
0
0
0
0
0
0
0
0
0
0
0
0
0
0
0
0
0
0
0
0
4147
0
0
0
0
0
0
0
0
0
0
0
0
0
0
0
0
0
0
0
0
0
0
0
0
0
0
0
0
0
0
0
0
0
0
0
0
0
0
0
0
0
0
0
0
0
0
0
0
0
0
0
0
0
0
0
0
0
0
0
0
0
0
0
0
0
0
0
0
0
0
0
0
0
0
0
0
0
0
0
0
0
0
4678
0
0
0
0
0
0
0
0
0
0
0
0
0
0
0
0
0
0
0
0
0
0
0
0
0
0
0
0
0
0
0
0
0
0
0
0
0
0
0
0
0
0
0
0
0
0
0
0
0
0
0
0
0
0
0
0
0
0
0
0
0
0
0
0
0
0
0
0
0
0
0
0
4644
0
4641
4644
0
4933
0
4933
4933
0
4760
4760
4927
4779
4927
4224
4927
4281
4776
4933
4999
4776
0
4927
4979
0
4269
4946
4927
4776
4927
4932
4792
4927
5044
0
0
4792
0
0
0
0
0
0
0
0
0
0
0
0
4834
4326
4326
0
0
0
0
4837
4830
0
4830
0
4837
4837
0
0
0
0
0
0
7367
4834
4834
7517
7239
7401
0
4862
4830
7404
0
4830
4862
0
4830
7444
7038
4830
4906
0
7545
5203
4862
4883
4862
4834
4359
4834
4834
4862
4876
0
4876
4862
4359
4872
4365
4837
0
4872
4359
4876
4876
4876
4876
4872
4876
5224
0
4862
4834
4872
0
5121
4876
0
4876
4862
4837
0
0
4366
4862
4876
0
4876
5118
4876
4837
4862
4862
0
0
7599
0
0
0
7599
0
0
0
0
0
7491
7404
7545
7589
0
0
3979
7517
7487
7373
4932
7401
7517
7491
0
7576
0
0
7291
7384
0
4959
0
5017
4932
0
0
4760
4933
4946
4946
4776
4979
4979
0
4933
0
4927
4862
0
0
5044
4953
4982
4982
5046
0
5044
5223
4946
4946
0
0
4979
5223
6971
5054
5054
4953
5026
5054
5013
0
4837
4776
4982
4982
4979
4946
7038
7038
7038
0
4946
4776
0
0
4946
5026
4946
7038
5044
4982
4999
0
4946
4999
5207
5039
7052
7054
0
0
4982
0
5011
5205
0
6971
0
0
5013
5039
4999
0
4837
0
0
5223
4979
0
0
5054
0
5223
5039
0
5039
5039
0
4837
5085
5223
4979
5039
4034
0
5039
4998
4789
0
3825
0
4969
0
5085
4979
0
4180
0
5039
5007
4982
4034
5017
4979
5224
0
5017
7038
3828
5085
4969
5085
5212
5039
5044
3867
0
5212
5243
4034
5011
7172
5212
5044
5037
4019
5262
5224
5223
4308
5054
5207
5243
5207
6624
6608
0
5262
5130
4876
5121
7052
5085
5121
5121
5121
5130
4862
5243
4876
5039
5118
5118
4876
4872
6624
6608
3896
6595
5130
6608
3926
3884
6624
3884
5243
4872
3896
3828
0
4837
5224
0
5121
5141
4142
0
0
5125
5125
5125
0
5125
3960
3960
5139
5125
5141
4158
5125
0
0
0
5125
5125
5125
0
5160
5125
5160
5141
5125
0
3948
5160
5125
5141
5139
3966
0
3962
0
5125
5139
5139
3965
3948
5125
5141
5139
3962
5139
5139
5141
3828
4862
5266
5121
3867
5121
5121
5216
5207
5121
5224
5276
5121
5224
5224
4872
5276
5039
4872
0
5121
5205
4872
4872
5224
5276
5266
5121
0
0
0
0
0
5085
0
0
5007
4979
4034
0
5011
4979
5276
0
0
5224
5243
0
5007
5011
0
0
0
5243
5224
5243
4209
5224
5039
5243
5224
0
5224
4019
5243
5243
5243
4180
5121
5243
0
5276
4209
4209
4209
5224
4180
5224
0
4180
5243
5243
5118
4218
4269
5262
3867
5243
5118
0
5243
5243
5039
0
4209
4180
5276
4312
4264
0
4180
0
4209
0
4450
0
4264
5243
5085
5243
5272
4269
0
0
0
0
0
0
0
0
0
0
0
0
0
0
0
0
0
0
0
0
0
0
0
0
0
0
0
0
0
0
0
0
0
0
0
0
0
0
0
0
0
0
0
0
0
0
0
0
0
0
0
0
0
0
0
0
0
0
0
0
0
0
0
0
0
0
0
0
0
0
0
0
0
0
0
0
0
0
0
0
0
0
0
0
0
0
0
0
0
0
0
0
0
0
0
0
0
0
0
0
0
0
0
0
0
0
0
0
0
0
0
0
0
0
0
5437
0
0
5437
0
0
5410
6447
0
0
0
5410
0
0
0
0
0
5449
0
0
0
0
5413
0
5434
5449
5434
5449
5410
0
0
5438
0
0
0
5449
5409
0
0
0
0
0
0
0
7179
0
0
5434
0
0
0
0
0
0
0
0
0
0
0
0
0
0
0
0
0
0
0
0
0
0
0
0
0
0
0
0
0
0
0
0
0
0
0
0
0
0
0
0
0
0
0
0
0
0
0
0
0
0
0
0
0
0
0
0
0
0
0
0
0
0
0
0
0
0
0
0
0
0
0
0
0
0
0
0
0
0
0
0
0
0
0
0
0
0
0
0
0
0
0
0
0
0
0
0
0
0
0
0
0
0
0
0
0
0
0
0
0
0
0
0
0
0
0
0
0
0
0
0
0
0
0
0
5380
0
0
0
0
0
0
0
0
0
0
0
5580
0
0
0
0
0
0
0
0
0
0
0
0
0
0
0
0
0
0
0
0
0
0
0
0
0
0
0
0
0
0
0
0
0
0
0
0
0
0
0
0
0
0
0
0
0
0
0
0
0
0
0
0
0
0
0
0
0
0
0
0
0
0
0
0
0
0
0
0
0
0
0
0
0
0
0
0
0
0
0
0
0
0
0
0
0
0
0
0
0
0
0
0
0
0
0
0
0
0
0
0
0
0
0
0
0
0
0
0
0
0
0
0
0
0
0
0
0
0
0
0
0
0
0
0
0
0
0
0
0
0
0
0
0
5617
0
0
0
0
0
0
0
0
0
0
0
0
0
0
0
0
0
0
0
0
0
7179
0
0
0
0
0
0
0
0
0
0
0
0
0
0
0
0
0
5815
5815
0
0
0
5789
5767
5791
0
0
0
0
0
0
0
0
5791
0
0
6237
0
5791
0
5761
5786
5786
5791
6238
0
5815
5815
0
0
0
5767
0
5812
5812
0
6012
6022
5807
5791
5866
0
5807
0
5860
0
0
0
0
5761
0
0
0
5866
0
0
5761
0
0
5812
0
0
0
0
0
0
5767
5866
6260
0
6170
5842
5767
6009
0
6177
5839
6260
0
5861
5839
0
6230
6205
6205
5854
5870
6182
5854
5830
6205
5861
0
0
5861
5789
5853
5859
0
0
0
5870
5870
5870
6004
0
6009
5835
5866
0
6201
5861
6009
6089
5861
6070
6070
5866
5859
5992
6009
5839
6009
5789
6004
5830
6004
5992
5870
5853
6072
0
5870
0
0
6385
5870
6070
5870
0
5861
6009
6004
5789
0
5789
5860
5860
0
0
0
6012
0
5992
6482
6343
0
6343
6343
6482
6404
6063
6404
6482
0
6063
6482
0
5992
6063
0
0
0
5812
0
5812
5761
5860
0
0
0
0
0
0
0
5815
0
5812
0
0
0
0
0
0
0
0
0
0
0
0
0
0
0
0
0
0
0
0
0
0
0
0
6012
0
0
6012
6355
6012
5958
6012
6012
5789
0
6012
5861
6022
5835
6012
5853
0
6022
0
5791
6012
6012
6063
6022
0
6089
6012
6042
6070
5992
0
6009
6100
6012
6004
0
6070
5992
0
5992
6042
6004
6012
6089
6022
6022
6070
5860
0
6022
6385
6012
6362
6070
6070
6012
6004
6089
6540
6540
6042
5866
5992
6540
5992
6004
6004
6022
0
6100
6362
6009
6089
6070
6004
6009
0
0
6090
6100
5870
6385
6385
6100
6009
6089
6385
6100
6378
0
0
6362
6009
6540
6042
6540
0
6355
0
6362
6063
6089
6022
6540
6355
6355
6009
6042
6535
6009
6355
6100
6042
6100
6009
0
0
6070
6009
6090
6089
6549
6100
6063
6012
6100
0
6012
6385
6090
6378
6009
6100
0
6217
6217
0
0
0
0
0
0
6111
3279
0
0
3344
6114
0
0
6133
6232
0
0
0
6217
0
6110
0
0
6215
0
0
0
6127
6215
6110
0
0
6186
0
0
3356
0
0
6186
6142
3226
0
0
6186
0
6168
6170
6170
3374
6162
6130
0
3374
3374
6186
6147
6130
0
6168
0
6170
6186
6168
6260
6247
6182
0
5835
6170
6162
5854
0
6230
5861
6201
0
6182
6201
0
5854
6170
6182
6168
6280
6170
3384
6267
6162
6280
6267
0
6267
6201
3384
0
0
6230
0
0
6216
0
0
0
6260
0
0
0
0
0
0
0
0
0
0
0
6240
0
6122
6133
0
6147
0
0
0
6168
6211
0
0
0
0
0
5860
0
0
0
0
0
0
0
6170
6247
6186
6170
5853
6260
5835
6267
6162
5830
0
6186
6230
0
6168
6147
5830
0
6260
6147
3384
6267
6170
6267
6267
6182
5854
5854
5839
6205
0
6205
0
0
0
0
0
0
0
0
0
0
0
0
0
0
0
0
0
0
0
0
0
0
0
0
0
0
0
0
0
6378
0
0
0
6314
0
0
0
0
0
0
0
0
0
0
0
0
0
0
0
0
0
0
0
0
0
0
6343
6355
6355
6343
6355
0
0
0
0
6355
6415
6632
6494
6540
6362
6385
6355
0
6369
6632
6369
6540
6572
6070
0
6100
6369
6369
6570
6540
6362
0
6089
6540
6070
6369
6355
6586
6355
6378
0
6100
6378
6540
6566
6378
6586
0
5913
0
6378
0
0
6411
6415
6051
6404
0
0
0
0
6404
6516
0
0
0
0
6404
6411
0
6343
0
0
0
0
0
0
0
6404
6404
0
6404
0
6415
0
0
0
0
0
6434
6434
6434
6434
6440
0
6449
0
0
6415
6434
6534
6449
0
0
0
0
0
0
0
0
0
0
6494
0
0
0
0
0
0
0
0
6434
6434
0
0
0
0
6666
0
0
0
0
0
0
0
0
0
0
0
6572
0
6355
6491
6414
0
0
0
6491
0
6572
0
6414
6615
0
6494
0
0
6414
6415
6355
6572
6632
6504
6504
6516
6632
0
6491
6434
6494
6572
6516
6534
6632
6559
0
6658
6434
0
6615
6632
6595
6701
6615
6572
6535
6570
6701
6355
6570
6632
6570
6632
6549
6369
6572
0
0
6632
6570
6513
6549
0
6540
6566
6632
6540
6570
6595
6535
6549
0
6369
6572
6566
6549
6624
6535
6355
6504
6369
0
6572
6608
6570
6595
6566
6540
0
6608
6504
6572
0
6540
0
6566
6570
6566
6566
6378
6566
6570
5130
6535
6549
6378
6586
6586
0
6540
6586
6549
6615
6632
6595
6504
6535
0
6540
6378
6570
6615
6632
6595
6632
6586
6608
6586
6586
6624
0
6595
6369
6624
6586
6586
6586
0
6608
6624
6378
6608
6535
6570
6624
6624
0
5130
3896
6586
6586
6504
6624
6759
0
6624
6608
6586
3941
6759
6759
0
0
6534
0
0
6494
0
6654
0
0
0
3819
0
0
0
0
0
0
0
0
0
6449
0
0
0
0
0
0
0
0
0
0
0
0
0
0
0
0
0
0
6654
0
0
0
6654
0
0
6701
6632
0
6712
6728
0
6728
0
0
0
6658
0
6701
6747
6701
0
0
6713
6632
6701
0
0
0
6701
0
6747
0
0
6694
6747
6632
6747
6742
5130
6713
0
0
6738
0
6694
6710
6701
0
3941
0
0
0
0
0
0
0
6701
0
0
6742
0
0
6813
6735
0
0
0
6747
6624
6624
3918
6624
5130
6608
6747
6608
6624
6728
0
6759
6759
4216
6759
3941
0
0
0
0
0
0
0
0
0
0
0
0
0
0
0
0
0
0
0
6654
0
0
6882
0
0
0
0
0
6653
0
0
0
0
0
6803
6809
6742
6900
0
6949
6809
6745
6900
6876
0
0
6813
6900
0
6876
6865
6785
6735
6742
6742
6900
0
0
0
6810
0
0
0
0
6803
6785
6810
0
0
0
0
0
0
0
0
0
6882
0
0
0
0
0
0
0
0
0
0
0
0
0
0
0
0
0
0
0
0
0
0
4326
0
3926
0
6728
4197
6871
0
6834
0
6900
4326
0
4210
6834
0
6900
6876
0
6892
6813
6747
6876
4197
6954
6892
6954
4326
0
4326
6892
6892
6876
6803
4326
4326
0
6954
4834
6954
6954
6949
0
0
0
0
0
0
0
0
0
0
0
0
0
0
0
0
0
0
0
0
0
0
0
0
0
6918
6922
0
0
6975
0
0
0
6997
0
0
0
0
0
6980
0
6849
0
0
4326
7024
6971
6892
0
4837
6954
6954
6971
7024
7054
6971
4837
6954
7054
6949
7024
6954
4837
4837
0
0
4830
0
0
0
0
0
0
0
0
0
0
0
0
0
6929
0
0
0
0
0
0
0
0
0
0
0
0
0
6859
0
0
0
6948
0
7131
0
0
0
0
7265
0
7012
0
7012
7021
6949
6926
7021
0
0
6954
0
0
7078
7042
6954
7078
6971
0
0
6949
7038
6924
7038
7023
0
0
7052
0
0
0
6971
7063
7054
7080
7038
7054
7038
7054
5011
0
6970
0
7038
6954
5011
7073
7052
7054
7054
7078
0
7105
0
7054
7078
7078
7038
7172
7040
7073
0
6971
7078
7078
7078
0
7078
0
7054
7078
7054
7078
5039
7176
7112
7176
7042
7185
7105
0
7185
7239
7172
6954
7078
7203
7176
7105
5039
7092
7105
7172
0
7105
7078
5039
5039
5039
0
0
0
7237
7030
0
0
0
0
0
7030
0
0
0
0
0
0
0
0
0
0
0
0
7137
0
0
0
7140
7222
0
0
0
0
0
0
0
0
0
0
0
0
0
0
0
7182
0
0
0
0
7215
0
7179
7185
0
7144
7185
0
0
7185
7185
7215
0
7189
0
7105
0
7172
7185
0
7185
7185
0
7185
7073
0
7203
7176
7203
0
0
7203
7172
7172
0
7225
7225
7222
7203
5039
7222
7225
0
0
7226
7172
7185
7185
7179
7239
7105
7226
7226
7225
7203
0
7612
7384
7226
7612
7222
7222
0
7242
7237
0
0
7225
7239
7159
7242
7215
7185
7225
7237
7244
7222
0
7250
0
7369
7237
0
7613
0
7552
7250
7250
7172
7237
0
7256
7613
7244
7244
7373
0
7552
0
7258
7242
7256
0
0
0
0
0
0
0
7225
0
0
0
0
0
0
0
0
0
0
0
0
0
0
0
0
0
0
0
0
0
0
0
0
0
0
0
0
3317
0
0
0
0
0
0
0
0
0
0
0
0
0
0
0
0
0
0
0
0
0
0
0
0
0
0
0
0
0
0
7370
5487
0
7323
0
0
0
0
7344
0
0
0
0
0
0
0
0
0
0
0
0
0
0
0
0
7386
7369
0
0
7600
0
7359
7369
7512
0
7389
0
7369
0
7512
0
0
7600
7239
0
4929
7444
0
7600
7396
7384
7384
0
0
0
0
7384
0
7376
0
0
7396
7369
7517
0
0
7491
0
0
0
7613
7491
0
0
0
0
0
0
0
0
0
0
0
0
0
0
0
0
0
0
0
0
0
0
0
0
0
0
0
0
0
0
0
0
0
0
0
0
0
0
0
0
0
0
7373
0
0
0
0
0
0
0
0
0
0
0
0
0
0
7462
0
0
0
0
0
7462
0
0
7535
7537
7506
7599
7759
7535
7599
0
0
0
7539
7462
0
9842
7517
9846
7535
4912
7599
0
0
0
0
7517
0
0
0
0
4900
7567
7589
7613
0
7599
0
0
4924
4900
4929
0
9845
4900
8056
4900
0
0
7491
0
0
7404
0
0
4924
0
7537
4911
0
3995
0
0
3995
0
7359
0
7518
0
0
9842
0
0
0
7539
0
0
7532
0
0
0
0
0
4929
7401
0
7523
4929
0
0
0
0
0
4929
0
7491
7487
0
0
4911
0
7599
7532
0
7370
7442
7589
0
7589
7397
7512
7612
0
7370
0
7552
7369
7599
0
7613
7250
7491
0
4911
0
0
7367
4929
0
4929
7552
7552
7599
7613
0
0
0
0
7613
0
0
0
7369
7552
7367
0
7373
7384
0
0
7491
0
0
4911
0
0
0
7258
0
7367
7576
7370
0
7258
7517
7384
7339
7256
0
7291
0
0
7645
0
0
0
0
7639
0
0
0
0
0
0
0
0
0
0
0
0
0
0
0
0
0
0
0
0
0
0
0
0
0
0
0
0
0
0
0
0
0
0
0
0
0
0
0
0
0
0
0
0
0
0
0
0
0
0
0
0
0
0
0
0
0
0
0
0
0
0
0
0
0
0
0
0
0
0
0
0
0
0
0
0
0
0
0
0
0
0
0
0
0
0
0
0
0
0
0
0
0
0
0
0
0
0
0
0
0
0
0
7945
11537
0
0
0
0
7506
11529
0
0
9846
7523
10218
0
0
7920
7953
0
0
0
0
0
12086
7450
0
11537
0
8352
7845
3979
0
9847
0
0
0
0
8847
10085
10023
9171
0
0
9847
0
0
0
0
7800
0
0
0
0
0
0
0
0
0
0
0
0
0
0
0
0
0
0
0
7852
7945
0
0
0
7950
0
0
0
7852
0
0
0
0
0
0
0
0
0
0
0
0
8006
0
0
0
0
0
0
0
0
0
0
0
7950
10085
11537
10015
8268
7843
0
0
0
7920
0
0
10085
0
0
7836
0
0
0
0
0
0
0
8001
7539
0
7852
0
0
0
0
0
0
0
0
0
0
0
0
0
0
0
10023
0
7908
20709
8847
0
10083
7859
7907
7954
0
0
12086
0
7954
8335
0
0
0
0
0
0
10083
0
0
0
0
8268
0
7893
0
0
0
0
0
0
0
0
0
0
0
0
0
0
0
0
0
0
7960
0
11529
0
0
3995
0
0
9847
0
0
0
0
0
0
0
10100
0
0
7950
0
7859
8056
0
0
8323
0
7852
10100
0
9842
10100
9845
7920
7852
0
11537
10218
0
0
9845
0
0
11529
0
8340
0
0
0
0
0
0
0
8001
0
0
7852
10218
0
0
0
8006
9846
0
0
0
0
7859
0
8352
0
0
0
0
7859
7852
0
0
0
0
0
0
0
0
0
0
0
0
0
0
0
0
8036
0
0
0
0
0
0
0
0
0
0
0
0
0
0
0
0
0
0
0
0
0
0
0
0
0
0
0
0
0
0
0
0
0
0
0
0
0
0
0
0
0
8387
0
10085
0
0
0
0
0
0
0
0
0
0
0
0
0
0
0
0
0
0
0
0
0
0
0
0
0
0
0
0
0
0
0
9260
0
0
0
0
0
0
0
0
0
0
0
0
0
0
0
0
8062
0
0
0
0
0
0
0
0
11219
0
0
0
0
0
0
0
0
0
0
0
0
0
0
0
0
0
0
0
0
0
0
0
0
0
0
0
0
0
0
0
0
0
0
0
0
0
8171
0
0
0
0
0
0
0
0
0
0
0
0
0
0
0
0
0
0
0
0
0
0
0
0
0
0
0
0
0
0
0
8195
0
0
8195
0
0
0
0
0
0
0
0
0
0
0
0
0
0
0
0
0
0
0
0
0
0
0
0
0
0
0
0
0
0
0
0
0
0
0
0
0
0
0
0
0
0
0
0
0
0
0
0
0
0
0
0
7920
0
0
8289
8262
8262
0
8266
0
0
0
0
0
0
0
0
0
0
8265
0
0
0
0
0
0
8293
0
0
8468
8312
0
8291
8457
0
0
0
0
0
0
0
0
0
8289
0
0
0
8345
0
0
0
8291
0
0
0
0
8310
0
8289
8395
0
7978
8347
0
0
10085
0
8262
0
0
8312
8321
0
0
8262
0
0
7893
9419
0
0
0
0
0
8315
0
0
0
0
0
0
10000
0
8358
0
0
0
0
0
0
0
0
0
0
0
20178
8290
0
0
0
0
9229
0
9545
0
0
0
8869
0
0
11242
10000
0
0
0
0
0
0
0
0
10000
8847
0
0
0
8374
0
0
0
0
0
0
0
0
0
8312
0
0
0
0
0
8475
0
0
0
0
0
0
0
0
0
0
8407
0
0
0
8403
8312
0
0
0
0
0
0
8403
8457
0
8457
0
0
0
0
0
0
0
0
0
0
0
0
0
0
0
0
0
0
8266
0
8262
0
0
0
0
0
0
8458
0
8525
0
0
0
0
0
0
0
8458
8458
0
0
0
0
0
0
0
0
8496
0
0
0
0
0
0
8492
0
8496
0
0
0
0
0
8501
0
0
0
0
0
0
0
0
8530
0
0
0
8403
8955
0
8507
0
0
0
0
0
0
0
8459
0
0
0
8479
0
0
0
0
8459
0
0
0
0
0
0
0
0
0
0
0
0
0
0
0
0
8942
8249
0
0
0
0
0
0
0
9410
9260
0
0
9291
0
0
0
0
0
0
0
0
0
0
0
11235
0
0
8845
0
0
0
0
0
8516
9400
0
9296
0
9299
8942
0
0
9535
0
8574
0
0
0
0
0
0
0
0
0
0
0
0
0
0
0
0
0
0
0
0
9545
0
9298
9545
8516
0
9299
8574
0
0
0
0
0
0
0
0
0
0
0
0
0
0
0
0
0
0
0
0
0
0
0
0
0
0
0
0
0
0
0
0
0
0
0
0
0
0
0
0
0
0
0
0
0
0
0
0
8924
0
0
0
8924
0
0
0
0
0
0
0
0
0
0
0
0
0
0
0
8847
0
11242
11242
0
0
0
0
0
12086
0
0
0
0
0
0
0
0
0
0
0
0
0
0
0
0
0
0
0
0
0
0
0
0
0
0
0
0
0
0
0
0
0
0
0
0
0
0
0
0
0
0
0
0
0
0
0
0
0
0
0
0
0
0
0
0
0
0
0
0
0
0
0
0
0
0
0
0
0
0
0
0
0
0
0
0
0
0
0
0
0
0
0
0
0
0
0
0
0
0
0
0
0
0
0
0
0
0
0
0
0
0
0
8824
0
0
0
0
0
0
0
0
0
8496
0
0
0
8490
0
0
0
0
0
8891
8933
0
0
0
0
0
0
0
0
0
0
0
0
0
0
0
0
8887
0
0
0
8845
0
8927
0
0
0
8833
8891
0
8845
8887
11242
9080
0
0
0
0
9400
0
8492
8891
0
0
8835
0
8691
0
0
8847
0
8686
0
0
8587
0
0
8501
0
8891
0
8891
9218
9403
0
9218
0
8879
0
9062
0
8490
0
0
0
0
11242
0
0
0
9168
0
0
0
0
0
0
7877
0
8887
0
0
9070
0
9411
0
11217
0
9014
8933
0
0
0
0
0
0
0
0
8857
0
8948
8933
0
8926
0
0
9411
0
8847
0
0
0
0
0
0
9240
0
0
0
0
9240
0
8948
0
0
0
0
0
0
0
0
0
0
0
0
8948
0
0
9037
9092
0
0
0
0
0
0
0
0
0
0
0
0
0
0
0
0
0
0
0
0
0
0
0
0
0
0
0
0
0
0
0
0
0
0
0
0
7800
0
0
0
0
0
0
0
0
0
0
0
8996
0
0
7800
0
0
0
0
0
0
0
0
0
0
0
0
0
0
0
0
9024
0
0
0
0
0
0
0
0
0
8834
0
0
0
0
0
0
9064
0
8834
9064
9064
0
0
0
0
0
0
0
0
9583
0
8925
0
8834
0
9136
0
0
0
0
0
0
8900
0
9076
0
0
0
0
0
9046
9125
0
0
0
0
9136
0
0
9093
0
9052
0
0
0
0
0
0
0
9076
0
0
0
0
0
0
0
0
0
9113
0
0
0
0
9093
0
0
0
0
9144
0
0
0
0
0
0
0
9197
0
0
0
0
0
0
0
0
0
0
0
0
0
0
0
0
0
0
0
0
0
0
0
0
0
0
0
0
0
0
0
0
0
0
0
0
0
9164
0
0
0
0
0
0
0
0
0
0
0
0
0
0
0
0
0
0
0
0
9105
0
0
0
9565
9563
0
0
0
0
0
0
0
0
0
0
0
0
9180
0
0
8942
0
0
0
0
0
0
0
0
0
9548
9548
0
0
9105
0
0
0
8988
8942
0
0
0
0
0
9548
0
0
0
9218
0
0
0
0
0
0
0
0
0
0
0
0
0
0
0
0
0
0
0
9449
0
0
0
8574
8836
0
0
0
0
0
9448
9422
9296
9296
0
0
8586
8586
9419
9448
9296
9420
9422
10992
0
0
9298
10992
0
0
8217
0
0
0
0
0
0
9549
0
0
0
0
0
0
0
0
0
0
0
0
0
0
0
0
0
0
0
0
0
0
0
0
0
0
11598
0
0
9811
0
0
0
0
18285
18291
0
0
0
0
0
9338
0
0
0
0
0
0
0
0
0
0
0
0
0
0
0
0
0
0
0
0
0
0
0
0
0
0
0
0
0
9378
0
0
0
0
0
0
0
0
0
0
0
0
0
0
0
0
0
0
0
0
0
0
8569
0
0
8887
0
0
8891
0
9411
9411
0
0
0
9411
8891
11235
8891
11217
9403
0
0
0
0
0
0
0
0
0
0
0
0
0
0
0
0
0
0
0
0
0
0
0
0
0
0
0
0
0
0
0
0
0
8587
9455
8251
8587
0
9539
9455
0
0
0
0
0
0
0
0
0
0
0
0
0
0
0
0
9494
0
0
0
0
0
0
0
0
9494
0
0
0
0
0
0
0
0
0
0
0
0
0
10343
0
0
0
0
0
0
0
9663
10329
9663
0
0
0
0
0
0
9670
0
0
0
0
0
0
9687
0
0
0
8249
0
0
8249
9535
9455
8587
8581
9540
8516
0
9545
9550
9550
0
0
8574
0
0
0
0
9565
9570
0
0
0
0
9550
0
0
0
0
9225
9563
0
0
9140
0
0
9197
0
9570
0
9563
9093
0
0
9105
0
0
0
0
0
0
0
0
0
0
0
0
0
0
0
0
0
0
0
0
0
0
0
9669
0
0
0
0
0
0
0
0
0
0
0
0
0
0
0
0
0
0
0
9612
0
0
0
0
0
0
0
0
0
0
0
0
0
0
0
0
0
0
0
0
0
0
0
0
0
0
0
0
0
0
0
0
0
0
0
0
0
11745
9767
0
0
0
0
0
0
0
0
9663
9781
0
0
0
0
0
0
9670
0
9687
0
9716
0
9694
9515
0
0
9681
9686
9687
0
0
0
9695
9709
9681
9687
0
0
0
0
9718
0
9703
9716
9686
9724
9695
0
9687
9724
0
9720
9718
0
9720
9724
9718
9513
9720
9739
0
9695
0
9720
0
9739
9695
9686
0
0
0
9687
12448
0
0
0
9515
9695
9687
9739
0
0
9748
0
9716
0
9739
0
0
0
0
0
0
9739
0
0
9739
0
0
0
0
0
0
0
0
0
0
0
0
0
0
0
0
9765
0
0
0
0
0
0
0
0
0
0
0
0
9687
0
9659
0
0
0
0
9767
0
9593
0
0
9785
9785
9345
9802
9811
18292
0
18277
0
0
9809
0
0
9809
0
0
9811
0
9330
0
0
0
0
0
0
0
0
0
0
0
0
0
0
0
0
0
0
0
0
0
0
0
0
0
0
0
0
7523
0
9845
3995
0
0
0
7476
0
7492
7539
7476
0
0
4195
10104
4462
11580
11562
0
11556
0
0
4195
4461
11586
10182
0
0
0
0
0
0
0
0
0
0
0
0
0
9905
0
11725
10548
10548
11725
0
0
0
0
0
9895
0
0
0
0
0
0
10610
11309
0
0
0
9931
0
9888
10801
10801
0
9891
9905
0
0
0
0
0
0
9980
0
0
0
0
0
0
0
11717
0
0
9958
0
0
0
0
9905
0
0
0
10993
10993
9901
0
9902
9902
0
0
0
0
9924
0
0
9962
9912
0
9961
0
0
0
0
9888
0
0
0
9962
11108
0
9985
0
0
0
9902
0
0
0
0
0
9985
0
0
9993
0
10329
0
9993
9977
0
9996
9989
9989
0
9909
0
0
0
9995
0
0
9985
0
0
0
11908
11862
0
10015
0
10003
11823
11230
10083
11908
7766
11230
12086
12081
0
11299
10000
10003
8321
7978
10023
12081
0
10646
10023
8321
7908
8321
8321
7978
7978
0
7920
7978
0
8321
8321
8321
0
0
0
10150
10059
12078
0
10075
10054
0
12056
12034
12056
0
0
0
10063
10150
0
11945
0
0
10063
0
0
0
0
0
11997
11945
0
0
12056
0
10075
10121
0
7945
7852
7908
0
7920
0
10003
0
10088
0
12081
10088
0
10088
7852
0
10088
0
7852
7920
7920
7945
7920
7920
0
0
10109
10132
0
11586
10132
10115
0
0
4069
11562
11557
11557
12039
0
10115
10115
12002
10134
10121
0
12039
10132
10104
10115
11577
10132
12018
10144
10139
10139
0
10139
0
11589
10139
10132
10144
0
0
0
10063
10150
0
0
11580
10150
10182
0
0
10139
10182
0
10063
11586
10150
0
10150
10150
0
10139
10115
10150
10150
0
0
0
0
0
0
0
0
11562
0
12034
10075
11580
0
12034
10348
10150
0
11580
11562
10182
11562
0
11586
0
11586
0
0
0
0
10104
0
0
0
0
11586
0
0
0
10144
0
7852
7982
7852
0
10088
10003
9849
11597
11597
10085
10003
7920
0
0
10088
7920
0
0
0
7852
0
0
0
10348
11597
0
0
0
11597
0
0
0
0
0
0
0
0
0
0
0
0
0
0
0
0
10088
10218
0
0
0
0
0
0
7539
0
0
10297
0
0
0
0
0
0
0
0
0
11387
0
0
0
0
0
0
10289
0
0
0
0
10299
0
0
11360
0
0
0
0
11387
0
0
10319
0
0
0
0
0
0
0
0
0
0
0
0
0
0
0
0
11461
0
0
0
11356
0
10421
0
0
0
9989
11123
0
10329
0
10328
0
0
10328
11388
11200
0
10361
0
0
0
9923
0
0
0
10700
0
10328
0
0
9996
0
10398
11479
0
0
10348
10646
10348
0
0
0
10646
0
0
0
0
0
10760
10649
0
10398
10390
0
11374
0
0
10385
0
10421
0
11619
0
0
0
0
11464
10382
0
0
11623
0
0
0
0
11626
0
0
0
0
0
0
0
11509
11509
0
0
10294
11633
11626
10386
0
0
10375
10386
11619
0
0
10390
0
0
0
0
0
0
0
0
0
10426
0
0
10430
0
0
10463
0
0
0
0
0
0
0
0
0
0
0
0
10509
10509
0
0
0
0
0
0
10459
0
0
0
0
0
0
0
0
10536
0
0
10681
11002
11002
10443
0
0
10606
10348
0
11495
10828
0
10621
0
10624
0
0
10477
0
0
10534
0
10488
0
0
10515
0
0
0
0
0
0
0
10515
0
0
0
10536
10681
0
0
10997
12078
11717
0
0
10516
10509
10525
10689
11299
0
0
10840
10690
0
10463
0
0
0
10521
0
0
0
0
10453
0
10525
0
0
0
0
0
0
0
10610
10707
0
10488
10509
9877
10681
9877
10885
0
10848
9889
10848
0
9903
0
0
0
9903
11261
10610
10361
11717
11717
0
0
0
0
0
0
0
0
9888
0
0
10828
10847
10621
10601
10820
10621
10868
11717
10440
10606
10847
10829
0
10824
10348
0
10606
9895
0
0
0
0
0
10645
11261
10820
10589
0
10829
0
10903
10903
0
9903
10832
10903
0
0
0
11717
0
0
0
0
0
0
0
0
0
0
0
11480
0
0
0
10751
10632
10889
0
0
10657
0
11299
10548
0
9891
0
0
11261
10485
11261
0
0
10348
9891
0
0
10534
0
0
0
11255
0
0
0
10661
0
0
10686
0
10500
0
10689
10935
0
0
0
10935
10689
11480
10811
11768
10811
10954
10548
11773
0
0
11248
10661
10877
0
0
9894
0
0
0
0
10516
10954
0
0
0
0
0
10751
0
0
0
0
11299
0
11768
0
0
0
0
11479
11070
0
10795
11699
11699
0
0
0
10751
10740
0
10795
10740
11016
11312
0
11032
10935
0
0
0
10740
11081
10757
10702
0
11297
11297
0
0
10707
0
0
10751
0
0
11297
0
10751
0
10707
11297
10757
10702
0
0
10751
11297
0
10702
11299
0
0
11299
10757
0
10702
10707
0
0
0
0
10702
0
0
0
0
11034
11033
10396
0
10746
11299
10751
0
11082
0
0
0
11070
0
0
0
0
11081
10707
0
11082
10805
0
0
0
0
0
0
0
0
0
0
0
10954
10896
11773
0
10459
0
10586
10451
0
10824
10459
10632
0
10889
0
0
0
0
10889
10903
0
10937
10603
11480
10603
10829
0
11480
0
10911
0
10889
10829
10589
10889
0
0
10889
10811
0
10601
10903
10868
0
10589
10621
10870
10828
0
0
10871
0
0
10509
10871
11772
0
0
0
0
10870
0
0
10870
10936
0
0
10877
0
0
10954
0
0
0
0
0
10896
0
0
0
0
10954
11249
10889
0
10824
10911
11807
9895
10911
0
0
0
0
10824
10905
10944
11804
0
0
10920
10962
0
0
10515
0
10635
10889
0
0
10911
0
10962
11809
11809
11820
11820
10993
0
11820
0
0
0
0
0
0
10861
11811
10935
10911
0
10911
0
11854
0
0
10668
0
10871
0
10889
11811
0
10920
10870
11790
0
10920
10871
11809
0
11761
0
0
0
0
0
0
0
0
0
0
0
0
0
0
9544
0
9421
10563
9455
0
0
11210
0
0
0
0
0
10552
0
0
0
0
0
0
0
0
0
0
0
0
0
10881
0
0
0
10439
0
0
11016
11268
0
11032
0
0
11039
0
11070
0
11086
0
0
0
11032
11016
11081
0
11086
0
0
0
0
11039
11032
11081
11034
0
11086
11161
11081
11039
0
11081
11032
11081
0
11032
0
11069
0
11032
11323
11325
0
10719
11086
11034
0
0
0
0
11039
11039
0
0
0
0
0
11069
0
0
0
0
0
11025
0
0
0
0
0
11082
0
0
0
0
11033
0
0
11016
0
0
0
11135
0
0
11082
0
0
0
11168
0
11039
11033
11082
0
0
11086
11082
11016
11082
0
0
0
0
0
0
10328
0
9995
0
0
11192
0
11198
11190
10328
11190
10328
11190
0
0
0
0
0
0
0
0
0
0
0
0
0
0
0
0
0
11135
0
0
0
0
0
0
0
0
0
0
11340
0
0
0
11066
11325
11333
0
0
0
11032
11323
11323
0
0
0
11167
0
0
0
0
10397
0
10653
11200
11192
9945
11725
9660
11190
0
11202
0
11401
0
0
11401
0
0
0
0
0
0
0
0
0
0
0
0
0
0
0
0
0
0
0
0
0
10563
0
11219
0
11219
8918
9419
8918
0
0
9419
0
0
0
9419
0
9419
0
9410
9419
12081
8918
8845
8845
0
9410
10015
0
0
0
0
0
11256
10877
11836
0
10690
0
0
10447
10451
10993
0
0
0
0
10993
10883
0
10923
0
0
10993
0
0
0
0
0
0
10810
0
0
0
0
0
0
0
0
0
0
0
9961
0
11699
0
10700
10751
10757
11299
0
10396
0
10751
11299
0
10398
10348
10751
11297
10398
10548
0
0
0
0
0
11886
0
11765
11795
11762
0
0
0
11340
0
0
0
11373
0
11383
0
11086
0
0
0
0
0
0
11479
0
11349
0
11167
11332
11332
0
0
11340
11373
0
0
0
0
11340
11379
10300
0
0
11167
0
10299
0
0
0
0
11167
11323
11325
0
0
0
0
10300
0
0
0
0
0
0
0
0
0
0
0
0
0
0
0
0
0
0
0
11401
0
0
0
0
0
0
0
11404
0
0
11401
11194
0
11401
0
0
0
0
0
0
0
0
0
0
0
0
0
0
0
0
0
0
0
0
0
0
0
0
11422
0
11479
0
0
0
0
0
0
0
0
0
0
0
11451
11464
0
0
0
11699
0
0
0
0
0
0
0
0
0
0
0
0
0
0
0
10488
11480
0
0
0
11725
0
0
0
0
0
0
0
0
0
0
11480
10828
0
10430
10348
0
0
0
0
10601
0
10589
0
0
0
11479
10700
0
0
10348
0
0
10396
0
0
10361
0
0
0
0
7539
11597
11597
0
0
0
0
11597
7945
11514
0
0
0
7945
0
0
0
0
0
0
7945
9845
0
11577
0
0
0
0
0
0
4069
0
0
0
0
0
0
11557
0
0
0
0
11562
0
0
0
0
0
0
0
11557
0
0
4308
4462
0
10182
0
0
11577
0
0
0
10150
11586
11556
0
11586
0
0
4462
0
4069
11589
11586
0
10182
11580
0
10182
10150
0
0
0
0
7494
0
0
0
3995
0
0
0
0
0
0
0
0
0
0
0
0
0
0
0
0
0
0
0
0
0
0
0
0
0
0
0
0
11653
11653
0
0
0
0
0
0
0
11653
0
0
0
0
0
11640
0
16891
0
0
0
16680
0
0
0
0
16677
11632
11640
16696
0
0
0
0
0
0
0
0
0
0
0
0
0
0
0
0
0
0
0
0
0
0
0
0
0
17238
0
0
0
0
0
0
0
0
0
0
0
0
0
9882
0
10751
10757
0
0
11717
0
10885
0
9670
0
0
0
0
0
0
0
0
0
0
0
0
0
0
0
11730
0
0
0
0
0
0
0
0
0
0
0
0
0
0
0
0
0
0
11745
0
0
0
0
11715
0
0
0
11745
0
0
0
0
0
11768
11795
11780
0
0
11762
0
0
10877
11774
0
0
11774
11762
0
0
0
0
11768
10690
10690
11889
0
10870
11845
10896
11888
11795
11795
11941
0
0
0
11774
11828
10877
11886
0
10920
11807
11886
0
11788
11248
11795
0
0
0
11803
0
11845
0
0
0
11803
11845
11828
11828
0
0
0
0
0
11858
0
0
0
0
11795
11811
0
0
0
11795
11878
0
11888
11789
0
11803
11248
0
0
11809
11811
11809
0
0
0
0
0
0
0
0
11828
0
0
10000
0
10920
0
11823
11823
7978
0
11862
8845
0
10000
8845
8387
0
0
0
0
0
0
0
0
0
0
0
11930
0
0
0
12062
0
0
11803
0
0
11921
11795
0
0
11804
11804
0
0
0
12078
0
11885
0
0
0
12055
0
10000
0
10000
8387
0
0
11945
0
11930
0
11939
11975
0
0
0
0
0
0
0
12002
0
12018
0
0
11939
11804
11945
12056
0
11828
11828
12002
0
11945
0
0
0
12056
0
0
11885
11998
11945
0
11939
0
0
0
0
0
0
0
0
0
0
11878
0
0
0
0
0
0
0
12029
0
0
0
12034
0
0
0
12034
11883
0
12029
11995
0
0
11911
11886
11980
11939
11912
11939
11930
12029
11997
11914
0
12018
0
0
11945
11914
12028
0
12028
11967
12029
11914
12019
12029
12029
12028
10121
10144
12019
10115
11997
12041
11945
0
0
12029
12029
12019
12019
11969
10193
12029
12019
0
0
10121
10115
10139
12029
0
10115
10104
10104
12039
0
12039
0
12029
11589
10115
12039
12039
0
0
0
0
0
12078
11823
0
0
0
0
0
12079
12070
11823
0
0
0
0
0
0
0
11945
0
0
11945
12055
12050
0
12056
0
0
0
7978
0
10085
10000
8387
10000
0
8387
0
0
0
0
0
0
0
0
0
0
0
0
0
0
0
0
0
0
0
0
0
0
0
0
0
0
0
0
0
0
0
0
0
0
0
0
0
0
0
0
0
0
0
0
0
0
0
0
0
0
0
0
0
0
0
0
0
0
0
0
0
0
0
0
0
0
0
0
0
0
0
0
0
0
0
0
0
0
0
0
0
0
0
0
0
0
0
0
0
0
0
0
0
0
0
0
0
0
0
0
0
0
0
0
0
0
0
0
0
0
0
0
0
0
0
0
0
0
0
0
0
0
0
0
0
0
0
0
0
0
0
0
0
0
0
0
0
0
0
0
0
0
0
0
0
0
0
0
0
0
0
0
0
0
0
0
0
0
0
0
0
0
0
0
0
0
0
0
0
0
0
0
0
0
0
0
0
0
0
0
0
0
0
0
0
0
0
0
0
0
0
0
0
0
0
0
0
0
0
0
0
0
0
0
0
0
0
0
0
0
0
0
0
12358
0
0
0
0
0
0
0
0
0
0
0
0
0
0
0
0
0
0
0
0
0
0
0
0
0
0
0
0
0
0
0
0
0
0
0
0
0
0
0
0
0
0
0
0
0
0
0
0
0
0
0
0
0
0
0
0
0
0
0
0
12478
0
0
0
12473
0
0
12470
0
0
12470
0
12367
0
0
0
0
0
0
12470
0
0
0
0
0
0
0
0
0
0
0
0
0
0
0
0
0
0
0
0
0
0
0
0
0
0
0
0
0
0
0
0
0
0
0
0
0
0
0
0
0
0
0
0
0
9746
9739
0
0
0
0
9746
0
0
0
9746
0
9739
0
9746
0
0
0
0
0
0
0
0
0
0
0
0
0
0
0
0
0
0
9746
0
0
0
0
0
0
0
0
12491
0
0
0
0
12491
0
0
12464
0
12491
0
0
0
12448
12448
0
12448
12448
0
0
0
0
0
0
0
0
0
12491
0
0
0
0
12493
0
0
0
0
0
0
0
0
0
0
0
0
0
0
0
0
0
12519
12532
0
12555
12532
0
0
12555
12522
12542
0
0
0
0
0
12555
12561
0
0
12549
14682
12464
0
0
12558
12367
0
12555
12542
0
0
0
12549
12558
12525
0
12558
12561
0
0
12558
0
0
12525
0
0
12558
12558
15136
12558
12558
0
0
14681
12558
0
0
0
0
0
0
0
0
0
0
0
0
0
0
0
0
0
0
0
0
0
0
0
0
0
0
0
0
0
12561
0
0
0
0
0
0
0
0
0
0
0
0
0
0
0
0
0
0
0
0
0
0
0
0
0
0
0
0
0
0
0
0
0
0
0
0
0
0
0
0
0
0
0
0
0
0
0
0
0
0
0
0
0
0
0
0
0
0
0
0
0
0
0
0
0
0
0
0
0
0
0
0
0
0
0
0
0
0
0
0
0
0
0
0
0
0
0
0
0
0
0
0
0
0
0
0
0
0
0
0
0
0
0
0
0
0
0
0
0
0
0
0
0
0
0
0
0
0
0
0
0
0
0
0
0
0
0
0
0
0
0
0
0
0
0
0
0
0
0
12743
0
12751
0
0
0
0
0
0
0
0
0
0
12751
0
0
12786
0
0
0
0
0
12743
0
0
0
0
0
0
0
0
12771
0
0
0
0
0
0
0
0
0
0
0
0
0
12716
0
0
0
12797
0
0
0
0
0
0
0
0
0
0
0
0
0
0
0
0
0
0
0
0
0
0
0
0
0
0
0
0
0
0
0
0
0
0
0
0
0
0
0
0
0
0
0
0
0
0
0
0
0
0
0
0
0
0
0
0
0
0
0
0
0
0
0
0
0
0
0
0
0
0
0
0
0
0
0
0
0
0
0
0
0
0
0
0
0
16067
0
16067
0
0
12885
0
0
0
12885
0
12874
0
12904
12885
0
0
12908
0
0
12908
16063
0
0
0
0
0
0
0
0
0
0
0
0
0
0
0
0
0
0
0
0
0
0
0
0
0
0
0
0
0
0
0
0
0
0
0
0
0
0
0
0
0
0
0
0
0
0
0
0
0
0
0
0
0
0
0
0
0
0
0
0
0
0
0
0
0
0
0
0
0
0
0
0
0
0
0
0
0
0
0
0
0
0
0
0
0
0
0
0
0
0
0
0
0
0
0
0
0
0
0
0
0
0
0
0
0
0
0
0
0
0
0
0
0
0
0
0
0
13010
0
0
0
0
0
0
0
0
0
0
0
0
0
0
13032
0
0
0
0
0
0
13021
0
0
0
0
0
0
0
0
0
0
0
0
0
13010
0
0
0
0
13010
0
0
0
0
0
0
0
0
0
0
0
0
0
0
0
0
0
0
0
0
0
0
0
0
0
0
0
0
0
0
0
0
0
0
0
0
0
0
0
0
0
0
0
0
0
0
0
0
0
0
0
0
0
0
13135
0
0
13137
0
0
0
0
0
0
0
0
0
0
0
0
0
0
0
0
0
0
0
0
0
0
0
0
0
0
0
0
0
0
0
0
0
0
0
0
0
0
0
0
0
0
0
0
0
0
13300
0
13178
0
0
0
0
0
0
0
0
0
0
0
0
0
0
0
0
0
0
0
0
0
0
0
0
0
0
0
0
0
0
0
0
0
0
0
0
0
13541
0
0
0
0
0
0
0
0
0
0
13207
0
0
13212
13208
0
0
0
0
0
0
0
13236
0
0
0
0
13214
0
0
0
0
0
0
0
0
0
0
0
0
0
0
0
0
0
0
0
0
0
0
0
0
0
0
0
0
0
0
0
0
0
0
0
0
0
0
0
0
0
13632
0
0
0
13632
0
0
0
0
0
0
0
0
0
0
0
0
0
0
0
0
0
0
0
0
0
0
0
0
0
0
0
0
0
0
0
0
0
0
0
0
0
0
0
0
0
0
0
0
0
0
0
0
0
0
0
0
0
13525
0
0
0
0
0
0
0
0
0
0
0
0
0
0
0
0
0
0
0
0
0
0
0
0
0
0
0
0
0
0
0
0
13443
0
0
0
0
13354
0
0
0
0
0
0
0
0
0
0
0
0
0
0
0
0
0
0
0
0
0
0
0
0
0
0
0
0
0
0
0
0
0
0
0
0
0
0
0
0
0
0
0
0
0
0
0
0
0
0
0
0
0
0
0
0
0
0
0
0
0
0
0
0
0
13525
0
0
0
0
0
0
0
0
0
0
0
0
0
0
0
0
0
0
0
0
0
0
0
0
0
0
0
0
0
0
0
0
0
0
0
0
0
0
0
0
0
0
0
0
0
0
0
0
0
0
0
0
0
0
0
0
0
0
0
0
0
0
0
0
0
0
13112
0
0
0
0
0
0
0
0
0
0
0
0
0
0
13517
13517
0
13112
13590
0
0
0
0
0
0
0
0
0
0
0
0
0
0
0
13207
0
0
0
0
0
0
0
0
0
13552
0
0
0
0
0
0
0
0
13541
0
0
0
0
13563
0
0
13556
0
13556
0
0
13577
0
0
0
0
0
0
0
0
0
0
0
13556
0
0
0
0
0
0
13885
0
0
0
0
0
0
0
0
0
0
13010
13010
0
0
0
0
0
0
0
0
0
0
14479
0
0
0
0
0
0
0
0
0
0
0
0
0
0
13556
13566
0
0
0
0
0
0
0
0
0
0
0
0
0
14577
0
0
0
0
0
0
0
0
0
0
0
0
0
0
0
0
0
0
0
0
0
0
0
0
0
0
0
0
0
0
0
0
0
0
0
0
0
0
0
0
0
0
0
0
0
0
0
0
13930
0
0
0
0
13933
0
0
0
0
0
0
0
0
0
0
0
0
0
0
0
0
0
0
13720
0
0
0
13720
0
0
0
0
0
0
0
0
0
0
0
0
0
0
0
0
0
0
0
0
0
0
0
0
0
0
0
0
0
0
0
0
0
0
0
0
0
0
0
0
0
0
0
0
0
0
14798
13930
13772
0
14408
15465
0
13940
13772
15226
15472
13772
15465
15468
15465
0
15492
13930
0
13806
0
0
0
0
0
0
0
0
0
13793
13806
0
0
0
0
0
0
0
0
0
0
0
13793
0
0
0
0
0
0
0
0
0
0
0
0
13824
13824
0
0
13830
0
0
13857
0
0
0
0
0
0
0
0
13850
0
0
0
0
0
13857
14568
0
0
0
0
0
0
0
0
13850
0
0
0
0
14571
0
0
0
0
0
0
0
0
0
0
0
13888
0
0
0
0
0
0
0
0
0
0
0
0
0
13890
0
14493
0
0
0
0
0
0
0
0
0
0
0
0
0
0
0
0
0
0
0
0
0
0
0
0
0
0
0
0
0
0
0
0
0
13645
0
14418
14480
13933
0
14418
13921
13938
0
0
0
0
0
0
0
0
0
0
0
0
0
0
0
0
0
0
0
0
0
0
0
0
0
0
0
0
0
0
0
0
0
0
0
0
0
0
0
0
0
0
0
0
0
0
0
0
0
0
0
0
0
0
14277
0
0
0
0
0
0
0
0
0
0
0
0
0
0
0
0
0
0
0
0
0
0
0
0
0
0
0
0
0
0
0
0
0
0
0
0
0
0
0
0
0
0
0
0
14046
0
0
0
0
0
0
0
0
0
0
0
0
0
0
13896
0
0
0
0
0
0
0
0
0
0
0
0
0
0
0
0
0
0
0
0
0
0
0
0
0
0
0
0
0
0
0
0
0
0
14079
0
0
14090
0
14082
14085
0
0
14127
0
0
0
0
0
0
0
0
0
14079
0
14079
0
0
0
0
14107
14114
14114
0
14114
14230
0
14143
14114
0
0
14230
14141
0
0
14114
0
0
14159
14133
14090
14127
0
0
14139
14133
0
0
14143
0
14147
14237
0
14159
14159
0
0
0
14143
0
14159
0
14127
0
14170
0
14117
14143
14172
14133
0
0
0
0
14133
0
14230
0
0
14127
14224
14230
0
0
0
0
0
0
0
0
14157
0
0
0
0
0
0
0
0
0
0
0
0
0
0
0
0
0
0
0
0
0
0
0
0
0
0
0
0
0
0
0
0
0
0
0
0
0
0
0
0
0
0
14230
0
0
0
14255
0
0
0
0
0
14267
0
0
0
0
14245
14259
0
0
14230
0
14230
0
14255
0
0
14216
14241
0
0
0
14114
0
14245
14245
14259
0
0
0
0
0
14255
0
0
14271
14257
14334
14257
0
14245
0
14255
14260
14334
0
0
0
14255
14237
0
0
0
0
14257
0
0
0
0
0
0
0
14343
0
14305
0
0
0
14323
0
0
0
0
0
0
0
14323
0
0
0
0
0
0
0
0
0
0
0
0
0
0
0
0
0
0
0
0
0
0
0
0
0
0
0
0
0
0
0
0
0
0
0
0
0
0
0
0
0
0
0
0
14356
0
0
0
0
0
0
0
0
0
0
0
0
0
0
0
0
0
0
0
0
0
0
0
0
0
0
0
0
0
0
0
0
0
0
0
0
0
0
0
0
0
0
0
0
0
0
0
0
0
0
0
0
14398
0
0
13933
14419
0
0
0
0
0
0
13938
0
13921
14497
0
14510
0
0
0
0
14480
0
0
0
0
0
0
0
0
0
0
0
0
0
0
0
0
0
0
0
14079
0
0
0
0
0
0
0
0
0
0
0
0
0
0
0
0
0
0
0
0
0
0
0
0
0
0
0
0
0
0
0
0
14496
14479
14496
14485
14523
0
0
0
14484
0
0
0
0
14510
0
14408
14497
13112
14408
0
0
14499
0
0
0
0
14510
14499
14510
14480
14497
14523
14499
13645
14523
0
0
14510
14480
14497
14499
0
0
0
0
0
0
14523
0
0
0
14567
0
15492
0
0
0
0
0
15465
0
0
0
0
0
0
0
0
0
14510
13824
13930
0
15465
15492
14531
0
0
13824
15465
0
14567
0
15492
14568
0
14571
14567
0
13831
14559
13842
0
0
0
14568
14568
0
0
13407
0
0
0
0
13387
0
0
0
0
0
0
0
0
0
0
0
0
0
0
14588
0
0
14606
0
0
0
0
0
0
0
0
0
0
0
0
0
0
0
0
0
0
0
0
0
0
0
0
0
0
0
0
0
0
0
0
0
0
0
0
0
0
0
0
0
0
0
0
0
0
0
0
0
0
0
0
0
0
0
0
0
0
0
0
13641
0
0
0
0
0
0
0
0
0
0
0
0
0
0
0
0
0
14667
0
15136
15136
15136
15136
0
0
0
14681
0
14681
0
15105
0
0
14692
0
14702
14702
0
15105
0
0
0
0
14734
0
0
15105
0
0
14752
15062
0
0
0
14741
0
0
0
0
14748
0
14702
14698
14702
14716
0
0
0
0
0
0
14705
0
0
0
14779
0
14741
14811
0
14781
14810
0
0
0
0
14748
0
0
0
0
0
15105
15530
0
0
0
0
0
0
0
0
0
0
0
0
0
0
0
0
0
0
0
0
0
0
0
0
14865
0
0
0
14731
0
14752
14773
0
15663
14872
14731
0
0
0
0
14752
0
0
14955
0
0
0
15176
0
0
0
15187
0
0
0
0
0
14773
0
0
14773
0
0
0
0
14810
0
0
0
14908
14823
0
0
0
15176
0
0
0
0
0
0
0
0
0
0
0
14823
14823
0
15530
0
0
0
15530
0
14692
15530
0
0
14876
14894
0
0
15303
0
14753
15303
14868
0
14874
0
0
0
0
14784
14874
0
15303
0
15321
0
0
0
15286
0
0
0
0
0
0
0
14891
14891
0
0
14906
14891
14832
0
0
14906
14906
0
0
14890
0
0
16194
0
0
0
14906
14906
0
0
0
0
0
16194
0
0
0
0
0
0
14980
14978
15594
0
0
0
0
0
0
15057
0
0
0
0
15458
14938
17349
14938
0
0
14938
0
14990
0
14121
0
14935
0
14935
0
0
0
0
0
17368
0
15188
0
0
15028
0
0
0
0
14955
0
15662
17338
15188
0
17368
17333
0
14912
17331
17362
0
0
0
0
14989
0
0
0
0
14991
0
14938
0
14989
0
0
0
0
0
0
0
0
0
15191
0
0
0
0
15224
0
15188
0
0
0
0
0
0
0
15437
15654
0
0
0
0
0
0
0
0
0
0
0
0
0
14966
0
0
0
0
0
0
0
0
14958
0
15064
0
0
0
15151
0
0
0
0
0
0
0
0
0
0
0
0
0
0
0
0
15064
15057
0
0
0
0
0
0
0
0
0
14985
0
0
0
0
0
0
0
0
0
0
0
0
0
0
0
15040
0
0
0
15057
0
0
0
0
0
0
0
0
14702
0
0
0
0
0
14702
0
0
0
0
15122
15105
0
0
0
0
0
0
0
15062
0
0
14698
0
0
0
0
0
0
0
15136
14681
0
0
15170
0
0
0
15214
0
0
15171
14681
15170
0
15493
0
0
0
15156
0
14682
0
0
0
0
15415
0
0
15260
0
15493
15213
0
0
0
15163
15162
0
15010
0
0
0
0
0
0
0
0
0
0
0
0
15178
0
0
0
0
0
0
0
0
0
0
0
0
0
0
0
0
0
15491
0
0
0
0
0
0
0
0
0
0
0
15207
0
0
0
0
15162
15357
0
0
0
0
0
0
0
14666
0
0
0
0
15214
0
0
0
0
0
0
0
0
0
0
0
0
0
0
0
0
0
0
15178
0
0
15178
0
0
15178
0
0
0
0
0
0
15219
0
0
0
15062
0
0
0
0
0
0
14692
0
0
0
0
0
0
0
0
0
0
0
0
0
14692
15219
0
0
0
0
15105
0
0
14716
0
0
0
0
0
0
0
0
0
0
0
0
0
15380
0
0
15307
14879
15311
0
0
15311
0
0
0
0
0
0
0
0
15303
0
0
0
0
0
0
0
0
0
0
0
0
0
0
0
0
0
0
0
0
0
0
0
0
0
0
0
0
15317
0
0
0
0
0
0
0
0
0
0
0
0
0
0
0
0
0
0
0
0
0
0
0
0
0
0
0
0
0
0
0
0
0
0
0
0
0
0
0
0
0
0
0
0
0
0
0
0
0
0
0
0
15484
0
0
0
0
15105
0
0
0
0
0
0
0
0
0
0
0
0
0
0
0
0
0
13701
0
0
0
0
0
15471
0
0
0
0
0
15430
0
0
0
0
0
0
0
0
0
0
0
0
0
0
0
0
0
0
0
0
0
15472
0
0
0
0
0
0
0
15472
0
0
0
0
0
15191
0
0
15472
0
0
0
14559
0
15492
15492
0
0
0
0
0
0
0
0
0
0
0
0
0
0
0
0
0
0
0
0
0
0
0
0
0
0
0
0
0
0
0
0
0
0
0
15191
0
0
0
0
0
0
0
0
0
0
0
0
0
0
0
0
0
0
0
0
0
0
0
0
0
0
0
0
0
0
0
15577
0
0
0
0
0
0
0
0
0
0
0
0
0
0
0
0
0
0
0
0
0
0
0
0
0
0
0
0
0
0
0
0
0
0
0
0
0
0
0
0
0
0
0
0
0
0
0
0
0
0
0
0
0
0
0
0
0
0
0
0
0
0
0
0
0
0
0
0
0
0
0
0
0
0
0
0
0
0
0
0
0
0
0
0
0
0
0
0
0
0
0
0
0
15170
0
0
13698
0
15663
17368
15191
15594
15028
0
0
0
0
0
0
0
16164
0
0
0
0
0
0
0
0
0
0
0
0
0
0
0
0
0
0
0
0
15827
0
0
0
14891
0
0
16194
14890
16194
0
0
0
0
0
0
0
0
0
0
0
0
0
0
0
0
0
0
0
15831
0
0
0
15730
15730
0
0
0
0
0
0
0
15746
0
0
0
15746
0
0
15924
0
0
0
15746
0
0
0
0
0
0
0
0
0
0
0
0
0
0
0
0
0
0
0
0
0
0
0
0
0
0
0
0
0
0
0
0
0
0
0
0
0
16200
16194
0
16126
0
0
0
0
0
0
0
0
0
0
0
0
0
0
0
0
0
0
0
0
0
0
0
0
0
0
0
0
0
0
0
0
0
15706
0
0
0
0
0
0
0
0
0
0
0
15825
0
0
0
0
0
0
0
0
0
0
0
0
0
0
15700
0
0
0
0
0
0
0
0
0
0
0
15700
0
0
0
0
0
0
0
0
0
0
0
0
0
0
0
0
0
0
0
0
0
0
0
16545
0
0
0
0
0
16544
0
0
0
0
0
0
0
0
0
0
0
0
0
0
15416
0
15416
0
0
0
0
0
0
0
0
0
0
0
0
15929
0
0
0
0
0
0
0
0
0
0
0
0
0
0
15598
0
0
0
0
0
0
0
0
0
0
0
0
0
0
0
0
0
0
0
0
15948
16001
0
0
0
0
0
0
0
0
0
0
0
0
0
0
12872
0
0
0
0
0
0
0
0
0
0
0
0
0
0
0
0
0
15985
0
15996
0
0
0
0
0
0
0
0
16044
0
0
0
0
0
0
16004
15945
0
0
16011
0
0
0
0
0
0
0
0
0
0
0
0
0
16040
16040
0
0
0
16063
0
16040
16027
0
0
16067
0
0
16063
0
0
0
0
0
0
0
0
0
0
0
0
12891
0
0
0
0
0
0
0
16063
16067
12885
16063
16063
0
12891
0
0
0
12875
16063
0
0
0
0
0
12875
16063
0
0
0
12885
16063
0
16063
12874
16063
12885
0
0
16063
0
0
0
0
0
0
0
0
0
0
0
0
0
0
0
0
0
0
0
0
0
0
0
0
0
0
0
0
0
0
0
0
0
0
0
0
0
0
0
0
0
0
0
0
0
0
0
0
0
0
0
0
0
0
0
0
0
0
0
0
0
0
0
0
0
0
0
0
0
0
0
0
0
0
0
0
0
0
0
0
0
0
0
0
0
0
0
0
0
0
0
0
0
0
0
0
0
0
0
0
16126
16126
0
16126
0
14897
16200
0
16200
16200
0
16200
16200
16164
0
0
16200
16200
16200
0
0
0
0
0
0
0
0
0
0
0
0
0
0
0
0
0
0
0
0
0
0
0
0
0
0
0
0
0
0
0
0
0
0
0
0
0
0
0
0
0
0
0
0
0
0
0
0
0
0
0
0
0
0
0
0
0
0
0
0
0
0
0
0
0
0
0
0
0
0
0
0
0
0
0
0
0
0
0
0
0
0
16911
16911
0
0
0
0
0
16911
0
0
16312
16868
0
16308
0
0
0
0
0
0
0
0
0
16788
0
0
0
0
0
17196
0
0
0
0
0
0
0
0
0
0
0
0
0
0
0
16334
0
0
0
0
0
0
16344
0
0
0
0
0
0
0
0
0
0
0
0
0
0
16365
0
16871
17206
0
0
16363
0
0
0
16871
0
0
0
16313
0
16377
16359
16334
0
16306
0
0
0
0
0
0
0
0
0
0
0
0
0
0
0
0
0
0
0
0
0
0
0
0
0
0
0
0
0
0
0
0
0
0
0
16930
0
0
16487
0
0
0
0
0
0
0
0
0
0
0
0
0
16563
0
0
0
0
0
0
16436
17158
17151
16827
18248
16827
16827
0
17165
17158
17176
16734
17182
17211
0
16731
17211
16367
17211
0
0
16341
16458
0
0
0
0
0
0
0
16341
16827
0
16373
0
0
0
0
0
0
16595
0
0
0
0
0
0
0
0
0
0
0
0
0
0
0
0
0
16290
16513
0
0
0
16520
0
16523
0
16565
0
0
0
0
0
0
0
0
16520
0
0
0
0
0
0
0
0
0
0
0
0
0
0
0
0
0
0
0
0
0
0
0
0
0
0
0
0
0
0
0
0
0
0
0
16544
0
0
0
0
0
16580
0
16513
16513
0
0
0
0
16557
0
0
16563
0
17130
0
0
0
0
0
0
0
16557
0
0
0
0
0
0
0
0
0
0
0
0
0
0
16436
0
0
0
0
0
0
16606
0
0
0
0
0
0
0
0
0
16606
0
0
0
0
0
0
0
0
0
0
0
0
0
0
0
0
16622
16606
0
0
0
0
0
0
16580
17142
0
0
0
0
0
0
0
0
0
0
17230
0
0
0
0
0
0
0
0
0
0
0
0
0
0
0
0
0
0
0
0
0
0
0
0
0
0
0
0
0
11645
0
0
0
0
16891
0
0
0
0
0
0
0
0
0
16895
0
11648
0
0
0
0
0
0
0
0
0
0
0
0
0
0
0
0
0
0
0
0
0
0
0
0
0
0
0
0
0
0
0
0
0
0
0
0
0
0
0
0
0
0
0
0
0
16307
0
0
16755
0
16313
0
16313
16870
0
16313
16788
0
16313
0
16740
0
16755
0
16755
16755
0
0
0
0
0
16813
16781
0
0
0
0
0
0
0
0
16755
16813
0
0
0
16813
0
0
0
0
0
0
16768
0
0
0
0
16848
0
0
0
0
0
0
0
0
0
0
0
0
0
0
0
16814
0
0
0
16817
0
0
0
0
0
0
0
16768
0
16962
0
17165
16452
17165
0
18244
18244
0
17165
0
0
17165
16737
17676
16946
17211
0
0
17165
0
18244
0
0
0
16817
0
0
0
0
0
0
0
0
17000
17001
16804
17036
16833
16865
0
0
0
0
0
0
0
0
0
0
0
0
0
17090
0
11645
16928
16891
0
0
16895
0
0
16677
0
0
0
0
0
0
0
0
0
0
0
0
0
0
16932
0
0
0
16930
0
0
0
0
0
0
0
0
0
0
0
16910
0
0
0
0
0
0
0
0
0
0
0
0
0
0
0
0
0
16910
0
0
0
0
0
0
0
0
0
0
0
0
0
0
0
0
0
0
0
0
0
0
0
0
0
0
0
0
0
16814
0
0
0
17012
0
0
0
0
0
0
0
0
17012
16830
0
0
0
0
0
0
0
0
0
0
0
0
0
0
0
16814
16962
0
0
0
0
0
0
0
16814
0
0
0
16814
0
17038
0
0
0
0
0
17026
0
0
0
0
17019
16814
0
0
0
0
0
0
0
0
16821
17036
17000
0
17090
17069
0
0
0
0
0
0
17058
17001
17066
17060
0
0
0
0
17090
0
0
0
0
0
0
0
0
17090
0
0
0
17066
0
15706
0
17060
17087
0
17036
0
0
0
0
0
0
0
0
0
0
0
0
15815
17086
0
0
0
0
0
0
0
0
0
0
0
0
0
0
0
0
0
0
0
0
0
0
0
0
0
0
0
0
0
0
0
0
0
0
0
0
0
0
0
0
0
0
17182
17168
0
0
0
17157
0
0
16641
0
0
0
0
17157
0
0
0
17176
0
17123
17953
0
0
0
0
16640
0
0
0
0
0
0
0
0
0
0
0
0
0
0
0
0
0
0
17151
0
17182
17157
0
0
16827
0
0
0
0
0
17176
0
0
0
0
0
0
0
0
0
17151
0
0
0
17185
0
0
17206
0
0
0
0
17206
0
0
17213
0
0
0
0
0
0
0
0
0
0
0
0
0
0
0
0
0
0
0
0
0
0
0
0
0
0
0
0
0
0
0
0
0
0
0
0
17300
17302
18337
0
17876
0
17312
17260
0
17876
0
0
0
0
17766
0
17300
18337
17407
18337
0
17270
17265
17270
17265
0
17270
17270
0
17278
0
17270
0
0
17331
17270
0
17339
0
0
0
0
17339
0
17270
17273
17299
0
0
0
0
0
18337
0
0
0
0
0
0
0
0
0
0
0
0
0
17310
0
0
17318
0
0
0
0
0
0
0
0
0
0
0
0
0
0
0
0
0
17338
0
17339
0
17368
0
0
0
17335
17335
0
0
17294
0
0
0
0
0
0
17345
14935
17292
0
0
0
0
0
17362
0
17335
0
0
0
0
14958
0
0
14088
0
0
0
0
0
0
0
0
0
0
0
0
0
0
0
0
0
0
17535
0
0
0
0
0
0
0
0
0
0
0
0
0
0
0
17535
0
0
0
0
0
17424
0
0
17424
0
0
0
17445
0
17301
16948
0
0
0
0
0
0
0
0
0
0
0
0
0
0
0
0
0
0
0
0
0
0
0
0
0
0
16948
0
0
0
0
0
0
0
0
0
0
0
0
0
0
0
0
0
0
0
0
0
0
0
0
18310
0
0
0
0
0
0
0
0
0
0
0
0
0
0
0
0
0
0
0
0
0
0
0
0
0
0
0
0
0
0
0
0
0
0
0
0
0
17504
0
0
0
0
0
18143
0
0
0
0
0
17660
0
17582
0
17518
0
0
0
0
17508
0
0
0
0
0
18049
17582
0
0
0
0
0
0
0
0
0
0
17747
0
0
0
0
0
0
0
17422
0
0
0
17745
0
0
0
0
0
17745
0
0
0
0
0
0
0
0
0
0
17558
17535
0
0
0
18049
0
0
17584
0
0
0
0
0
0
0
0
0
0
17653
17796
0
0
0
17622
17969
17854
17612
17968
0
17635
17854
0
17845
0
17851
17854
17622
17640
17861
17635
17612
0
0
0
17622
0
0
0
0
17612
0
0
0
17622
0
0
0
0
18187
17622
17612
0
0
18187
17650
18192
0
17861
0
17612
0
0
0
0
0
0
0
0
0
0
17660
0
17663
0
0
0
17663
0
0
0
0
0
0
0
0
17676
16948
0
16943
0
0
0
0
0
0
0
0
0
18094
0
0
0
17657
0
17804
0
18447
0
0
17699
0
17923
17764
17705
17705
0
0
0
17723
17923
0
17699
0
17764
17717
0
17717
0
0
0
0
17727
17684
0
0
0
0
0
0
0
0
0
0
0
0
0
17764
0
17764
17764
0
0
0
17740
0
0
0
0
0
0
0
17574
0
0
0
0
0
0
0
0
0
17893
17743
0
0
0
17793
0
0
0
0
17270
0
0
0
0
0
17260
0
0
17993
17774
0
0
17787
0
0
0
0
0
0
18337
0
17787
0
0
0
0
0
0
0
0
0
0
0
0
0
17307
0
0
0
17804
0
0
0
0
0
0
0
0
0
0
0
0
0
0
0
0
0
0
0
0
0
0
18155
0
0
0
0
0
0
0
0
0
17968
0
0
0
17621
0
0
0
0
0
0
0
0
0
0
17861
0
0
0
0
0
0
0
17926
0
0
0
17298
0
17699
0
0
0
0
0
0
0
0
18184
18181
0
0
0
0
0
0
0
0
0
0
0
0
18164
0
0
0
0
0
0
0
0
0
0
0
0
0
0
0
0
0
0
17716
0
0
0
0
17804
0
0
0
0
0
0
0
0
0
0
0
0
0
0
17927
0
0
0
0
0
0
0
0
0
0
0
0
0
0
0
0
18013
0
0
0
17158
0
17859
0
0
0
0
0
17845
17176
0
0
0
0
0
0
17854
0
0
0
18164
0
0
0
0
17922
0
0
0
0
0
17525
0
0
0
0
0
0
0
0
0
0
0
0
0
0
0
0
0
0
0
0
0
0
0
0
0
0
0
0
0
0
0
0
0
0
0
0
0
0
0
0
0
0
0
17582
0
0
0
0
0
18054
0
18048
0
0
0
17258
0
0
0
0
0
0
0
0
0
0
0
0
0
0
0
0
0
0
0
0
0
0
0
0
0
0
0
0
0
0
0
0
0
0
0
0
0
0
0
0
0
0
0
0
0
0
0
0
0
0
0
0
0
0
0
0
0
0
0
0
0
0
0
0
0
0
0
0
0
0
0
0
0
0
0
0
0
0
0
0
0
17705
0
0
0
0
0
0
18090
0
0
0
0
0
18299
0
0
0
0
18203
0
0
18203
0
0
0
0
18149
17922
0
0
0
0
0
18203
18164
18203
0
0
18155
0
0
0
0
0
0
18063
0
0
0
0
0
0
0
18299
0
0
0
0
0
0
0
0
0
0
0
0
0
0
0
0
18149
18230
0
0
0
0
0
0
0
0
18239
18203
0
0
0
0
18164
0
0
0
0
0
0
0
0
0
18243
17649
18234
18234
0
0
0
0
0
18234
0
0
0
0
0
18175
0
0
18192
0
0
0
0
0
0
0
16948
0
0
16827
0
0
0
0
0
18315
0
9811
0
0
0
0
0
0
0
0
0
0
0
0
0
0
0
0
0
0
18272
0
0
0
0
0
18322
0
0
0
0
0
0
0
18292
0
0
0
0
0
0
0
18203
0
0
0
18192
0
18181
0
0
0
0
0
0
0
0
0
0
0
0
0
0
0
0
0
0
0
0
0
0
17791
18337
17300
0
17300
17307
17302
17775
18337
17300
0
0
0
0
0
0
0
0
0
0
0
0
0
0
0
0
0
0
0
0
0
0
0
0
0
0
0
0
0
0
0
0
0
0
0
0
0
0
0
0
0
0
0
0
0
0
0
0
0
0
0
0
0
0
0
0
0
0
0
0
0
0
0
0
0
0
0
0
0
0
0
0
0
0
0
0
0
0
0
0
0
0
0
0
0
0
0
0
0
0
0
0
17796
0
18448
0
0
0
0
0
18435
0
0
18454
18447
0
0
0
0
0
0
0
0
0
0
0
0
0
0
0
0
0
0
0
0
0
0
0
0
0
0
0
0
0
0
0
0
0
0
0
0
0
0
0
0
0
0
0
0
0
0
0
0
23134
23134
0
0
0
0
18498
0
0
0
0
0
0
0
0
0
0
0
0
0
0
0
0
0
0
0
0
0
0
0
0
0
0
0
0
0
0
0
0
19487
0
18995
0
0
0
0
0
0
0
0
0
0
0
18869
0
0
19058
0
19012
0
0
0
0
0
0
0
0
0
0
0
0
0
0
0
0
0
0
0
0
0
0
0
0
0
0
0
0
0
0
0
0
0
0
0
0
0
0
0
0
18579
0
0
0
0
0
0
0
0
18612
0
0
0
0
0
0
0
0
0
0
0
18638
0
0
0
0
0
0
0
0
0
0
0
0
0
0
0
0
0
0
0
0
0
0
0
0
0
0
0
0
18618
0
18683
0
0
19131
0
0
0
0
0
0
0
0
0
0
0
0
0
0
0
0
0
0
0
0
0
0
0
0
0
0
0
0
0
0
0
0
0
0
0
0
0
0
0
18528
18618
18683
18520
18638
0
0
0
0
18618
0
18552
0
0
0
18638
0
0
0
0
18638
0
0
0
0
0
0
0
0
0
0
0
0
0
0
0
0
0
0
0
0
0
0
0
0
0
0
0
0
0
0
0
0
0
0
0
0
0
0
0
0
0
0
0
0
0
0
0
0
0
0
0
0
0
0
0
0
0
0
0
0
0
0
0
0
0
18763
0
0
18530
0
0
0
0
0
0
0
0
0
0
0
0
0
0
0
0
0
0
0
0
0
18893
0
0
0
0
0
0
0
0
0
0
0
0
0
18813
0
0
18813
0
0
0
0
0
18817
0
0
0
18817
0
0
22608
0
18823
0
0
0
0
0
0
0
18823
0
0
18813
0
0
18823
18823
0
0
0
0
0
0
0
0
0
0
0
0
18877
18869
0
0
0
18864
0
18873
18864
0
18864
0
19038
0
0
0
0
0
0
0
18999
0
0
0
0
0
18873
18763
0
0
0
0
0
0
0
0
19128
0
0
0
0
0
18861
0
19018
19018
0
0
18920
18898
19128
0
18974
0
0
0
19117
18926
18876
18790
0
0
0
18983
18926
0
19110
0
0
0
18926
0
0
0
0
0
0
0
0
0
0
0
0
0
18530
0
0
0
0
0
18789
0
0
0
0
0
0
0
0
0
0
0
0
0
0
0
0
0
0
0
0
0
0
0
0
0
0
0
0
0
0
0
0
0
18877
0
0
18957
0
0
0
0
18869
18877
0
0
0
18959
0
0
0
0
0
0
0
0
0
0
0
19148
18530
0
0
0
0
0
0
0
0
0
0
0
18859
0
0
0
0
0
0
18595
18772
0
0
0
0
0
0
0
18871
0
0
19084
0
0
18544
0
0
0
0
0
0
0
0
0
0
0
0
0
18515
0
0
0
0
0
0
0
0
0
0
0
0
0
0
0
0
0
0
0
0
0
0
0
0
0
0
0
0
0
0
0
0
0
19079
0
0
0
0
0
0
0
0
0
0
0
0
0
0
0
0
0
19018
0
0
0
0
0
0
0
0
0
0
0
0
0
0
0
0
0
0
0
0
0
0
0
0
0
0
0
0
0
0
0
0
0
0
18954
0
19062
0
0
0
0
0
0
0
0
0
0
0
0
0
0
8351
0
0
8300
19203
8273
0
0
19779
8289
0
0
0
0
0
0
0
19778
0
0
0
0
0
0
0
0
0
19202
0
0
0
0
0
0
0
0
0
0
0
0
0
0
0
0
0
0
0
0
0
0
0
0
0
0
0
0
0
0
0
0
0
0
0
0
0
0
0
0
0
0
0
0
0
19778
0
0
0
0
0
0
0
0
0
0
0
0
0
0
20640
0
20603
0
0
20771
0
0
0
0
0
0
0
0
0
0
0
0
0
0
0
0
0
0
0
0
0
0
0
0
0
0
0
0
0
19258
0
0
0
0
20202
0
0
0
0
0
0
0
0
0
0
0
0
0
0
0
0
0
0
0
0
19288
19302
0
0
0
0
0
0
0
0
0
0
0
0
0
0
0
0
0
0
0
0
0
0
0
0
0
0
0
0
0
0
0
0
0
0
0
0
0
0
0
0
0
0
0
0
0
0
0
0
0
0
0
0
0
0
0
0
0
0
19362
0
0
19353
0
19412
0
0
18585
0
0
0
19908
0
0
0
0
0
0
0
0
0
18669
19392
0
0
0
0
19908
0
19484
0
0
0
0
0
0
19387
0
0
0
0
0
0
0
0
0
0
0
0
0
0
0
0
0
0
0
0
0
0
0
0
0
19428
0
0
0
0
0
0
0
0
0
0
0
0
0
0
0
0
0
0
0
0
0
0
0
0
0
0
0
0
0
0
0
0
0
0
0
0
0
0
0
0
0
0
0
0
0
0
0
0
0
0
0
19516
0
0
0
0
0
0
0
0
0
0
0
0
0
0
0
0
0
0
0
0
0
0
0
0
0
0
0
0
0
0
0
0
0
0
0
0
0
0
0
0
0
19376
0
0
0
0
0
0
0
0
0
0
0
0
0
0
0
0
0
0
0
0
0
0
0
19234
0
0
0
0
0
0
0
0
0
0
0
0
0
0
0
0
0
0
0
0
0
0
0
0
0
0
0
0
0
0
0
0
0
0
0
0
0
0
0
0
0
0
0
0
0
0
0
0
0
0
0
0
0
0
0
0
0
0
0
0
0
0
0
0
0
0
0
0
0
0
0
0
0
0
0
0
0
0
0
0
0
0
0
0
0
0
0
0
0
0
19647
0
0
0
0
0
0
0
0
0
0
0
0
0
0
0
19655
0
0
0
0
0
0
0
0
0
0
0
0
0
0
0
0
0
0
0
0
0
0
0
0
0
19655
0
0
0
0
0
0
0
0
19583
0
19583
0
0
0
0
0
0
0
0
0
0
0
0
0
0
0
0
0
0
0
0
0
0
0
0
0
0
0
0
0
0
19719
0
0
0
0
0
0
0
0
0
0
0
0
0
0
0
0
0
0
0
0
0
0
19772
0
0
0
0
0
0
0
0
0
0
0
0
0
0
0
0
0
0
0
0
0
0
0
0
0
0
0
0
0
0
19203
0
0
0
0
19203
0
19309
0
19313
0
0
0
0
0
0
0
0
0
0
0
0
0
0
0
0
0
0
0
0
0
0
0
0
0
0
0
0
0
0
0
0
0
0
0
0
0
0
0
0
0
0
0
0
0
0
0
0
19928
0
0
0
0
0
0
0
20026
0
0
0
19839
0
0
0
0
0
0
0
0
19914
0
0
0
0
0
0
0
0
0
0
19742
0
0
0
0
0
0
0
0
0
18585
0
0
0
19914
0
0
19874
0
19908
0
0
0
0
0
19910
0
19920
0
0
18583
0
0
19910
0
19908
0
19975
0
0
0
0
0
19944
0
0
0
0
0
0
0
19916
0
0
0
0
0
0
0
0
0
0
0
0
0
0
0
0
0
0
0
0
0
0
0
0
0
0
0
0
0
0
0
0
0
0
0
0
0
0
0
19914
0
0
0
0
0
0
19951
0
0
0
0
0
0
0
0
0
0
0
0
0
0
0
0
0
0
0
0
0
0
0
0
0
0
0
0
0
0
0
0
0
0
0
0
0
0
0
0
0
0
0
0
0
0
0
0
0
0
0
0
0
0
0
0
0
0
0
0
19843
0
0
0
0
0
20022
0
0
0
0
0
0
0
0
0
0
0
0
0
0
0
0
0
0
0
0
0
0
0
0
0
0
0
0
0
0
0
0
0
0
0
0
0
0
0
0
0
0
20032
0
0
20124
0
0
0
0
0
0
19304
20124
20117
0
0
0
0
0
0
0
20103
0
0
0
0
0
0
0
0
0
0
19304
0
19301
0
0
0
0
0
0
0
0
0
0
0
0
0
0
0
0
0
0
0
0
0
0
0
0
19301
0
0
0
0
0
0
0
0
20691
0
0
0
0
0
0
0
0
0
0
19512
0
0
0
0
0
0
0
0
19508
0
0
19508
0
0
0
0
20693
19549
20691
0
0
0
0
0
0
0
0
0
0
20691
0
0
0
0
19277
0
0
0
19309
0
19304
0
20202
0
0
0
20190
0
0
0
19313
19270
0
0
0
0
0
0
0
0
0
0
0
0
0
0
0
0
0
0
0
0
0
0
20304
0
0
0
0
0
0
0
0
0
0
0
0
0
0
0
0
20304
0
0
0
0
0
0
0
0
0
0
0
0
0
0
0
0
0
0
0
0
0
0
0
0
0
0
0
0
0
0
0
0
0
0
0
0
0
0
0
0
0
0
0
20265
0
20278
0
0
0
0
0
0
0
0
0
0
0
0
0
0
0
0
0
0
0
0
0
0
0
0
0
0
0
0
0
0
0
0
0
0
0
0
0
0
0
0
0
0
0
0
0
0
0
0
0
0
0
0
0
0
0
0
0
0
0
0
0
0
0
0
0
0
0
0
0
0
0
0
0
0
0
0
0
0
0
0
0
0
0
0
0
0
0
0
0
0
0
0
0
0
0
0
0
0
0
0
0
0
0
0
0
0
0
0
0
0
0
0
0
0
0
0
0
0
0
0
0
0
0
0
0
0
0
0
0
0
0
0
0
0
0
0
0
0
0
0
0
0
0
0
0
0
0
0
0
0
0
0
0
0
0
0
0
0
0
0
0
0
0
0
0
0
0
0
0
0
0
0
0
0
0
0
0
0
0
0
0
0
0
0
0
0
0
0
0
0
0
0
0
0
0
0
0
0
0
0
0
0
0
0
0
0
0
0
0
0
0
0
0
0
0
0
0
0
0
0
0
0
0
0
0
0
0
0
0
0
0
0
0
0
0
0
0
0
0
0
0
0
0
0
0
0
0
0
0
0
0
0
0
0
0
0
0
0
0
0
0
0
0
0
0
0
0
0
0
0
0
0
0
0
0
0
0
0
0
0
0
0
0
0
0
0
0
0
19455
0
0
0
0
0
0
0
0
0
0
0
0
0
0
0
0
0
0
0
0
0
0
0
0
0
0
19508
0
0
0
0
0
0
0
20611
0
0
0
20454
0
0
0
0
20423
0
0
0
0
0
0
0
0
0
0
0
0
0
0
20643
0
0
0
0
0
0
0
0
0
0
0
0
0
0
0
0
0
0
19346
0
0
0
0
0
0
0
0
0
0
0
0
0
0
0
0
0
0
0
0
0
0
0
0
0
0
0
0
0
0
0
0
0
0
0
0
0
0
0
0
0
0
0
0
0
0
0
0
0
0
0
0
20712
0
0
0
0
0
0
0
0
0
0
0
20419
0
0
0
0
0
0
0
0
0
0
0
0
0
0
20740
0
0
0
0
0
0
0
0
0
0
0
0
0
0
0
0
0
0
0
0
0
0
0
0
0
0
0
0
20333
0
0
0
0
0
0
0
0
0
0
0
0
0
0
0
0
0
0
0
20732
0
0
0
0
0
0
0
0
0
0
20829
0
20862
0
0
0
0
0
0
0
0
0
0
0
0
0
0
0
0
0
0
0
0
0
0
0
0
0
0
0
0
20830
0
0
0
0
0
0
0
0
0
0
0
0
0
0
0
0
0
0
0
0
0
0
0
0
0
0
0
0
0
0
0
0
0
0
0
0
0
0
0
0
0
0
0
0
0
0
0
0
0
0
0
0
0
0
0
0
0
0
0
0
0
0
0
0
0
0
0
0
0
0
0
0
0
0
0
0
0
0
0
0
0
0
0
0
0
0
0
0
0
0
0
0
0
0
0
0
0
0
0
0
0
0
0
0
0
0
0
0
0
0
0
0
0
0
0
0
0
0
0
0
0
0
0
0
0
0
0
0
0
0
0
0
0
0
0
0
0
0
0
0
0
0
0
0
0
0
0
0
0
0
0
0
0
0
0
0
0
0
0
0
0
0
0
0
0
0
0
0
0
0
0
0
0
0
0
0
0
0
0
0
0
0
0
0
0
0
0
0
0
0
0
0
0
0
0
0
0
0
0
0
0
0
0
0
0
0
0
0
0
0
0
0
0
0
0
0
0
0
0
0
0
0
0
0
0
0
0
0
0
0
0
0
0
0
0
0
0
0
0
0
0
0
0
0
0
0
0
0
0
0
0
0
0
0
0
0
0
0
0
0
0
0
0
0
0
0
0
0
0
0
0
0
0
0
0
0
0
0
0
0
0
0
0
0
0
0
0
0
0
0
0
0
0
0
0
0
0
0
0
0
0
0
0
0
0
0
0
0
0
0
0
0
0
0
0
0
0
0
0
0
0
0
0
0
0
0
0
0
0
0
0
0
0
0
0
0
0
0
0
0
0
0
0
0
0
0
0
0
0
0
0
0
0
0
0
0
0
0
0
0
0
0
0
0
0
0
0
0
0
0
0
0
0
0
0
0
0
0
0
0
0
0
0
0
0
0
0
0
0
0
0
0
0
0
0
0
0
0
0
0
0
0
0
0
0
0
0
0
0
0
0
0
0
0
0
0
0
0
0
0
0
0
0
0
0
0
0
0
0
0
0
0
0
0
0
0
0
0
0
0
0
0
0
0
0
0
0
0
0
0
0
0
0
0
0
0
0
0
0
0
0
0
0
0
0
0
0
0
0
0
0
0
0
0
0
0
0
0
0
0
0
0
0
0
0
0
0
0
0
0
0
0
0
0
0
0
0
0
0
0
0
0
0
0
0
0
0
0
0
0
0
0
0
0
0
0
0
0
0
0
0
0
0
0
0
0
0
0
0
0
0
0
0
0
0
0
0
0
0
0
0
0
0
0
0
0
0
0
0
0
0
0
0
0
0
0
0
0
0
0
0
0
0
0
0
0
0
0
0
0
0
0
0
0
0
0
0
0
0
0
0
0
0
0
0
0
0
0
0
0
0
0
0
0
0
0
0
0
0
0
0
0
0
0
0
0
0
0
0
0
0
0
0
0
0
0
0
0
0
0
0
0
0
0
0
0
0
0
0
0
0
0
0
0
0
0
0
0
0
0
0
0
0
0
0
0
0
0
0
0
0
0
0
0
0
0
0
0
0
0
0
0
0
0
0
0
0
0
0
0
0
0
0
0
0
0
0
0
0
0
0
0
0
0
0
0
0
0
0
0
0
0
0
0
0
0
0
0
0
0
0
0
0
0
0
0
0
0
0
0
0
0
0
0
0
0
0
0
0
0
0
0
0
0
0
0
0
0
0
0
0
0
0
0
0
0
0
0
0
0
0
0
0
0
0
0
0
0
0
0
0
0
0
0
0
0
0
0
0
0
0
0
0
0
0
0
0
0
0
0
0
0
0
0
0
0
0
0
0
0
0
0
0
0
0
0
0
0
0
0
0
0
0
0
0
0
0
0
0
0
0
0
0
0
0
0
0
0
0
0
21957
0
0
0
0
0
0
0
0
0
0
0
0
0
0
0
21659
0
0
0
0
0
0
0
0
0
0
0
0
0
0
0
0
0
0
0
0
0
0
0
0
0
0
0
0
0
0
0
0
0
0
0
0
0
0
0
0
0
0
0
0
0
0
0
0
0
0
0
0
0
0
0
0
0
0
0
0
0
0
0
0
0
0
0
0
0
0
0
0
0
0
0
0
0
0
0
0
0
0
0
0
0
0
0
0
0
0
0
0
0
0
0
0
0
0
0
0
0
0
0
0
0
0
0
0
0
0
0
0
0
0
0
0
0
0
0
0
0
0
0
0
0
0
0
0
0
0
0
0
0
0
0
0
0
0
0
0
0
0
0
0
0
0
0
0
0
0
0
0
0
0
0
0
0
0
0
0
0
0
0
0
0
0
0
0
0
0
0
0
0
0
0
0
0
0
0
0
0
0
0
0
0
0
0
0
0
0
0
0
0
0
0
0
0
0
0
0
0
0
0
0
0
0
0
0
0
0
0
0
0
0
0
0
0
0
0
0
0
0
0
0
0
0
0
0
0
0
0
0
0
0
0
0
0
0
0
0
0
0
0
0
0
0
0
0
0
0
0
0
0
0
0
0
0
0
0
0
0
0
0
0
0
0
0
0
0
0
0
0
0
0
0
0
0
0
0
0
0
0
0
22024
0
0
0
0
0
0
0
0
0
0
0
0
0
0
0
0
0
0
0
0
0
0
0
0
0
0
0
0
0
0
0
0
0
0
0
0
0
0
0
0
0
0
0
0
0
0
0
0
0
0
0
0
0
0
0
0
0
0
0
0
0
0
0
0
0
0
0
0
0
0
0
0
0
0
0
0
0
0
0
0
0
0
0
0
0
0
0
0
0
0
0
0
0
0
0
0
0
0
0
0
0
0
0
0
0
0
0
0
0
0
0
0
0
0
0
0
0
0
0
0
0
0
0
0
0
0
0
0
0
0
0
0
0
0
0
0
0
0
0
0
0
0
0
0
0
0
0
0
0
0
0
0
0
0
0
0
0
0
0
0
0
0
0
0
0
0
0
0
0
0
0
0
0
0
0
0
0
0
0
0
0
0
0
0
0
0
0
0
0
0
0
0
0
0
0
0
0
0
0
0
0
0
0
0
0
0
0
0
0
0
0
0
0
0
0
0
0
0
0
0
0
0
0
0
0
0
0
0
0
0
0
0
0
0
0
0
0
0
0
0
0
0
0
0
0
0
0
0
0
0
0
0
0
0
0
0
0
0
0
0
0
0
0
0
0
0
0
0
0
0
0
0
0
0
0
0
0
0
0
0
0
0
0
0
0
0
0
0
0
0
0
0
0
0
22236
0
0
0
0
0
0
0
0
0
0
0
0
0
0
0
0
0
0
0
0
0
0
0
0
0
0
0
0
0
0
0
0
0
0
0
0
0
0
0
0
0
0
0
0
0
0
0
0
0
0
0
0
0
0
0
0
0
0
0
0
0
0
0
0
0
0
0
0
0
19861
0
0
0
0
0
0
0
0
0
0
0
0
0
0
22320
0
0
0
0
0
0
0
0
0
0
0
0
0
0
0
0
0
0
0
0
0
0
0
0
0
0
0
0
0
0
0
0
0
0
0
0
0
0
0
0
0
0
0
0
0
0
0
0
0
0
0
0
0
0
0
0
0
0
0
0
0
0
0
0
0
0
0
0
0
0
0
0
0
0
0
0
0
0
0
0
0
0
0
0
0
0
0
0
0
0
0
0
0
0
0
0
0
0
0
0
0
0
0
0
0
0
0
0
0
0
0
0
0
0
0
0
0
0
0
0
0
0
0
0
0
0
0
0
0
0
0
0
0
0
0
0
0
0
0
0
0
0
0
0
0
0
0
0
0
0
0
0
0
0
0
0
0
0
0
0
0
0
0
0
0
0
0
0
0
0
0
0
0
0
0
0
0
0
0
0
0
0
0
0
0
0
0
0
0
0
0
0
0
0
0
0
0
0
0
0
0
0
0
0
0
0
0
0
0
0
0
0
0
0
0
0
0
0
0
0
0
0
0
0
0
0
0
0
0
0
0
0
0
0
0
0
0
0
0
0
0
0
0
0
0
0
0
0
0
0
0
0
0
0
0
0
0
0
0
0
0
0
0
0
0
0
0
0
0
0
0
0
0
22594
0
0
0
0
0
0
0
22597
0
0
0
0
22705
0
0
22616
0
0
0
0
0
0
0
0
0
0
0
0
0
0
0
0
0
0
0
0
0
0
0
0
0
0
0
0
0
0
0
0
0
0
0
0
0
0
0
0
0
0
0
0
0
0
0
0
0
0
0
0
0
0
0
0
0
0
0
0
0
0
0
0
0
0
0
0
0
0
0
0
0
0
0
0
0
0
0
0
0
0
0
0
0
0
0
0
0
0
0
0
0
0
0
0
0
0
0
0
0
0
0
0
0
0
0
0
0
0
0
0
0
0
0
0
0
0
0
0
0
0
0
0
0
0
0
0
0
0
0
0
0
0
0
0
0
0
0
0
0
0
0
0
0
0
0
0
0
0
0
0
0
0
0
0
0
0
0
0
0
0
0
0
0
0
0
0
0
0
0
0
0
0
0
0
0
0
0
0
0
0
0
0
0
0
0
0
0
0
0
0
0
0
0
0
0
0
0
0
22811
0
0
0
0
0
0
0
0
0
0
0
0
0
0
0
0
0
0
0
0
0
0
0
0
0
0
0
0
0
0
0
0
0
0
0
0
0
0
0
0
0
0
0
0
21308
0
0
0
0
0
0
0
0
0
0
0
0
0
0
0
0
0
0
0
0
0
0
0
0
0
0
0
0
0
22897
0
0
0
0
0
0
0
0
0
0
0
0
0
0
0
0
0
0
0
0
0
0
0
0
0
0
0
0
0
0
0
0
0
0
0
0
0
0
0
0
0
0
0
0
0
0
0
0
0
0
0
0
0
0
0
0
0
0
0
0
0
0
0
0
0
0
0
0
0
0
0
0
0
0
0
0
0
0
0
0
0
0
0
0
0
0
0
0
0
0
0
0
0
0
0
0
0
0
0
0
0
0
0
0
0
0
0
0
0
0
0
0
0
0
0
0
0
0
0
0
0
0
0
0
0
0
0
0
0
0
0
0
0
0
0
0
0
0
0
0
0
0
0
0
0
0
0
0
0
0
0
0
0
0
0
0
0
0
0
0
0
0
0
0
0
0
0
0
0
0
0
0
0
0
0
0
0
0
0
0
0
0
0
0
0
0
0
0
0
0
0
0
0
0
0
0
0
0
0
0
0
0
0
0
0
0
0
0
0
0
0
0
0
0
0
0
0
0
0
0
0
0
0
0
0
0
0
0
0
0
23131
0
0
0
0
0
0
0
0
0
0
0
23131
0
23131
0
23137
0
0
0
23177
0
0
0
0
0
0
23177
23137
23623
23190
0
0
0
0
0
0
0
0
0
0
0
18492
0
0
0
0
23177
0
0
23170
23203
0
0
0
0
0
0
0
0
0
0
0
0
23177
0
0
0
0
0
0
23177
0
0
0
23177
23177
23210
0
0
0
0
23210
0
0
23177
0
0
0
0
0
0
0
23210
0
0
0
0
0
0
0
0
23289
23194
0
0
0
0
0
0
0
0
0
0
0
0
0
0
0
0
0
0
0
0
0
0
0
0
0
0
0
0
0
0
0
0
23254
0
0
0
0
0
0
0
0
0
0
0
0
0
0
23287
0
0
0
0
0
23202
23275
0
0
0
0
0
0
0
23287
0
0
0
0
0
0
0
0
23202
23308
0
0
0
0
0
23313
0
0
0
0
23314
0
0
23333
0
0
0
0
0
0
0
0
0
23305
0
0
0
0
0
0
0
0
23107
0
0
0
0
0
0
0
0
0
23287
0
23107
0
23086
0
0
23333
23355
0
0
0
0
0
0
0
0
0
0
0
0
0
0
23356
0
23333
0
0
0
0
0
0
0
0
0
0
0
0
0
0
0
0
0
0
0
0
0
0
0
0
0
0
0
0
0
0
0
0
0
0
0
0
0
0
0
0
0
0
0
0
0
0
0
0
0
0
0
0
0
0
0
0
0
0
0
0
0
0
0
0
0
0
0
0
0
0
0
0
0
0
0
0
0
0
0
0
0
0
0
0
0
0
0
0
0
0
0
0
0
0
0
0
0
0
0
0
0
0
0
0
0
0
0
23829
0
0
0
0
0
0
0
0
0
0
0
0
0
0
0
0
0
23814
0
0
0
0
0
0
0
0
23520
0
0
0
0
0
0
0
0
0
0
0
0
0
0
0
0
0
0
0
0
0
0
0
0
0
0
0
0
0
23835
0
0
0
23546
0
0
0
0
0
0
0
0
0
0
0
0
0
0
0
0
0
0
0
0
0
0
0
0
0
0
0
0
0
0
0
0
0
0
0
0
0
0
0
0
0
0
0
0
0
0
0
0
0
0
0
0
0
0
0
0
0
0
0
0
0
0
0
0
0
0
0
0
0
0
0
0
0
0
0
0
0
0
0
0
0
0
0
0
0
0
0
0
0
0
0
0
0
0
0
0
0
0
0
0
0
0
0
0
0
0
0
0
0
0
0
0
0
0
0
0
0
0
0
0
0
0
0
0
0
0
0
0
23663
0
0
0
0
0
0
0
0
0
0
0
0
0
0
0
0
0
0
0
0
0
0
0
0
0
0
0
0
0
0
0
0
0
0
0
0
0
0
0
0
0
0
23707
0
23733
0
0
0
0
0
0
0
0
0
0
0
0
0
0
0
0
0
0
0
0
0
0
0
0
0
0
0
0
0
0
0
0
0
0
0
0
0
0
0
0
0
0
0
0
0
0
0
0
0
0
0
0
0
0
0
23740
0
0
0
0
0
0
0
0
0
0
0
0
0
0
0
0
0
0
0
0
0
0
0
0
0
0
0
0
0
0
0
0
0
0
0
0
0
0
0
0
0
0
0
0
0
0
0
0
0
0
0
0
0
0
0
0
0
0
0
0
0
0
0
0
0
0
0
0
0
0
0
0
0
0
0
0
0
0
0
0
0
0
0
0
0
0
0
0
0
0
0
0
0
0
0
0
0
0
0
0
0
0
0
0
0
0
0
0
0
0
0
0
0
0
0
0
0
0
0
0
0
0
0
0
0
0
0
0
0
0
0
0
0
0
0
0
0
0
0
0
0
0
0
0
0
0
0
0
0
0
0
0
0
0
0
0
0
0
0
0
0
0
0
0
0
0
0
0
0
0
0
0
0
0
0
0
0
0
0
0
23971
0
0
0
0
0
0
0
0
0
0
0
0
0
0
0
0
0
0
0
0
0
0
0
0
0
0
0
0
0
0
0
0
0
0
0
0
0
0
0
0
0
0
0
0
0
0
0
0
0
0
0
0
0
0
0
0
0
0
0
0
0
0
0
0
0
0
0
0
0
0
0
0
0
0
0
0
0
0
0
0
0
0
0
0
0
0
0
0
0
0
0
0
0
0
0
0
0
0
0
0
0
0
0
0
0
0
0
0
0
0
0
0
0
0
0
0
0
0
0
0
0
0
0
0
0
0
0
0
0
0
0
0
0
0
0
0
0
0
0
0
0
0
0
0
0
0
0
0
0
0
0
0
0
0
0
0
0
0
0
0
0
0
0
0
0
0
0
0
0
0
0
0
0
0
0
0
0
0
0
0
0
0
0
0
0
0
0
0
0
0
0
0
0
0
0
0
0
0
0
0
0
0
0
0
0
0
0
0
0
0
0
0
0
0
0
0
0
0
0
0
0
0
0
0
0
0
0
0
0
0
0
0
0
0
0
0
0
0
0
0
0
0
0
0
0
0
0
0
0
0
0
0
0
0
0
0
0
0
0
0
0
0
0
0
0
0
0
0
0
0
0
0
0
0
0
0
0
0
0
0
0
0
0
0
0
0
0
0
0
0
0
0
0
0
0
0
0
0
0
0
0
0
0
0
0
0
0
0
0
0
0
0
0
0
0
0
0
0
0
0
0
0
0
0
0
0
0
0
0
0
0
0
0
0
0
0
0
0
0
0
0
0
0
0
0
0
0
0
0
0
0
0
0
0
0
0
0
0
0
0
0
0
0
0
0
0
0
24306
0
0
0
0
0
0
0
0
0
0
0
0
0
0
0
0
0
0
0
0
0
0
0
0
0
0
0
0
0
0
0
0
0
0
0
0
0
0
0
0
0
0
0
24370
0
0
0
0
0
0
0
0
0
0
0
0
0
0
0
0
0
0
0
0
0
0
0
0
0
0
0
0
0
0
0
0
0
0
0
0
0
0
0
0
0
0
0
0
0
0
0
0
0
0
0
0
0
0
0
0
0
0
0
0
0
0
0
0
0
0
0
0
0
0
0
0
0
0
0
0
0
0
0
0
0
0
0
0
0
0
0
0
0
0
0
0
0
0
0
0
0
0
0
0
0
0
0
0
0
0
0
0
0
0
0
0
0
0
0
0
0
0
0
0
0
0
0
0
0
0
0
0
0
0
0
0
0
0
0
0
0
0
0
0
0
0
0
0
0
0
0
0
0
0
0
0
0
0
24512
0
0
0
0
0
0
0
0
0
0
0
0
0
0
0
0
0
0
0
0
0
0
0
0
0
0
0
0
24549
0
0
0
0
0
0
0
0
0
0
0
0
0
0
0
0
0
0
0
0
0
0
0
0
0
0
0
0
0
0
0
0
0
0
0
0
0
0
0
0
0
0
0
0
0
0
0
0
0
0
0
0
0
0
0
0
0
0
0
0
0
0
0
0
0
0
0
0
0
0
0
0
0
0
0
0
0
0
0
0
0
0
0
0
0
0
0
0
0
0
0
0
0
0
0
0
0
0
0
0
0
0
0
0
0
0
0
0
0
0
0
0
0
0
0
0
0
0
0
0
0
0
0
0
0
0
0
0
0
0
0
0
0
0
24573
0
0
0
0
0
0
0
0
0
0
0
0
0
0
0
0
0
0
0
0
0
0
0
0
0
0
0
0
0
0
0
0
0
0
0
0
0
0
0
0
0
0
0
0
0
0
0
0
0
0
0
0
0
0
0
0
0
0
0
0
0
0
0
0
0
0
0
0
0
0
0
0
0
0
0
0
0
0
0
0
0
0
0
0
0
0
0
0
0
0
0
0
0
0
0
0
0
0
0
0
0
0
0
0
0
0
0
0
0
0
0
0
0
0
0
0
0
0
0
0
0
0
0
0
0
0
0
24797
0
0
0
0
0
0
0
0
0
0
0
0
0
0
0
0
0
0
0
0
0
0
0
0
0
0
0
0
0
0
0
0
0
0
0
0
0
0
0
0
0
0
0
0
0
0
0
0
0
0
0
0
0
0
0
0
0
0
0
0
0
0
0
0
0
0
0
0
0
0
0
0
24312
0
0
0
0
0
0
0
0
0
0
0
0
0
0
0
0
0
0
0
0
0
0
0
0
0
0
0
0
0
0
0
0
0
0
0
0
0
0
0
0
0
0
0
0
0
0
0
0
0
0
0
0
0
0
0
0
0
0
0
0
0
0
0
0
0
0
0
0
0
0
0
0
0
0
0
0
0
0
0
0
0
0
0
0
0
0
0
0
0
0
0
0
0
0
0
0
0
0
0
0
0
0
0
0
0
0
0
0
0
0
0
0
0
0
0
0
0
0
0
0
0
0
24997
0
0
24977
0
0
0
0
0
0
0
0
0
0
0
0
0
0
0
0
0
0
0
0
0
0
0
0
0
0
0
0
0
0
0
0
0
0
0
0
0
0
0
0
0
0
0
0
0
0
0
0
0
0
0
0
0
0
0
0
0
0
0
0
0
0
0
0
0
0
0
0
0
0
0
0
0
0
0
0
0
0
0
0
0
0
0
0
0
0
0
0
0
0
0
0
0
0
0
0
0
0
0
0
0
0
0
0
0
0
0
0
0
0
0
0
0
0
0
0
0
0
0
0
0
0
0
0
0
0
0
0
0
0
0
0
0
0
0
0
0
0
0
0
0
0
0
0
0
0
0
0
0
0
0
0
0
0
0
0
0
0
0
0
0
0
0
0
0
0
0
25187
0
0
0
0
0
0
0
0
0
0
0
0
0
0
0
0
0
0
0
0
0
0
0
0
0
0
0
0
0
0
0
0
0
0
0
0
0
0
0
0
0
0
0
0
0
0
0
0
0
0
0
0
0
0
0
0
0
0
0
0
0
0
0
0
0
0
0
0
0
0
0
0
0
0
0
0
0
0
0
0
0
0
0
0
0
0
0
0
0
0
0
0
0
0
0
0
0
0
0
0
0
0
0
0
0
0
0
0
0
0
0
0
0
0
0
0
0
0
0
0
0
0
0
0
0
0
0
0
0
0
0
0
0
0
0
0
0
0
0
0
0
0
0
0
0
0
0
0
0
0
0
0
0
0
0
0
0
0
0
0
0
0
0
0
0
0
0
0
0
0
0
0
0
0
0
0
0
0
0
0
0
0
0
0
0
0
0
0
0
0
0
0
0
0
0
0
0
0
0
0
0
0
0
0
0
0
0
0
0
0
0
0
0
0
0
0
0
0
0
0
0
0
0
0
0
0
0
0
0
0
0
0
0
0
0
0
0
0
0
0
0
0
0
0
0
0
0
0
0
0
0
0
0
0
0
0
0
0
0
0
0
0
0
0
0
0
0
0
0
0
0
0
0
0
0
0
0
0
0
0
0
0
0
0
0
0
0
0
0
0
0
0
0
0
0
0
0
0
0
0
0
0
0
0
0
0
0
0
0
0
0
0
0
0
0
0
0
0
0
0
0
0
0
0
0
0
0
0
0
0
0
0
0
0
0
0
0
0
0
0
0
0
0
0
0
0
0
0
0
0
0
0
0
0
0
0
0
0
0
0
0
0
0
0
0
0
0
0
0
0
0
0
0
0
0
0
0
0
0
0
0
0
0
0
0
0
0
0
0
0
0
0
0
0
0
0
0
0
0
0
0
0
0
0
0
0
0
0
0
0
0
0
0
0
0
0
0
0
0
0
0
0
0
0
0
0
0
0
0
0
0
0
0
0
0
0
0
0
0
0
0
0
0
0
0
0
0
0
0
0
0
0
0
0
0
0
0
0
0
0
0
0
0
0
0
0
0
0
0
0
0
0
0
0
0
0
0
0
0
0
0
0
0
0
0
0
0
0
0
0
0
0
0
0
0
0
0
0
0
0
0
0
0
0
0
0
0
0
0
0
0
0
0
0
0
0
0
0
0
0
0
0
0
0
0
0
0
0
0
0
0
0
0
0
0
0
0
0
0
0
0
0
0
0
0
0
0
0
0
0
0
0
0
0
0
0
0
0
0
0
0
0
0
0
0
0
0
0
0
0
