38
39
41
42
46
47
96
49
51
116
54
802
66
136
59
59
212
65
66
108
59
104
96
104
108
109
116
126
146
94
36
96
43
44
36
36
0
0
0
0
96
0
0
0
0
789
0
0
96
0
178
0
116
96
0
802
144
66
136
0
59
108
49
49
212
0
0
146
104
208
108
59
75
763
0
0
66
96
0
112
0
109
112
130
112
109
0
770
94
104
770
103
222
104
0
203
0
222
112
208
112
191
103
0
0
104
112
0
0
0
116
116
0
0
116
94
0
150
203
116
763
126
160
126
116
66
0
116
150
49
0
116
150
786
108
0
0
108
229
116
116
160
116
116
0
126
0
126
75
151
0
0
108
160
294
212
212
266
325
208
0
144
229
208
268
208
116
94
194
208
409
180
208
103
103
180
371
178
0
208
0
203
191
191
180
208
266
109
208
103
319
0
222
222
0
180
104
218
316
316
304
325
203
0
323
217
203
112
0
136
763
304
0
103
103
203
0
0
0
103
146
203
0
0
403
0
180
203
191
0
763
222
180
222
365
0
451
680
434
648
652
680
500
297
648
526
536
297
1286
690
0
680
682
680
837
401
266
0
268
160
294
151
338
291
434
113
0
0
0
294
323
291
268
266
342
266
267
319
291
325
325
0
291
304
304
427
342
342
150
387
456
0
281
304
0
302
583
0
302
302
434
150
0
387
0
319
268
461
281
425
324
194
268
325
427
324
0
354
294
0
160
338
203
0
0
0
354
222
316
203
342
135
575
324
461
324
425
319
0
319
444
342
0
456
342
526
304
456
304
342
427
526
456
427
0
447
390
500
461
444
222
390
0
302
223
0
459
0
456
0
365
0
0
291
160
418
387
178
526
444
266
0
390
146
0
444
0
0
386
413
0
434
399
342
397
536
413
0
302
0
302
0
0
0
212
325
427
425
487
0
459
194
191
0
397
390
304
413
0
425
316
325
135
304
575
0
304
0
528
325
367
342
630
456
0
620
459
342
427
444
447
427
586
401
0
492
583
0
434
342
427
0
563
444
135
577
0
657
319
0
425
0
461
425
434
533
536
425
425
522
526
533
526
827
319
324
0
367
418
487
577
459
418
386
367
425
381
0
500
387
461
235
0
291
492
387
447
447
461
630
0
235
575
586
657
586
444
291
434
526
413
427
447
583
630
456
461
456
528
522
250
324
0
459
526
586
0
342
0
342
459
456
561
0
456
536
0
500
427
630
836
657
836
671
459
670
620
0
670
583
828
678
630
0
0
354
0
459
0
528
451
0
451
0
316
0
678
526
304
0
556
304
575
526
316
0
304
0
387
434
447
652
583
0
641
250
0
641
447
630
583
648
528
680
459
456
526
630
808
250
528
648
456
1299
583
1278
680
528
670
0
427
447
586
434
1281
528
526
1278
583
1281
0
827
0
459
533
0
1286
536
444
456
0
641
533
459
652
427
586
526
682
0
536
0
586
657
648
459
297
700
0
500
1281
652
0
716
630
734
680
0
0
447
536
682
569
0
569
723
0
833
583
742
0
0
297
641
734
874
723
620
0
700
0
682
0
680
648
297
690
680
716
898
0
716
700
862
750
657
862
713
750
297
0
750
857
874
682
250
723
961
723
297
716
682
742
0
893
297
0
723
682
690
680
641
680
0
750
682
730
723
893
620
0
723
620
700
0
723
750
723
620
750
898
742
0
730
734
716
750
900
1016
900
0
713
682
1308
947
911
0
94
763
180
203
66
217
0
763
160
130
763
103
75
0
65
104
104
763
65
65
66
66
0
0
0
0
0
0
0
0
0
779
0
786
0
791
116
47
266
59
108
266
150
108
108
0
0
1316
848
0
0
0
833
806
880
848
0
0
1282
1316
0
0
813
1277
1102
2853
1123
1238
881
1226
0
0
0
929
0
0
0
0
884
0
0
884
863
875
875
723
723
723
0
1113
0
0
680
818
1282
0
900
756
750
756
0
997
862
874
931
0
0
882
1001
900
845
1118
852
808
964
723
878
0
0
878
0
0
884
0
0
0
911
0
962
900
750
0
730
750
1022
996
0
1013
884
863
898
0
911
0
862
911
723
911
900
900
1029
900
962
884
0
730
1039
1070
962
963
878
877
1018
1050
863
1172
862
900
911
848
984
931
0
1018
0
1001
0
996
1083
1029
852
0
999
1001
978
1014
984
1029
964
1029
0
852
1154
963
979
857
1014
1019
1100
1154
900
979
963
963
0
0
0
0
863
884
978
893
979
1029
1157
1039
893
730
1111
862
1001
0
0
1022
1001
898
988
0
1041
1036
933
0
992
1118
988
0
1013
1102
998
0
0
0
0
1040
0
1001
938
996
898
1018
933
1120
1072
1072
1067
997
0
0
863
0
0
0
0
1039
1118
0
963
1040
1036
898
1022
1107
0
1022
1041
1177
874
963
1102
0
1097
1083
0
0
0
1036
1070
1070
988
1019
1016
1102
988
0
997
1013
1238
1102
963
1089
997
1111
1072
931
996
1085
1083
1123
963
997
0
1107
1083
0
1107
0
1018
0
1100
1018
1120
1083
1097
1074
1089
1039
0
1089
0
1018
1097
1097
0
1016
1118
1097
1098
1039
1100
1131
0
0
1018
0
1139
0
1100
1127
1072
1018
0
1100
1072
1085
0
1039
0
1252
1141
1102
1098
0
1186
0
1141
1139
0
1146
1123
1228
0
1218
1186
1138
0
1239
1147
888
1085
1202
1123
0
0
1039
0
979
1228
1146
1205
0
0
0
1050
1218
1097
1070
0
0
1202
1191
0
1107
1181
998
1036
888
1191
996
0
1206
1221
1193
1185
1107
1334
0
0
1187
1172
888
0
1193
1083
1050
0
1107
1196
997
0
0
0
1123
1193
1118
0
1213
0
1205
0
0
1181
1181
0
1195
1107
0
1098
1165
0
0
1228
1268
1231
1213
1141
1120
0
1165
1139
1262
1238
0
1139
1231
0
1138
2883
1139
1139
0
1246
0
1235
1232
0
0
1260
1239
0
1339
1221
0
0
1252
2904
1193
1231
0
1326
0
0
1260
1262
1202
1231
0
1331
1193
1331
1264
2908
1274
1127
0
2872
0
1098
0
1262
1262
1138
0
1202
0
1226
0
1326
0
1102
1326
0
0
2860
620
0
0
0
682
0
0
0
1226
0
730
620
0
2853
0
0
1173
700
2861
0
682
0
929
929
622
997
0
0
0
978
0
0
0
682
996
734
0
2893
1226
0
2852
0
2872
2903
3013
3013
0
1147
2891
1146
888
0
1334
1351
0
1235
0
0
0
0
2904
1239
0
0
1238
2867
3003
1351
1336
2877
0
0
2957
2241
0
2252
0
0
2246
0
2246
2853
0
0
0
0
0
0
0
0
0
0
0
0
0
0
0
0
0
0
0
0
0
0
0
0
0
0
0
0
0
0
0
0
0
0
0
0
0
0
0
0
0
0
0
0
0
0
0
0
0
0
0
0
0
2758
0
0
2650
0
0
2817
0
0
0
0
0
0
0
0
0
0
0
0
0
0
0
0
0
0
0
0
0
0
2700
1624
2694
1633
1640
0
1628
1632
2723
0
1636
0
0
0
0
0
1654
0
0
0
0
0
0
0
0
0
0
1640
0
0
0
1672
0
0
0
1654
0
0
0
1880
1654
1654
0
1880
0
0
0
0
0
0
0
1622
0
0
0
0
0
0
0
0
1572
1572
0
0
1523
1523
0
0
0
0
0
0
1512
0
1648
0
5882
1564
0
0
0
0
1617
0
0
1535
0
0
5974
0
0
0
0
0
0
0
0
0
1549
0
1580
0
0
0
0
0
0
0
0
0
0
0
0
0
0
1545
0
0
0
1617
0
0
5952
0
0
0
0
0
0
1523
0
0
0
0
0
0
0
5692
0
5692
0
5920
0
1688
0
0
0
1821
0
1568
0
0
1717
0
0
0
0
0
0
0
0
0
0
0
0
1501
1839
0
0
0
0
2384
0
0
2405
0
0
0
0
0
0
1636
0
0
0
0
0
1628
0
0
0
0
0
1642
0
0
0
0
0
0
0
0
0
2407
0
0
0
0
0
0
0
0
0
0
0
0
0
0
2757
0
0
0
0
0
0
0
0
0
0
0
0
0
0
0
1689
0
0
0
1671
0
0
1677
0
0
0
0
0
1689
0
0
0
0
1599
1601
1689
1561
0
1607
0
0
0
0
0
0
1565
0
0
0
0
1679
0
0
0
0
0
0
1712
0
0
0
0
0
0
0
0
0
0
0
1551
0
2232
0
0
2232
0
2232
0
0
0
0
0
0
0
0
0
0
0
1747
0
0
0
0
0
0
0
0
0
0
0
0
0
0
0
0
0
0
0
0
0
0
0
0
0
0
2284
0
0
0
0
0
0
0
0
0
1785
0
0
0
0
0
0
0
0
0
0
1801
0
0
0
0
0
0
0
0
0
0
0
0
0
0
0
0
0
0
0
0
0
0
0
0
1832
0
0
0
0
0
2407
0
0
1803
1801
1832
2408
2381
1832
0
1801
2384
2408
0
0
1801
0
2407
2225
0
0
0
0
0
1844
0
0
0
1801
0
1800
0
0
2408
0
1966
0
0
0
0
0
0
0
0
1800
0
0
0
0
0
0
0
0
1886
0
0
0
0
0
0
0
0
0
0
0
1890
0
0
0
0
0
0
0
0
0
0
0
0
0
1890
0
0
0
0
0
0
0
0
0
0
0
0
0
0
0
0
0
0
0
0
0
0
0
0
1403
0
0
0
0
0
0
0
0
0
0
0
0
0
0
0
0
0
0
0
0
0
0
0
0
0
0
0
0
0
0
0
0
0
0
0
0
0
0
0
0
0
0
0
0
0
0
0
0
0
0
0
0
0
0
0
0
0
0
0
0
0
0
0
0
0
0
0
0
0
0
0
0
0
0
0
0
0
0
0
0
0
0
0
0
0
0
0
0
0
0
0
0
0
0
0
0
0
2975
0
0
0
0
0
0
0
0
2164
0
0
0
0
0
0
0
0
0
0
0
2038
0
0
0
0
0
0
0
0
2114
2939
2152
0
0
0
0
0
2132
0
0
0
0
0
0
2080
0
2470
0
2086
0
0
0
0
0
0
0
2076
2290
0
0
0
2091
2103
0
0
2574
0
0
0
2086
0
0
0
0
2939
0
0
0
0
0
2923
0
0
0
0
0
0
0
0
0
0
0
0
0
0
0
0
0
0
0
2923
0
0
0
0
0
0
0
0
0
0
0
0
0
0
0
0
0
2213
0
0
0
0
0
0
0
0
0
0
0
0
0
0
0
0
2438
0
0
2076
0
0
2462
2438
0
0
0
0
0
0
0
0
0
0
0
0
0
0
2083
0
0
0
0
0
0
0
0
0
2172
0
2034
0
0
0
0
0
2921
0
0
2832
0
0
0
0
0
0
0
0
0
0
0
0
2196
0
2261
0
0
0
0
0
0
2259
2268
0
0
0
2241
0
2978
0
0
0
0
1356
0
2380
2367
0
2780
0
0
0
0
1354
0
0
0
0
2380
0
0
2268
0
0
0
0
0
0
0
0
0
0
2779
0
0
0
0
2779
0
0
0
0
0
0
0
0
0
0
0
0
2050
0
0
0
0
0
2488
2300
0
2468
2442
2490
2462
0
2537
0
2588
2448
2510
0
0
0
0
0
0
0
1785
0
0
2794
2284
0
2284
0
1785
0
0
1474
0
0
0
2361
0
0
0
0
0
0
0
0
0
0
0
0
0
0
0
0
0
0
0
0
0
0
0
0
0
0
0
0
0
0
0
0
0
0
0
0
0
2363
2259
0
0
0
2407
0
2381
2398
0
0
2364
0
0
0
0
0
2366
0
0
0
0
0
0
0
0
0
0
0
0
0
1832
0
0
0
0
0
0
0
0
0
1821
0
0
0
0
0
0
0
0
2408
0
0
0
0
0
2093
0
0
0
0
0
0
0
0
0
2926
0
2127
2147
2920
0
2465
0
2442
2470
2172
0
0
0
0
2428
2432
2497
0
0
2448
2512
0
2492
2464
0
2272
0
0
2513
0
0
2462
0
0
0
0
0
0
2300
0
0
0
0
0
2436
0
2794
0
2455
2444
0
2300
0
2468
0
2570
2490
2519
2455
0
2519
2467
2467
2514
0
2512
2502
2524
2510
2464
2513
2513
0
0
0
0
0
2512
2502
2490
2523
0
2513
2490
2163
0
0
2513
2513
0
0
2462
2464
0
2488
2490
0
2512
2591
0
2513
2468
2464
2543
2512
0
0
0
0
0
2569
2564
2576
0
0
2523
2606
0
2537
0
2571
2543
0
0
2571
2564
0
0
2633
2576
0
0
0
0
2534
2650
0
2631
0
2571
2564
0
2582
2576
0
2142
2588
2568
0
2606
0
2626
2568
0
2564
0
0
2689
2569
0
0
2576
2626
0
0
2626
2606
0
0
2659
0
2196
2588
0
0
0
2029
2701
2649
0
0
2747
2659
0
0
2622
0
2622
0
0
0
0
0
0
0
0
0
2712
2646
2626
2622
0
2645
2622
2633
2646
0
0
0
0
2564
0
0
2632
0
2748
0
0
0
0
0
0
0
0
0
0
0
2650
0
0
0
2739
0
2621
0
2622
2679
2718
0
0
2622
0
2721
2687
2712
2720
0
2621
0
0
0
0
2718
0
2696
2723
0
2694
0
0
2700
2679
0
0
0
0
0
0
0
0
0
0
0
0
0
0
0
2727
2687
0
0
0
0
0
0
0
2679
0
0
0
2701
0
0
0
0
0
0
0
0
1420
0
0
2650
1409
0
0
2731
1459
0
0
0
0
0
0
0
0
0
0
0
0
0
2645
0
0
0
0
0
2785
0
0
0
2268
2767
2792
0
4449
2780
0
0
2780
0
0
0
0
0
0
0
0
0
0
2822
2784
0
0
0
0
0
0
0
0
2242
0
0
0
0
0
0
1590
0
0
0
0
0
0
0
0
0
0
0
0
0
0
0
0
0
0
0
0
2780
0
0
0
2141
0
0
0
0
0
0
2920
0
3020
2241
2926
0
0
0
0
0
0
0
2093
0
0
0
0
0
0
0
0
2859
0
0
0
1264
0
2945
2863
2904
0
2867
1141
2885
2856
0
0
3002
0
1326
0
2875
1331
2891
0
1331
0
1268
0
1268
2891
2945
0
1252
0
2996
0
2853
2965
2867
2975
2993
0
1334
2904
1264
0
0
2993
2993
3032
0
0
1262
2885
0
2960
0
0
2909
0
0
0
0
0
2939
0
888
0
0
2975
0
2031
2920
0
0
2948
0
0
0
0
2991
0
2990
0
0
0
0
0
0
2166
0
2111
0
0
1268
0
0
2918
0
0
2991
2991
0
2979
0
2966
0
0
0
0
0
0
3001
0
0
2965
3002
0
0
0
0
0
2111
2073
0
3002
0
2932
0
2945
2976
2976
0
0
2923
0
2923
0
0
2923
2991
0
2920
0
0
0
2867
0
2893
0
2883
3018
1326
1350
2854
0
2093
2926
2093
0
0
2852
0
0
0
888
2336
0
0
0
0
0
0
0
0
0
2904
0
0
0
3198
0
0
0
0
0
0
0
0
0
0
0
0
0
0
0
0
0
0
0
0
0
0
0
0
0
0
0
0
0
0
0
0
0
0
0
0
0
0
0
0
0
0
0
0
0
0
0
0
0
0
0
0
0
0
0
0
0
0
0
0
0
0
0
0
0
0
0
0
0
0
0
0
3113
3149
0
0
0
0
0
0
4328
0
0
0
0
0
0
0
0
0
0
0
0
0
0
0
0
0
0
0
0
0
0
0
0
0
0
0
0
0
0
0
0
0
0
0
0
0
0
0
0
0
0
0
0
0
0
0
0
0
0
0
0
0
0
0
0
0
0
0
0
0
0
0
0
0
0
0
0
0
0
0
0
0
0
0
0
0
0
0
0
0
0
0
0
0
0
0
0
0
0
0
0
0
0
0
0
0
0
0
0
0
0
0
0
0
0
0
0
0
0
0
0
0
0
0
0
0
0
0
0
0
0
0
0
0
0
0
0
0
0
0
0
0
0
0
0
0
0
0
0
0
0
0
0
0
0
0
0
0
0
0
0
0
0
0
0
0
0
0
0
0
0
0
0
0
0
0
0
0
0
0
0
0
0
0
0
0
0
0
0
0
0
0
0
0
0
0
0
0
0
0
0
0
0
0
0
0
0
0
0
0
0
0
0
0
0
0
0
0
0
0
0
0
0
0
0
0
0
3440
0
0
0
0
0
0
0
0
0
0
0
0
0
0
0
0
0
0
0
0
0
0
0
0
0
0
0
0
0
0
0
0
0
0
0
0
0
0
0
0
0
0
0
0
0
0
0
0
0
0
0
0
0
0
0
0
0
0
0
0
0
0
0
0
0
0
0
0
0
0
0
0
0
0
3348
0
0
0
0
0
0
0
0
0
0
0
0
0
0
0
0
0
0
0
0
0
0
0
0
0
0
0
0
0
0
0
0
0
0
0
0
0
0
0
0
0
0
0
0
0
0
0
0
0
0
0
0
0
0
0
0
0
0
0
0
3912
0
0
0
0
0
0
0
0
0
0
0
0
0
0
0
0
0
0
0
0
0
0
0
0
0
0
0
4151
3575
0
0
0
0
0
0
0
0
0
0
3906
0
0
0
3868
0
0
0
0
0
0
0
0
3904
3878
0
0
3572
3572
0
0
0
0
0
0
0
0
3906
0
0
0
0
0
0
0
0
0
0
0
0
0
0
3873
0
0
4201
0
0
3731
0
0
0
0
0
0
0
0
0
0
4201
0
0
0
3882
0
3567
3524
0
3572
0
0
0
0
0
0
0
0
0
0
0
0
0
0
0
0
0
0
0
0
0
0
4209
0
0
0
0
0
0
0
0
0
0
0
0
3737
0
0
0
0
0
0
6513
0
6513
0
0
0
0
0
0
0
0
0
0
0
0
0
0
0
0
0
0
0
0
0
3524
0
0
0
0
0
3555
0
0
3886
0
0
0
0
0
0
0
0
0
0
0
0
0
0
0
0
0
0
0
0
0
0
0
3572
0
0
0
0
3572
0
3883
3762
6583
3555
3572
4360
0
3736
3886
3719
0
0
0
0
0
0
0
3883
3762
0
0
3572
0
0
0
0
0
0
0
0
0
0
0
0
0
0
8432
0
3749
3749
0
0
0
0
3736
0
0
0
0
8450
0
0
3749
4360
0
0
0
3749
0
0
0
0
0
0
0
0
0
0
0
0
0
0
0
0
0
4360
0
0
0
0
0
4277
0
0
3777
0
0
3791
0
0
3791
0
3777
0
0
0
4289
0
3803
3789
0
0
0
3826
0
3789
0
0
3510
0
0
4303
3893
5843
0
3774
3887
0
0
0
3817
3774
3771
0
3530
3774
0
0
0
0
0
0
3846
0
3830
4512
0
0
0
0
4504
0
3820
0
0
0
0
0
0
0
0
0
0
4504
0
3853
0
0
0
4253
0
0
0
6571
0
0
0
0
0
0
0
0
0
0
0
0
0
0
3879
0
3893
3887
0
0
0
3905
0
3894
0
0
0
3815
0
0
0
3906
0
0
0
0
0
0
0
0
0
0
0
3914
3533
0
0
3912
0
0
3904
0
0
0
3914
3914
3873
0
3912
0
0
0
0
0
4550
3921
0
0
0
0
0
4478
0
0
4532
0
0
0
0
0
0
0
0
0
0
0
0
0
0
0
4546
0
0
0
0
0
0
0
0
0
0
0
0
0
0
0
0
0
0
0
0
0
0
0
0
0
6073
8067
0
8067
3990
0
0
3948
0
0
3985
3985
0
0
3954
0
0
0
3985
0
0
0
3985
0
3131
4155
0
0
0
0
4527
0
0
0
0
0
0
0
3731
0
0
0
0
0
0
0
0
0
0
0
0
0
0
0
0
0
0
0
0
0
0
0
0
0
0
0
0
0
0
0
0
0
0
0
0
0
0
0
0
0
0
0
0
0
0
0
4090
0
0
0
0
0
0
0
0
0
0
0
0
0
0
0
0
0
0
0
0
0
0
0
0
0
0
0
0
0
0
0
0
0
0
0
0
0
0
0
0
0
0
0
0
0
0
4108
0
0
0
0
0
0
0
4103
0
0
0
0
0
0
0
0
0
0
0
0
0
0
0
0
0
0
0
3654
0
0
0
0
0
0
8067
0
0
0
0
0
4204
0
0
0
0
4178
0
4178
0
4197
0
4188
0
4204
4196
4004
4140
0
4187
4172
4216
0
0
5741
4526
3731
0
0
4178
0
4529
4164
4164
4180
3731
0
6573
0
4568
5741
0
0
0
0
0
0
4534
4140
0
0
0
0
4274
0
0
0
4206
0
0
0
0
0
0
0
0
4217
0
0
4526
0
4530
4289
0
0
0
6448
0
4566
0
0
0
0
0
0
0
0
0
0
0
4000
0
0
0
0
0
0
0
4526
0
0
0
0
0
0
0
0
0
4004
0
0
0
0
0
0
0
0
0
0
0
0
0
0
0
0
0
0
0
0
0
0
0
0
0
0
0
0
0
0
0
0
0
0
0
0
0
0
0
0
0
0
0
0
3791
0
0
0
0
0
0
0
0
0
0
0
0
0
4305
0
0
0
4305
4293
0
0
0
0
0
0
0
0
0
0
0
0
0
0
0
0
0
0
0
0
0
0
0
0
0
0
0
0
0
0
8201
0
0
0
0
0
0
0
0
3749
3749
0
4126
8450
0
0
0
0
0
0
0
0
0
0
0
0
0
0
4385
0
0
0
0
0
0
0
0
0
0
0
0
0
0
0
0
0
0
0
0
0
0
0
0
0
0
0
0
0
0
0
0
0
0
0
0
0
0
0
0
0
0
4418
0
0
0
0
0
0
0
0
0
0
0
0
0
0
0
0
0
0
0
0
0
0
0
0
0
0
0
0
0
0
0
4469
0
0
0
0
0
4555
0
0
0
0
4456
4555
0
4456
4492
0
0
0
0
4473
0
2277
0
0
0
0
0
4546
0
0
0
0
0
0
0
0
4456
0
0
0
0
0
0
0
0
0
0
0
4512
0
4495
0
0
4532
0
0
3921
4504
0
0
5659
0
0
0
0
0
0
4508
4551
4545
0
4526
4197
4222
4197
0
4197
0
0
0
0
0
0
0
4172
0
3998
0
4530
0
4547
0
0
0
0
0
0
0
0
4546
4541
0
0
4543
4012
4536
0
0
0
4543
4492
4547
0
4541
0
0
0
0
0
0
0
0
0
0
0
4572
0
4193
0
4204
4289
0
0
0
0
0
0
0
0
0
0
0
0
0
0
0
0
0
0
0
0
0
0
5478
0
0
0
0
0
0
0
0
0
0
0
0
0
0
0
0
0
0
0
0
0
0
0
0
0
0
0
0
0
0
0
0
0
0
0
0
0
0
0
0
0
0
0
0
0
0
4770
0
0
0
0
0
0
0
0
0
0
0
0
0
0
0
0
0
0
0
0
0
0
0
0
0
0
0
0
0
0
0
0
0
0
0
0
0
0
0
0
0
0
0
0
0
0
0
0
0
0
0
0
0
0
0
0
0
0
0
0
0
0
0
0
0
0
0
0
0
0
0
0
0
0
0
0
0
0
0
4747
0
0
0
0
0
0
0
0
0
0
0
0
0
0
0
0
0
0
0
0
0
0
0
0
0
0
0
0
0
0
0
0
0
0
0
0
0
0
0
0
0
0
0
0
0
0
0
0
0
0
0
0
0
0
0
0
0
0
0
0
0
0
0
0
0
0
0
0
0
0
0
0
0
0
0
0
0
0
0
0
0
0
0
0
0
0
0
0
0
0
0
0
0
0
0
0
0
0
0
0
0
0
0
0
0
4840
0
0
0
0
0
0
0
0
0
0
0
0
0
0
0
0
0
0
0
0
0
0
0
0
0
0
0
0
0
0
0
0
0
0
0
0
0
0
0
0
0
0
0
0
0
0
0
0
0
0
0
0
0
0
0
0
0
0
0
0
0
0
0
0
4927
0
0
0
0
0
0
4932
0
0
0
0
4866
0
0
0
0
4906
0
0
4934
0
4934
4905
0
0
0
0
0
0
0
0
0
0
0
0
0
0
0
0
0
0
0
0
0
0
0
0
0
0
0
0
0
0
0
0
0
0
0
0
0
0
0
0
0
0
0
0
0
0
0
0
0
0
4973
0
0
0
4910
0
4934
0
5052
0
0
0
0
0
0
0
0
0
0
4906
0
0
0
0
0
0
0
0
0
0
0
0
0
0
0
0
0
0
0
0
0
0
0
0
0
0
0
0
0
0
0
0
0
0
0
0
0
0
0
0
0
0
0
0
0
0
0
0
0
0
0
0
0
5083
0
0
5083
0
0
0
5051
4933
0
4977
0
0
0
0
0
0
0
0
0
0
5067
0
0
0
0
0
0
5104
0
0
0
0
0
0
0
0
0
0
0
0
0
0
0
0
0
0
0
0
0
5103
0
0
0
0
5168
0
0
0
0
0
0
5089
0
5089
0
0
0
0
0
0
0
5373
0
0
0
5432
0
0
0
0
0
0
0
0
0
0
0
0
0
0
0
0
0
0
0
0
0
0
0
0
0
0
0
0
0
0
0
0
0
0
0
0
0
0
0
0
0
0
0
0
0
0
4772
0
5490
0
0
0
0
0
0
0
5187
5257
5218
5241
0
0
5230
0
0
5241
0
5253
0
0
0
0
0
0
0
0
0
0
5894
0
0
0
0
0
0
5205
0
0
0
0
5190
5190
5190
0
0
5187
0
0
0
5241
5269
0
5269
5241
0
5190
0
0
0
0
0
0
0
0
0
0
0
0
5253
0
0
0
5280
0
0
0
0
0
0
0
0
5339
5257
0
0
0
0
0
0
0
0
0
0
0
0
0
0
0
0
5337
0
0
0
0
0
0
0
0
0
0
0
0
0
0
0
0
0
0
0
0
0
0
0
0
0
0
0
0
0
0
0
0
0
0
0
0
0
0
0
0
0
0
0
5257
0
0
0
0
0
0
0
0
5339
0
0
0
0
5345
0
5385
5320
0
0
0
5388
0
0
5384
0
0
0
0
0
0
0
0
0
0
0
0
0
0
0
0
0
0
0
0
0
0
0
0
0
0
0
0
5362
0
0
0
0
0
0
0
0
5399
0
5365
0
0
0
0
0
0
0
5107
0
0
0
0
0
0
0
0
0
0
0
0
0
0
0
0
5508
5374
0
0
0
0
0
5405
0
0
5365
0
0
0
0
0
0
0
0
0
0
5402
0
0
0
0
0
0
0
0
0
0
0
0
0
0
0
0
0
0
0
0
0
0
0
0
0
0
0
0
0
0
0
0
0
0
0
0
0
0
0
0
0
0
0
0
0
0
0
0
0
0
0
0
0
0
0
0
5205
0
0
0
0
0
0
0
0
0
0
0
0
0
0
0
0
0
0
0
0
0
0
0
0
0
0
0
0
0
0
0
0
0
0
0
0
0
0
0
0
0
0
0
6446
0
6437
6029
0
6416
6309
0
5535
0
0
0
0
0
5540
5545
6331
0
0
0
6358
6308
5624
6422
5624
0
5869
0
0
5897
5584
0
5869
5619
5597
5573
5625
5590
5556
6253
0
0
5632
0
0
0
0
0
5618
0
5643
5618
0
5573
0
6632
0
0
0
0
0
0
0
0
0
0
0
0
0
0
5657
0
5616
0
0
5808
0
5628
0
6183
0
0
0
6197
5616
0
0
0
0
5553
0
0
5553
0
0
0
0
0
0
0
0
0
5623
0
0
0
5675
0
0
0
0
0
0
0
0
0
5659
0
5881
0
0
0
0
0
5675
0
5842
0
5649
0
5665
0
5616
5659
0
0
0
0
5898
0
5815
6319
5681
0
0
0
5692
0
0
5837
5898
5773
1595
0
5681
5848
5673
5681
0
0
0
0
5673
0
0
0
0
0
0
5673
0
0
0
0
0
0
0
0
0
0
5789
0
0
0
0
5837
0
0
0
0
0
0
0
0
0
0
0
0
0
5851
0
0
0
0
0
0
0
0
0
0
0
0
0
0
0
0
0
0
0
0
0
0
0
0
0
0
0
0
0
0
0
5833
0
0
0
5640
0
0
0
0
5829
0
0
0
0
0
0
0
0
0
5833
0
0
0
0
0
0
0
0
0
0
0
0
0
5838
0
0
0
0
0
6328
0
0
0
0
0
0
0
0
5806
0
0
0
0
0
0
5547
0
0
0
0
0
0
5846
5851
0
0
0
5824
5640
5640
0
0
5851
6141
0
5851
0
0
0
0
0
0
0
0
0
0
6141
0
5648
0
0
1677
0
5657
1565
0
5649
0
0
0
0
6632
5665
5851
5675
0
0
0
0
0
0
0
0
0
5657
0
0
6632
0
1553
5871
5675
0
0
5871
5905
0
0
0
6632
0
0
0
0
0
0
0
5667
0
0
0
5649
0
5894
0
6632
0
0
5945
1535
0
1606
5952
0
5675
0
0
0
5922
5922
1607
0
5842
0
1607
0
0
0
6321
6369
1535
0
5662
0
5959
0
0
0
0
5978
5592
6197
0
0
1486
0
0
0
0
0
5959
0
5593
0
0
0
6372
0
0
0
0
5978
0
5606
0
0
0
0
0
1575
0
0
5592
5952
0
0
0
0
0
0
0
0
5953
0
6169
5945
0
5592
6197
0
0
0
5746
0
0
0
3834
0
0
0
0
0
0
4494
5659
0
0
0
6005
0
6029
0
0
0
6136
6029
6134
0
0
0
0
6172
6029
0
6134
0
0
0
0
0
0
0
0
0
0
0
0
0
0
0
0
5890
0
0
0
0
0
0
0
0
0
0
0
6064
0
0
0
0
0
0
0
0
0
0
0
0
0
0
0
0
0
0
0
0
0
0
0
0
0
0
0
0
0
0
6175
0
4371
0
0
0
4371
0
0
0
0
0
0
0
0
0
0
0
0
0
0
0
0
0
0
6424
0
0
6110
0
0
0
0
0
0
0
0
6369
1572
5892
0
0
0
6037
0
6181
0
0
5582
0
0
0
0
0
6136
0
0
0
0
0
0
6228
0
6358
6220
0
0
6196
0
0
0
0
0
0
0
5606
0
1614
6369
0
0
0
5613
6371
6371
0
0
6369
5894
0
0
6046
0
0
6414
0
6190
5616
0
0
0
0
6201
0
0
6190
0
0
0
6201
0
0
6226
0
0
0
0
6371
0
0
0
6139
0
0
0
6339
6201
6190
0
0
0
0
0
0
0
0
0
0
0
0
0
0
6187
0
0
0
0
0
0
0
0
0
0
6026
0
0
0
0
0
0
5573
0
0
0
0
0
0
0
0
6284
0
0
6125
0
6451
6284
0
0
6451
0
6153
0
0
0
6284
0
0
6268
0
0
0
0
0
6284
6274
0
6284
0
6319
0
0
0
6274
0
0
0
6262
6176
6153
6284
6262
0
6309
6269
6450
6294
6321
0
6153
0
6274
0
6283
6274
6453
0
0
6294
5539
6294
6437
5547
5539
6319
5547
0
0
6319
0
6451
6218
0
0
5623
0
0
0
5547
0
6294
0
6218
0
0
0
0
0
0
0
0
0
0
0
0
0
0
0
0
0
0
0
0
0
0
0
0
6176
0
0
0
0
6371
0
0
6371
6197
0
6380
0
0
0
6197
0
6386
0
0
0
0
0
0
0
0
0
0
0
0
0
0
0
0
0
0
0
0
0
0
0
0
0
0
0
0
0
0
0
0
0
0
0
0
0
0
6427
0
6431
6431
6431
6416
6427
0
6361
0
5556
5540
0
6414
0
0
0
6414
6321
6446
0
6321
0
0
6422
6308
6416
6414
6446
6416
6308
0
6414
0
6416
0
0
0
0
0
5540
0
0
6125
0
6474
0
6844
0
6486
6844
6486
6514
0
6474
6514
6474
0
0
0
6844
6910
6478
0
6478
0
6844
0
6474
0
6514
0
0
6487
6474
6910
6513
0
6492
0
6492
6494
0
6474
6514
6532
6520
6852
6513
0
0
6513
0
0
6505
0
0
0
0
0
0
0
0
6519
0
0
0
6822
0
0
0
0
6532
0
0
0
0
0
0
0
0
6507
0
6514
0
0
0
0
0
0
0
0
0
0
0
0
6505
0
0
0
0
0
0
0
0
0
0
0
0
0
0
0
0
5659
0
0
0
0
0
0
0
0
0
0
0
0
4209
0
0
6622
0
0
0
0
0
0
0
0
0
0
0
0
0
0
0
0
0
0
0
0
0
0
0
0
0
0
0
0
0
0
6512
0
0
0
0
0
0
0
0
0
0
6630
6633
0
6601
0
6758
0
0
6640
6630
5649
0
6762
6632
0
5675
0
0
6726
6630
0
6664
0
6657
0
6669
0
6664
0
0
0
0
0
6657
0
0
0
0
0
0
0
0
0
0
0
0
0
0
0
0
0
0
0
0
0
0
0
0
0
0
0
0
0
0
0
0
0
0
0
0
0
0
0
0
0
0
6696
0
0
0
0
0
0
0
0
0
0
0
0
0
0
0
0
0
0
0
0
0
0
0
0
0
0
0
0
0
0
0
0
0
0
0
0
0
0
0
0
0
0
0
0
0
0
0
0
0
0
0
0
0
0
0
0
0
0
0
0
0
0
0
0
0
0
0
0
0
0
0
0
0
0
0
0
0
0
0
0
0
0
0
0
0
0
0
0
0
0
0
0
0
0
0
0
0
0
0
0
0
0
0
0
0
0
0
0
0
0
0
6513
0
0
6575
0
0
0
0
0
0
0
0
0
0
0
0
0
0
0
0
0
0
0
0
0
0
0
0
0
6532
0
6478
6852
6532
0
0
6514
0
0
0
0
0
0
0
0
0
0
0
0
0
0
0
0
0
0
0
0
0
0
0
0
0
0
0
0
0
0
0
0
0
0
0
0
0
0
0
0
0
0
0
0
0
6474
0
0
0
0
6910
0
0
0
0
0
0
0
0
0
0
6927
0
0
0
0
0
0
0
0
0
0
0
0
0
0
0
0
0
0
0
0
0
0
0
0
0
0
0
0
0
0
0
0
0
0
0
0
0
0
0
0
0
0
0
0
0
0
0
0
0
0
0
0
0
0
0
0
0
0
0
0
0
0
0
0
0
0
0
0
0
0
0
0
0
0
6997
0
0
0
0
0
0
0
0
0
0
0
0
0
0
0
0
0
0
0
0
0
0
0
0
0
0
0
0
0
0
0
0
0
0
0
0
0
0
0
0
0
0
0
0
0
0
0
0
0
0
0
0
0
0
0
0
0
0
0
0
0
0
0
0
0
0
0
0
0
0
0
0
0
0
0
0
0
0
0
0
0
0
0
0
0
0
0
0
0
0
0
0
0
0
0
0
0
0
0
0
0
0
0
0
0
0
0
0
0
0
0
0
0
0
0
0
0
0
0
0
0
0
0
0
0
0
0
0
0
0
0
0
0
0
0
0
0
0
0
0
0
0
0
0
0
0
0
0
0
0
0
0
0
0
0
0
0
0
0
0
0
0
0
0
0
0
0
0
0
0
0
0
7212
0
0
0
0
0
0
0
0
0
0
0
0
0
0
0
0
0
0
0
0
0
0
0
0
0
0
0
0
0
0
0
0
0
0
0
0
0
0
0
0
0
0
0
0
0
0
0
0
0
0
0
0
0
6669
0
7207
0
0
0
0
0
0
0
6669
0
0
0
0
0
0
0
0
0
0
0
0
0
0
0
0
0
0
0
0
0
0
0
0
0
0
0
0
0
0
0
0
0
0
0
0
0
0
0
0
0
0
0
0
0
0
0
0
0
0
0
0
0
0
0
0
0
0
0
0
0
0
0
0
0
0
0
0
0
0
0
0
0
0
0
0
0
0
0
0
0
0
0
0
0
0
0
0
0
0
0
0
0
0
0
0
0
0
0
0
0
0
0
0
0
0
0
0
0
0
0
0
0
0
0
0
0
0
0
0
0
0
0
0
0
0
0
0
0
0
0
0
0
0
0
0
0
0
0
0
0
0
0
0
0
0
0
0
0
0
0
0
0
0
0
0
0
0
0
0
0
0
0
0
0
0
0
0
0
0
0
0
0
0
0
0
0
0
0
0
0
0
0
0
0
0
0
0
0
0
0
0
0
0
0
0
0
0
0
0
0
0
0
0
0
0
0
0
0
0
0
0
0
0
0
0
0
0
0
0
0
0
0
0
0
0
0
0
0
0
0
0
0
0
0
0
0
0
0
0
0
0
7422
0
0
0
0
0
0
0
0
0
0
0
7410
0
0
0
0
0
0
0
0
0
0
0
0
0
0
0
0
0
0
0
7593
0
0
0
0
0
7655
0
0
0
0
0
0
0
0
0
0
0
0
0
0
0
0
0
0
0
0
0
0
0
0
0
0
0
0
0
0
0
0
0
0
0
0
0
0
0
0
0
0
0
7614
0
0
0
0
0
0
0
0
0
0
0
0
0
0
0
0
0
0
0
0
0
0
0
0
0
0
0
0
0
0
0
0
0
0
0
0
0
0
7591
0
0
0
7623
0
0
0
7608
7623
0
0
0
0
0
0
0
7623
0
0
0
0
0
0
0
0
0
0
0
0
0
0
0
0
0
0
0
6251
0
0
0
0
0
0
0
0
0
0
0
0
0
0
7641
0
0
7466
0
0
7517
0
0
0
0
0
0
7518
0
0
0
0
0
0
0
0
0
0
0
0
0
7660
0
0
0
0
0
0
0
0
0
0
0
0
0
0
0
0
0
0
0
0
0
0
0
0
0
0
0
0
0
0
0
0
0
0
0
0
0
0
0
0
0
0
0
0
0
0
0
0
0
0
0
0
0
0
0
0
0
0
0
0
0
0
0
0
0
0
0
0
0
0
0
0
0
0
0
0
0
0
0
0
0
0
0
0
0
0
0
0
0
7969
0
0
0
0
0
0
0
0
0
0
0
0
0
0
0
0
0
0
0
0
0
0
0
0
0
0
0
0
0
0
0
0
0
0
0
0
0
0
0
0
0
0
0
0
0
0
0
0
0
0
0
0
0
0
0
0
0
0
0
0
0
0
0
0
0
0
0
0
0
0
0
0
0
0
0
0
0
0
0
0
0
0
0
0
0
0
0
0
0
0
0
0
0
0
0
0
0
0
0
0
0
0
0
0
0
0
0
0
0
0
0
0
0
0
0
0
0
0
0
0
0
0
0
0
0
0
0
0
0
7969
0
0
0
0
0
0
0
0
0
0
0
0
0
0
0
0
0
0
0
0
0
0
0
0
0
0
0
0
0
0
0
0
0
0
0
0
0
0
0
0
0
0
0
0
0
0
0
0
0
0
0
0
0
0
0
0
0
0
0
0
0
0
0
0
0
0
0
0
0
0
0
0
0
0
0
0
0
0
0
0
0
0
0
0
0
0
0
0
0
0
0
0
0
0
0
0
0
0
0
0
0
0
0
0
0
0
0
0
0
0
0
0
0
0
0
8000
0
0
0
0
0
0
0
0
0
0
0
0
0
0
0
0
0
0
0
0
0
0
0
0
0
0
0
0
0
0
0
0
0
0
0
0
0
0
0
0
0
0
0
0
0
0
0
0
0
0
0
0
0
0
0
0
0
0
0
0
0
0
0
0
0
0
0
0
0
0
0
0
0
0
0
0
0
0
0
0
0
0
0
0
0
0
0
0
0
0
0
8118
0
0
0
0
0
0
0
0
0
0
0
0
0
0
8141
0
8118
0
0
0
0
0
0
0
0
0
0
0
0
0
0
0
0
0
0
0
0
0
0
0
0
0
0
0
0
0
0
0
0
0
0
0
0
0
0
0
0
0
0
0
0
0
0
0
0
0
0
0
8189
0
0
0
0
3723
0
0
0
0
0
0
0
0
0
0
0
8229
0
8189
0
0
0
0
0
0
0
0
0
0
0
0
0
0
8175
0
0
0
0
0
0
0
0
0
8049
0
0
0
0
0
8219
0
0
0
0
0
0
0
0
0
0
0
0
8230
0
0
0
0
8201
0
0
0
0
0
0
0
0
0
0
0
0
0
0
0
0
0
0
0
0
0
0
0
0
0
0
0
0
0
0
0
0
0
0
0
0
0
0
9279
0
0
0
8091
0
0
0
3962
0
0
0
0
8282
0
0
0
0
0
0
0
0
0
0
0
0
0
0
0
0
0
0
0
0
0
0
0
0
0
0
0
0
0
0
0
0
0
0
0
0
0
0
0
0
0
0
0
0
0
0
0
8312
0
0
0
0
0
0
0
0
0
0
0
0
0
0
0
0
0
0
0
0
0
0
0
0
0
0
0
0
0
0
0
0
0
0
0
0
0
0
0
0
0
0
0
0
0
0
0
0
0
0
0
0
0
0
0
0
0
0
0
0
0
0
0
0
0
0
0
0
0
0
0
8584
0
0
0
0
0
0
0
0
0
8411
0
0
0
0
0
0
0
0
0
3724
0
0
0
0
8450
0
0
0
0
0
0
0
0
8450
0
0
0
0
8450
0
3575
0
0
0
0
0
0
0
0
0
0
0
0
0
0
0
0
0
0
0
0
0
0
0
0
0
0
0
0
0
0
0
0
0
0
0
8588
0
0
0
8588
0
0
0
0
0
0
8586
0
0
0
0
0
0
0
0
0
0
0
0
0
0
0
0
0
0
0
0
0
0
0
0
0
0
0
0
0
0
0
0
0
0
0
0
0
0
0
0
0
0
0
0
0
0
0
0
0
0
0
0
0
0
0
0
0
0
0
0
0
0
0
0
0
0
0
0
0
0
0
0
0
0
0
0
0
0
0
0
0
0
0
0
0
0
0
0
0
0
0
0
0
0
0
0
0
0
0
0
0
0
0
0
0
0
0
0
0
0
0
0
0
0
0
0
8613
0
0
0
0
0
0
0
0
0
0
0
0
0
0
0
0
0
0
0
0
0
0
0
0
0
0
0
0
0
0
0
0
0
0
0
0
0
0
0
0
0
0
0
0
0
0
0
0
0
0
0
0
0
0
0
0
0
0
0
0
0
0
0
0
0
0
0
8777
0
0
0
0
0
0
0
0
0
0
0
0
0
0
0
0
0
0
0
0
0
0
0
0
0
0
0
0
0
0
0
0
0
0
0
0
0
0
0
0
0
0
0
0
0
0
0
0
0
0
0
0
0
0
0
0
0
0
0
0
0
0
0
0
0
0
0
0
0
0
0
0
0
0
0
0
0
0
0
0
0
0
0
0
0
0
0
0
0
0
0
0
0
0
0
0
0
0
0
0
0
0
0
0
0
0
0
0
0
0
0
0
0
0
0
0
0
0
0
0
0
0
0
0
0
0
0
0
0
0
0
0
0
0
0
0
0
0
0
0
0
0
0
0
0
0
0
0
0
0
0
0
0
0
0
0
0
0
0
0
0
0
0
0
0
0
0
0
0
0
0
0
0
0
0
0
0
0
0
0
0
0
0
0
0
0
0
0
0
0
0
0
0
0
0
0
0
0
0
0
0
0
0
0
0
0
0
0
0
0
0
0
0
0
0
0
0
0
0
0
0
0
0
0
0
0
0
0
0
0
0
0
0
0
9062
0
0
0
0
0
0
0
0
0
0
0
0
0
0
0
0
0
0
0
0
0
0
0
0
0
0
0
0
0
0
0
0
0
9080
0
0
0
0
0
0
0
0
0
0
0
0
0
0
0
0
0
0
0
0
0
0
0
0
0
0
0
0
0
0
0
0
0
0
0
0
0
0
0
0
0
0
0
0
0
0
0
0
0
0
0
0
0
0
0
0
0
0
0
0
0
0
0
0
0
0
0
0
0
0
0
0
0
0
0
0
0
0
0
0
0
0
0
0
0
0
0
0
0
0
0
0
0
0
0
0
0
0
0
0
0
0
0
0
0
0
0
0
0
0
0
0
0
0
0
0
0
0
0
0
0
0
0
0
0
0
0
0
0
0
0
0
0
0
0
0
0
0
0
9092
0
0
0
0
0
0
0
0
0
0
0
0
0
0
0
0
0
0
0
0
0
0
0
0
0
0
0
0
0
0
0
0
0
0
0
0
0
0
0
0
0
0
0
0
0
0
0
0
0
0
0
0
0
0
0
0
0
0
0
0
0
0
0
0
0
0
0
0
9168
0
0
0
0
0
0
0
0
0
0
0
0
0
0
0
0
0
0
0
0
0
0
0
0
0
0
0
0
0
0
0
0
0
0
0
0
0
0
0
0
0
0
0
0
0
0
0
0
0
0
0
0
0
0
0
0
0
0
0
0
0
0
0
0
0
0
0
0
0
0
0
0
0
0
0
0
0
0
0
0
0
0
0
0
0
0
0
0
0
0
0
0
0
0
0
0
0
0
0
0
0
0
0
0
0
0
0
0
0
0
0
0
0
0
0
0
0
0
0
0
0
0
0
0
0
0
0
0
0
0
0
0
0
0
0
0
0
0
0
0
0
0
0
0
0
0
0
0
0
0
0
0
0
0
0
0
0
0
0
0
0
0
0
0
0
0
0
0
0
0
0
0
0
0
0
0
0
0
0
0
0
0
0
0
0
0
0
0
0
0
0
0
0
0
0
0
0
0
0
0
0
0
0
0
0
0
0
0
0
0
0
0
0
0
0
0
0
0
0
0
0
0
0
0
0
0
0
0
0
0
0
0
0
0
0
0
0
0
0
0
0
0
0
0
0
0
0
0
0
0
0
0
0
0
0
0
0
0
0
0
0
0
0
0
0
0
0
0
