38
39
41
42
46
47
48
49
51
108
54
122
57
142
59
71
64
65
66
70
71
89
96
769
108
146
110
79
146
167
36
77
43
44
0
0
0
0
0
0
0
0
0
0
0
0
0
0
0
0
93
0
108
0
0
122
0
0
142
0
71
0
212
0
0
0
0
229
49
38
0
0
779
63
0
0
0
0
0
0
0
85
100
0
100
0
0
0
234
0
173
219
0
0
219
0
0
0
173
0
0
231
0
234
769
224
0
0
0
146
0
186
54
0
0
42
141
265
184
114
144
141
0
145
110
92
79
132
137
0
0
153
0
0
122
0
0
0
65
0
155
0
0
0
0
0
0
141
99
274
161
0
141
0
135
0
0
220
0
165
0
0
758
208
0
0
0
0
221
222
51
99
222
0
219
165
167
0
0
208
231
167
173
106
0
0
0
274
0
405
0
0
106
282
0
199
428
200
411
0
0
405
221
102
165
773
185
213
0
89
230
426
0
0
99
185
0
0
231
0
0
0
0
0
0
0
0
0
102
0
0
0
0
231
0
663
703
672
681
0
561
831
0
734
547
257
678
0
650
854
751
0
840
686
0
0
143
0
0
0
160
0
291
0
468
0
445
0
223
0
0
407
212
365
0
0
261
783
509
280
0
399
0
394
330
476
449
274
399
397
383
0
557
394
415
144
446
557
399
445
372
399
274
489
458
309
261
399
0
0
223
275
352
417
538
223
190
230
160
425
557
166
454
384
212
454
217
309
0
502
0
454
524
194
445
475
606
0
557
458
0
561
358
352
308
547
422
383
394
591
538
415
0
596
270
580
571
483
0
0
309
0
0
432
0
0
547
0
534
0
446
0
0
0
450
454
454
564
415
156
263
0
496
0
0
422
0
391
483
217
0
0
480
224
0
520
518
0
432
0
574
384
0
829
358
0
405
0
451
337
422
0
274
156
0
0
426
0
0
407
200
574
0
528
454
0
0
513
0
564
458
449
0
564
489
502
359
449
468
291
496
500
274
432
0
0
0
407
391
0
0
0
0
550
0
407
483
282
0
510
337
509
534
575
265
566
282
451
0
399
567
500
458
488
458
0
0
261
0
0
0
530
0
0
458
575
0
0
0
0
445
580
428
451
445
513
0
580
651
340
0
621
0
428
391
630
489
538
451
0
0
476
580
0
340
606
251
280
0
358
0
257
618
645
0
308
534
367
0
308
0
534
847
483
0
609
658
550
0
452
617
611
0
257
530
528
502
0
562
330
0
617
574
391
0
592
0
0
0
592
624
0
0
666
0
468
0
0
571
566
0
0
502
488
0
0
528
0
239
655
0
708
701
538
621
0
580
683
659
0
520
0
0
606
547
556
0
669
458
585
592
415
534
0
558
610
0
510
625
0
0
0
254
628
620
592
509
0
0
670
0
0
609
454
0
0
562
475
0
564
0
708
645
502
705
655
547
641
670
0
660
0
665
655
657
0
0
0
654
242
0
0
655
657
0
0
708
0
0
0
0
1312
703
0
0
0
0
0
657
0
0
0
0
621
749
0
239
840
0
647
829
0
701
0
239
734
0
686
710
675
818
736
818
715
805
596
854
751
701
741
741
0
664
0
886
0
730
839
0
669
0
752
723
686
678
0
589
743
820
734
708
819
708
0
902
927
818
681
854
843
0
747
889
877
0
736
0
736
872
871
0
0
705
0
743
641
878
0
956
0
747
0
0
0
705
805
0
42
0
184
184
213
773
772
0
259
220
129
146
0
0
0
0
0
0
0
0
0
0
0
0
0
0
0
0
0
0
0
38
0
0
0
0
161
139
114
797
0
114
108
0
38
0
0
847
0
0
0
0
0
840
854
0
0
0
851
847
708
0
0
0
1107
1298
0
0
1179
1216
0
0
0
1284
0
0
0
0
708
0
1289
871
0
0
869
843
0
889
0
1105
0
0
683
0
0
0
1289
0
736
0
0
1289
0
703
0
1295
710
0
967
675
0
0
0
1033
0
0
0
0
0
0
0
0
1310
751
0
0
848
0
0
0
1002
1201
0
898
0
0
0
1004
999
1156
882
0
876
734
0
0
902
1061
1292
924
0
1057
0
1055
1112
0
854
0
984
0
0
0
939
0
0
878
814
0
979
0
0
1061
0
874
872
0
0
869
967
1049
1001
949
0
0
967
0
882
939
0
1003
0
970
0
0
987
950
0
1142
1042
0
882
850
1046
1033
0
0
989
1160
916
818
0
1063
891
0
1059
945
1013
982
983
864
984
1315
0
891
984
0
0
0
0
0
0
0
0
868
1071
0
989
0
0
1002
0
0
0
1108
0
0
0
0
961
986
0
986
1059
986
1045
1155
0
0
947
884
813
0
1141
0
1003
1174
1157
1043
884
0
1030
891
924
0
1003
1115
0
0
876
987
0
1166
867
1053
1104
0
0
1152
0
0
1171
0
0
1018
1140
1026
0
1106
0
987
0
1208
0
994
0
1201
0
989
945
1140
1184
891
1194
1049
0
1159
1106
1111
1103
868
0
0
979
1208
0
999
1205
1102
947
1003
0
1127
0
1102
986
1087
1132
0
1267
1127
0
0
1105
0
1224
0
0
0
0
0
0
0
1105
1100
0
0
0
1248
0
1247
0
1033
0
1176
0
0
1129
0
1149
0
0
1195
0
0
1130
0
1159
0
0
1269
0
0
0
0
0
0
1187
2896
1220
1020
1141
878
0
1269
1107
0
0
0
0
0
0
1102
0
0
1231
1176
0
0
0
0
1165
1246
0
987
0
949
0
0
1217
0
1219
881
0
1149
0
1102
1187
0
1339
0
0
0
0
1203
1132
0
0
0
0
0
0
1197
1165
1163
0
1188
0
0
0
2902
1340
0
1227
1156
1293
0
2900
0
0
0
0
0
0
0
0
1205
1271
0
1219
0
0
0
1140
0
0
2901
1248
0
823
0
0
1174
0
1212
0
1254
1227
2868
1104
0
0
0
0
2901
0
0
1260
0
1234
0
0
1237
1274
0
0
1111
1261
1166
0
1265
0
0
0
0
0
0
0
0
1218
0
0
0
0
0
0
0
0
0
0
0
0
1271
0
1291
0
0
0
867
0
0
242
0
1305
1313
807
1305
670
659
0
0
0
0
807
0
671
0
0
1291
0
0
1203
1362
0
3019
0
0
0
0
2856
1203
0
1130
1237
2912
0
0
0
0
0
0
1234
0
0
0
2979
0
0
3010
0
0
2880
0
3007
0
0
1260
0
0
2247
1293
1360
0
0
0
2890
0
1364
0
1364
0
1745
0
0
1809
1372
0
1372
1364
1950
1950
1386
1943
1943
0
1443
0
1426
1943
1950
0
1397
0
0
1386
1426
1395
1943
0
0
1406
0
0
0
1946
0
0
1406
0
0
0
0
0
0
0
0
0
0
0
0
0
0
0
1461
0
0
0
0
0
0
0
0
0
0
0
0
1943
1434
0
0
1931
0
0
0
0
0
0
0
0
0
0
1449
0
0
1631
1631
1448
0
0
0
0
0
0
0
1695
0
2803
0
0
1479
0
0
0
1897
1897
0
0
0
1809
0
0
0
0
0
1809
1733
0
1809
0
1681
0
2322
0
0
5850
0
0
0
0
5902
0
0
0
1702
0
0
0
0
0
0
0
0
0
0
1520
0
0
0
1520
1508
0
0
0
1511
0
0
0
0
1521
0
0
0
0
0
0
0
1563
0
0
1526
0
1540
0
1533
0
0
1549
0
0
0
0
0
0
0
0
0
0
0
0
0
0
0
0
1549
0
0
0
0
1511
0
1529
1511
0
2291
0
0
0
1540
0
0
0
1513
1704
1695
0
0
0
0
0
0
0
0
1492
0
0
0
1727
0
0
0
0
0
0
0
1563
0
0
0
0
1585
0
0
0
0
0
0
0
1719
0
0
0
0
2386
0
0
0
0
0
0
0
0
0
0
0
1638
0
0
1627
0
0
0
1636
0
0
0
0
0
0
1663
0
0
1610
1645
0
0
0
0
0
0
0
1645
0
0
0
0
0
0
0
1488
1667
0
0
0
0
0
0
0
1663
0
0
0
1479
0
0
0
0
1585
0
0
0
0
5853
0
0
0
1693
0
0
0
0
0
1527
0
0
0
0
0
0
0
1675
0
0
0
0
1734
0
0
0
1698
1731
1689
0
0
0
0
0
0
2284
0
0
0
0
0
1473
0
0
1733
0
0
0
1897
1734
2805
1734
0
0
0
0
0
0
0
1763
0
1745
0
1746
0
0
0
1758
0
0
0
1746
0
1763
0
0
1774
1774
1774
1372
1889
1372
0
1372
1809
1809
0
1745
2816
1809
2322
1774
0
1809
0
1774
1809
1774
0
0
1774
0
0
0
0
0
0
0
0
0
0
1801
0
0
0
0
0
0
0
0
0
0
0
0
0
0
0
0
0
0
0
1811
0
1855
0
1774
1838
1838
0
1813
0
0
1833
0
1841
0
1836
0
0
2185
0
0
1858
0
1836
0
0
1841
0
1833
0
0
1853
0
0
0
0
0
0
0
0
0
0
0
0
0
0
0
0
0
0
0
0
0
0
0
0
0
0
0
0
0
1897
0
1879
1891
1879
0
0
1889
0
0
0
0
0
0
0
1891
0
0
1878
0
0
0
0
0
0
0
0
0
0
0
0
0
0
0
0
0
0
0
0
0
0
0
0
0
0
0
0
0
0
0
0
0
0
0
0
0
0
0
0
0
0
0
0
0
1946
1934
0
1950
0
0
0
0
0
0
1973
0
0
0
0
0
0
0
0
0
0
0
0
0
2203
0
0
0
0
0
0
0
0
0
0
0
0
0
0
0
0
0
1962
0
0
0
0
0
0
0
1995
0
0
0
0
0
1990
0
0
0
0
0
0
0
0
0
0
0
0
0
0
0
0
0
0
0
0
0
0
0
0
0
0
0
0
0
0
0
0
0
2465
2926
0
0
0
0
0
0
0
2165
0
0
0
0
0
0
0
0
0
0
0
0
0
0
0
0
0
0
2147
0
2265
0
0
0
0
0
0
2049
0
0
2243
2464
0
0
0
0
0
0
0
0
0
0
0
0
0
0
0
0
0
2956
0
0
0
0
2213
0
0
2811
0
0
2833
0
0
0
0
0
0
0
0
0
0
0
0
0
0
0
0
0
0
0
0
2159
0
2123
2122
0
0
0
0
0
2926
0
0
2145
0
0
2963
0
0
0
0
0
0
0
0
0
0
0
0
0
0
0
2118
0
0
0
2145
0
2033
0
0
0
2951
0
2265
0
0
0
0
0
0
0
0
0
0
0
0
0
0
0
0
0
0
0
0
0
0
0
0
0
0
2060
0
0
0
0
0
0
2927
0
0
0
0
0
0
0
0
0
0
0
0
0
0
0
0
0
0
0
0
0
0
0
0
0
0
0
2268
0
0
0
0
1897
0
0
2073
0
2372
2073
0
0
0
0
0
0
2260
2826
2267
0
0
0
0
2245
0
0
2805
0
0
0
0
0
0
0
0
0
0
0
2285
0
2152
0
0
2285
0
2285
0
2286
2286
0
0
2286
0
0
0
0
0
0
2506
0
2146
0
0
0
0
0
0
0
0
0
0
0
0
0
0
0
0
0
2300
0
0
0
2816
0
0
0
2322
2322
0
2322
0
2322
2322
1809
2480
0
2322
1809
2333
0
0
0
0
0
0
0
0
0
0
0
0
0
0
0
0
0
0
0
2349
0
0
0
0
0
0
0
0
0
0
0
0
0
0
0
0
0
0
0
0
0
0
0
0
0
0
0
0
2364
0
2371
0
0
2405
0
0
0
0
0
0
2225
0
0
0
0
0
0
0
0
0
0
0
2378
0
0
0
2225
0
0
0
0
2404
0
0
0
0
0
0
0
0
0
0
0
0
0
0
0
0
2464
0
3016
0
0
0
0
2438
0
0
0
3018
0
0
0
0
0
0
0
2445
0
0
0
0
0
0
0
0
0
0
0
0
0
0
2460
0
0
0
0
2462
2528
2051
0
2807
2480
2484
2807
0
0
0
0
0
0
0
0
0
0
0
0
0
0
0
0
0
0
0
0
0
2050
2505
0
2499
0
0
0
2466
0
0
0
2488
0
0
0
2487
2560
0
2541
2524
2495
0
0
0
0
0
0
0
0
0
2077
0
2533
0
0
0
0
0
0
0
0
2525
0
0
0
2535
0
0
2091
2541
0
2559
0
0
2579
0
0
0
0
0
0
2554
0
0
0
2554
0
0
0
0
2563
0
0
0
0
2587
0
2642
2549
0
2580
0
0
0
2559
0
0
2556
0
2563
0
0
2603
0
0
0
0
0
0
0
2179
0
0
0
0
0
0
2580
2655
0
0
0
0
0
0
0
0
0
0
0
0
0
0
0
0
0
0
2224
0
0
0
0
2662
2608
0
2628
0
0
0
0
2640
0
0
0
0
0
0
0
2565
0
2636
0
0
0
0
2619
2621
2668
0
0
2192
0
0
0
0
0
0
0
0
0
0
0
0
2603
2609
0
0
0
2638
0
0
2638
2680
0
2682
0
0
0
2638
0
0
0
0
2625
0
0
2775
0
0
0
0
2696
0
2699
0
0
0
0
0
0
0
2709
0
0
0
0
0
0
2694
0
2711
0
0
0
0
2786
2697
0
0
0
0
2713
0
0
0
0
0
0
0
0
0
0
0
0
0
0
0
0
0
0
0
0
0
0
0
0
0
2738
0
0
0
0
0
0
0
0
0
0
2769
0
0
2776
0
0
0
2826
2776
0
0
0
2776
0
0
2790
0
0
0
0
2227
0
2227
2774
0
0
0
0
0
2485
0
0
0
0
2244
0
1457
0
0
0
0
0
0
0
0
0
0
0
0
2816
0
0
0
0
0
0
0
2776
2276
0
0
0
2844
0
0
0
0
0
0
0
0
0
3015
0
0
0
0
0
2912
0
0
0
2846
0
0
0
0
3019
0
0
0
0
3030
0
0
0
0
0
0
1137
1261
1187
2945
0
1269
0
0
2858
0
3000
0
0
0
0
0
0
0
0
0
2986
0
3008
0
0
0
0
0
0
0
0
0
0
2901
2905
0
0
0
0
0
2974
0
2997
0
0
0
0
0
0
0
2992
0
0
0
0
0
0
2979
0
0
0
0
0
0
0
0
2973
0
2963
0
0
2962
0
2925
2151
2986
0
0
0
0
0
0
0
0
0
2966
0
0
2996
0
0
2991
0
0
0
0
0
0
0
0
0
0
0
0
0
0
0
0
2969
0
0
0
0
0
0
0
0
0
0
2940
0
2085
0
0
0
2895
0
0
0
3034
0
0
0
0
2138
2890
0
0
2956
0
0
0
0
0
0
2941
0
0
2856
0
3016
0
0
0
0
0
0
0
0
2856
0
3018
0
0
0
0
0
0
0
0
0
0
0
0
3064
3064
3048
3048
3064
3056
3056
0
0
0
0
3048
0
0
3048
3064
3048
3048
0
3048
3048
3048
0
3056
3064
0
0
0
0
0
0
0
0
0
0
0
3076
0
0
0
0
0
0
0
0
0
0
0
0
0
0
3196
0
0
0
0
0
0
3188
0
0
0
0
0
0
0
0
0
0
0
3109
0
0
0
3107
0
0
0
0
0
0
0
0
0
0
0
3116
0
0
0
0
0
0
0
0
0
0
0
0
0
0
0
0
0
0
0
0
0
0
3143
0
3107
0
0
0
0
0
0
0
0
0
0
0
0
0
0
3155
0
0
0
0
0
0
0
0
3167
0
3168
0
0
0
0
0
0
0
0
0
0
0
0
0
0
0
0
0
0
0
0
0
3196
0
0
0
0
0
0
0
0
0
0
0
3208
0
0
0
0
0
3214
0
0
0
0
0
0
0
0
0
0
0
3233
0
0
0
0
0
0
0
0
0
0
0
3037
0
0
0
0
0
0
0
0
0
0
0
0
0
0
0
0
0
0
0
3266
0
0
0
0
0
0
0
0
0
0
0
0
0
0
0
0
0
0
0
0
0
3037
0
0
0
0
0
0
0
0
0
3282
0
0
0
0
0
0
0
0
0
0
0
0
0
0
0
0
0
0
0
0
0
0
0
0
0
0
0
0
0
0
0
0
0
0
0
0
3361
0
0
0
0
0
0
0
0
0
0
0
0
0
0
0
0
0
0
0
3390
3386
0
3350
0
3462
0
0
0
0
0
0
0
0
0
0
0
0
0
3362
0
0
0
0
0
0
0
3331
0
0
0
0
0
3373
0
0
0
0
0
0
0
0
0
0
3387
0
0
0
0
0
0
0
0
0
0
0
0
0
0
3414
0
0
0
0
0
3414
0
0
0
0
0
3422
0
0
0
0
0
0
0
0
3418
0
0
0
0
0
0
0
0
0
0
0
0
0
0
0
0
0
0
0
0
0
3323
0
0
0
0
0
0
0
0
0
3458
0
0
0
0
0
0
0
0
0
0
3475
0
0
3900
0
0
0
0
0
0
0
0
0
0
0
0
0
0
0
0
0
0
0
0
0
0
0
0
0
0
0
0
3881
0
0
0
0
0
0
3697
0
0
0
3697
0
0
0
3912
0
3710
0
0
3883
3883
0
3721
0
0
0
0
3710
3710
3900
0
0
3528
0
0
0
0
3764
0
0
0
0
0
3489
0
0
0
3580
0
0
0
0
0
0
3692
3573
0
3528
3569
0
0
0
0
3552
0
0
0
0
3580
0
0
3580
0
3582
0
0
0
0
0
0
0
0
0
0
3589
0
0
0
0
0
0
0
0
0
0
0
0
0
0
0
0
3573
0
0
0
0
0
0
0
0
0
0
0
0
3688
0
0
0
0
0
0
0
0
0
0
0
0
0
0
0
0
0
0
0
0
0
0
0
0
0
0
0
0
0
0
0
0
0
0
0
0
3692
0
0
3582
0
0
0
0
0
0
0
0
0
0
0
0
0
0
0
0
0
0
0
0
0
0
0
3582
0
0
3502
3665
3688
0
3688
0
0
0
3580
3688
3688
3502
0
0
0
3720
0
3580
3688
0
0
3688
0
0
0
0
0
3665
0
0
0
0
0
0
0
0
0
0
0
0
3748
0
3748
3748
0
0
0
3748
3502
0
3649
3748
3740
4358
4354
0
0
3502
0
4358
0
3502
7196
0
3740
6667
0
0
0
0
0
0
0
0
0
0
0
3759
0
0
0
0
0
0
0
0
0
0
0
0
0
0
0
3794
3799
0
0
0
0
0
0
0
3784
0
0
0
3776
3812
0
0
0
0
3801
3782
0
0
0
0
0
0
3870
0
0
0
0
3804
0
0
0
0
0
0
0
0
3807
0
3824
0
4494
0
0
3782
0
0
3852
0
0
0
0
3831
0
0
0
0
0
0
0
0
0
0
3843
0
0
3796
0
0
0
0
0
0
0
0
0
0
0
0
0
0
0
0
0
0
3879
0
3870
0
0
0
0
3891
0
3868
0
0
0
3870
0
0
0
3906
0
0
3868
0
0
3895
0
0
3904
0
0
3530
3530
0
0
0
0
0
0
0
0
0
0
0
0
3899
3900
0
0
3904
0
0
0
4553
0
0
4469
0
0
4553
4485
0
4553
3934
0
0
0
0
0
0
0
0
0
0
0
0
0
0
4485
0
3960
4069
0
0
0
0
0
0
0
0
0
0
0
3923
0
0
0
0
3991
0
6388
0
3997
0
0
0
0
0
0
0
0
0
0
0
3970
0
0
0
6077
0
0
4069
4137
0
0
0
0
0
0
0
0
0
0
4533
4530
0
0
0
0
0
0
0
0
0
0
0
0
0
0
0
0
0
0
0
0
0
0
0
0
0
0
0
0
0
0
0
0
0
0
4314
0
0
0
0
0
0
0
3988
0
0
0
0
0
0
0
0
0
0
0
0
0
0
0
0
0
0
0
0
0
0
4060
0
0
0
0
0
0
0
0
0
0
0
0
0
3960
0
0
0
4069
4088
0
0
0
0
0
0
4110
0
0
0
0
0
0
0
4185
0
0
4108
0
0
0
0
0
0
0
0
0
0
0
0
0
0
0
0
0
0
0
0
0
3977
0
4111
0
0
0
4007
0
0
0
0
0
0
0
0
0
0
0
0
0
0
0
0
0
4150
4004
0
0
0
0
4173
0
4143
4170
0
4150
0
4165
5989
4150
0
0
4146
0
0
0
0
0
4165
0
4523
4164
0
4143
4199
0
4197
0
4525
0
0
0
4189
0
3774
0
4167
0
0
0
0
0
0
0
4024
0
0
0
0
0
0
0
0
0
0
0
0
4146
4533
0
0
4576
3692
0
0
0
0
0
0
0
0
0
0
0
4517
0
0
0
0
0
4505
0
0
0
0
0
4529
0
0
0
0
0
0
0
0
0
4529
0
0
0
0
0
0
0
0
0
0
0
0
0
0
0
0
0
0
0
0
0
0
0
0
0
0
0
0
0
0
0
0
0
0
0
0
0
0
0
0
0
0
0
0
0
0
0
4571
0
0
0
0
0
0
0
0
0
0
0
0
0
0
0
0
4317
0
0
0
0
0
0
0
0
0
0
0
0
0
0
0
0
0
0
0
0
0
0
0
0
4338
0
0
0
0
0
0
0
0
0
0
0
0
8438
0
4358
0
0
0
0
4358
0
0
0
0
0
0
0
0
0
6098
6098
0
0
0
0
0
0
0
0
4388
0
0
0
0
4393
0
0
0
4393
0
0
4417
0
0
0
4419
0
0
0
0
0
0
0
4432
0
4400
0
4420
0
0
0
0
4169
0
0
0
0
4416
0
0
0
0
4377
0
0
0
0
4432
0
0
0
0
0
0
0
0
4245
0
0
0
0
0
0
0
0
0
0
0
0
0
0
0
0
0
0
0
0
0
0
4461
0
0
4476
0
4476
0
0
0
0
0
4543
0
0
0
5718
0
0
4459
0
0
0
0
0
0
0
0
0
0
0
0
0
4552
0
0
0
0
0
0
5994
4539
0
4553
0
0
0
4494
0
0
0
0
0
0
0
0
0
0
0
4553
0
0
4523
0
0
0
0
4524
0
0
0
0
0
4530
0
4533
4531
0
4530
0
0
0
3934
4553
0
0
4540
4540
4470
4468
0
3934
4540
0
0
4549
4560
0
0
4469
0
0
0
4559
0
0
0
4570
0
0
4574
0
0
0
0
0
0
0
0
0
0
4570
0
0
0
0
0
0
4588
0
0
5508
0
0
0
0
0
0
0
0
0
0
0
0
0
0
0
0
0
0
0
0
0
0
5471
0
0
0
0
0
0
0
0
4679
0
4863
4863
4722
0
0
0
0
0
0
0
0
0
0
0
0
0
0
0
0
0
0
0
0
0
0
0
0
0
0
0
0
0
0
0
0
0
0
4713
0
0
0
0
0
0
0
0
0
0
0
0
0
0
0
0
4619
0
0
0
0
0
0
0
0
0
0
0
0
0
0
0
0
4713
0
0
0
0
0
4630
0
0
0
0
0
4825
0
0
4692
0
0
0
0
0
4717
0
0
0
4713
0
0
0
4718
0
0
0
0
0
0
4727
0
4827
4827
0
4717
0
0
0
0
0
0
0
0
0
0
0
0
0
0
0
0
0
0
0
0
0
0
0
0
0
0
0
0
0
0
0
0
0
0
0
0
0
0
0
0
0
0
0
0
0
0
0
0
0
0
0
0
0
0
0
0
0
0
0
0
0
0
0
0
0
0
0
0
0
0
0
0
0
0
0
0
0
0
0
0
0
0
0
4718
0
0
0
0
0
0
0
0
4826
4727
0
0
4843
0
0
0
0
0
4855
0
0
0
0
0
0
0
0
0
0
4826
4826
0
4832
0
0
0
0
0
0
0
0
0
0
0
0
5489
0
0
0
0
0
0
0
0
0
4879
0
0
0
0
0
0
0
0
0
0
0
0
0
0
0
0
0
0
0
4912
0
4911
0
4906
0
0
0
0
4910
0
0
4907
0
0
0
0
4909
0
0
0
0
0
0
4932
0
0
0
0
0
0
4993
0
0
0
0
0
0
0
0
0
0
0
0
0
0
0
0
0
0
0
0
0
0
4968
0
0
0
0
0
0
0
0
0
0
0
0
0
0
5503
0
0
0
0
0
0
0
0
0
0
0
0
4937
0
4935
4960
0
0
0
0
4930
0
0
0
0
0
0
0
0
0
0
0
0
0
0
0
0
0
0
0
0
0
0
0
0
0
0
0
0
0
0
0
0
0
0
0
0
0
0
0
0
0
0
0
0
0
5025
0
0
0
0
0
0
0
0
0
0
0
0
0
0
0
0
0
5047
0
0
0
0
0
0
0
0
0
5047
5056
0
0
5066
0
0
5059
5062
0
5079
0
0
0
0
5123
0
5079
0
0
0
0
0
0
0
0
0
0
0
0
0
0
0
0
0
0
5104
0
0
0
0
0
5097
0
0
0
0
0
5072
5114
0
0
0
0
0
0
0
0
0
0
0
0
0
0
0
0
0
0
0
5509
0
0
0
0
0
0
0
0
0
5037
0
0
0
0
0
0
0
0
0
0
0
0
0
0
0
0
0
0
0
0
0
0
0
0
0
0
0
0
0
0
0
0
0
0
0
0
5177
0
0
5186
5183
5228
0
0
0
0
0
0
0
0
0
5186
0
0
5198
0
0
0
0
0
0
0
0
0
5203
0
0
5203
5203
0
5213
5203
5213
0
0
0
0
0
5229
0
0
0
0
5232
5232
0
0
5226
0
0
0
5226
0
5237
0
0
0
0
5229
0
0
0
5186
0
0
5271
0
5234
5232
0
5267
0
0
0
0
0
0
0
0
0
0
5268
5259
0
0
0
0
0
0
0
0
0
0
0
0
0
0
0
0
0
0
0
5290
0
0
0
0
5295
0
0
0
0
0
5445
0
0
0
0
0
0
0
0
0
0
0
0
0
0
0
0
0
0
0
0
0
5291
0
0
5317
0
0
0
0
0
0
0
0
0
0
0
0
0
0
0
0
0
0
0
0
0
0
0
0
0
0
0
0
0
0
0
0
0
0
0
0
0
0
0
0
0
5366
0
0
0
0
0
0
0
0
0
0
0
0
0
0
0
0
0
0
5249
0
0
0
0
0
5346
0
0
0
0
0
0
0
0
0
0
0
0
0
0
0
0
0
0
0
0
0
5405
0
0
0
5404
5406
0
0
0
0
0
0
0
5436
0
0
0
0
0
0
0
0
0
0
0
0
0
5427
0
0
5439
0
0
5438
0
0
0
0
0
0
0
0
0
5462
0
0
5438
0
0
0
0
0
0
5455
5462
0
5462
0
0
0
5469
0
0
0
0
0
0
0
0
0
0
0
0
0
0
0
0
0
0
0
0
0
0
5197
0
0
0
0
0
0
0
0
0
0
0
0
0
5512
0
0
0
0
0
5521
0
0
0
0
0
0
5525
0
0
0
0
5525
5512
0
0
0
0
0
0
0
6009
6452
6452
5801
0
6452
0
0
0
0
0
6433
0
0
5798
0
0
6436
0
5585
0
0
5579
0
5552
5574
0
5551
5595
5572
6427
5587
5574
0
0
5552
5570
5578
5572
0
0
0
5554
0
5552
5564
6255
0
0
0
5554
0
5888
5579
0
0
0
5183
0
0
0
0
0
0
0
0
5586
0
0
0
0
0
5554
0
0
5586
5608
0
0
0
5590
0
0
0
0
5591
5591
5586
0
0
0
0
0
0
0
0
0
5586
0
0
5602
0
0
0
0
0
5650
0
0
0
0
0
0
4504
5600
0
0
0
5888
0
0
5888
5995
0
0
0
5658
0
0
0
0
0
0
5675
0
5900
0
0
5801
5677
0
0
0
5683
0
0
0
5646
5713
5676
0
0
0
0
0
0
0
0
0
5677
0
5683
0
0
0
0
0
0
0
0
0
0
0
0
0
0
0
0
0
0
0
0
0
5761
0
5761
0
0
0
0
0
0
0
0
0
0
5828
0
0
0
0
0
0
5720
5731
5728
0
0
0
0
0
0
0
0
0
0
0
0
4265
0
5741
0
0
0
0
0
0
0
5821
0
0
0
0
0
0
0
0
0
0
0
0
0
0
0
0
0
0
0
0
0
0
0
0
0
0
0
0
0
0
0
0
5823
0
0
0
0
0
0
0
0
0
5867
6427
0
0
0
0
0
0
0
0
5676
0
0
0
0
0
0
0
5698
0
5789
0
0
5851
5867
5789
0
0
0
0
0
5778
0
0
0
0
0
0
0
0
0
0
0
0
0
0
5708
1594
0
0
0
0
5851
0
0
0
0
0
5855
0
0
0
0
0
0
0
0
0
0
0
0
5888
0
0
5888
0
0
0
5900
0
1543
5888
5885
0
0
5892
0
1581
0
0
0
0
0
0
5900
6142
0
0
0
0
0
5919
5900
0
0
0
1529
0
0
1529
0
5855
5912
0
0
6160
6160
0
6160
0
0
0
0
5901
0
6253
1505
0
0
5659
0
5952
5937
0
0
0
0
5614
1505
0
0
5627
6158
0
0
5946
0
0
0
5952
0
0
0
0
0
0
0
0
0
5591
1505
0
0
0
0
0
5960
0
0
0
0
0
0
0
5956
0
0
0
0
5946
6169
0
6370
0
5612
0
0
0
5991
0
0
0
0
0
5895
0
0
0
0
0
5995
0
0
0
0
6019
6023
0
0
6018
0
6037
0
6140
0
0
0
0
0
6009
0
0
0
0
0
0
6192
0
0
0
0
0
0
0
0
0
0
0
6127
0
0
0
0
6189
0
0
0
0
0
0
0
0
0
0
6064
6030
0
0
0
0
0
4383
0
0
0
6159
0
0
0
0
0
0
0
0
0
0
0
0
0
0
0
0
0
0
0
0
0
6098
0
0
0
0
0
3956
0
0
0
0
0
0
0
0
0
0
0
0
0
0
0
0
6012
0
0
0
5627
6169
5893
0
6158
0
6169
0
0
5808
6029
0
0
0
0
0
0
0
0
0
0
0
0
0
0
0
0
0
0
0
6420
0
0
5627
0
0
0
0
0
6158
6121
0
0
0
0
6158
0
6169
6180
6380
5622
6180
0
0
6158
6121
0
0
0
0
0
5901
0
0
0
6189
0
6158
0
6208
0
0
6345
0
0
0
0
0
7502
6218
0
6158
0
6359
5622
6189
0
0
0
6179
0
0
0
6212
0
5622
0
0
0
0
0
0
0
0
0
0
0
0
0
0
0
0
0
0
0
0
0
0
0
0
0
0
6354
0
0
0
0
5901
0
0
0
0
6442
0
0
6224
0
0
0
0
0
6321
6198
0
6250
6319
0
6301
0
0
5543
0
0
0
0
0
0
0
6270
0
6187
0
6281
6293
0
0
6305
0
6198
6277
6275
0
0
6309
0
6292
0
0
0
6305
6312
6310
6319
6309
0
0
0
6305
0
0
6305
0
0
0
0
6319
0
6319
6319
6307
6321
6319
0
0
0
0
6427
6339
6330
6224
0
0
0
0
0
6330
0
6345
0
0
0
0
0
0
0
0
0
0
0
0
0
0
0
0
0
0
0
0
0
0
0
0
0
0
0
0
0
0
6158
5919
5622
6158
6158
0
0
5892
0
6121
5987
3991
0
0
0
0
0
0
0
0
0
0
0
0
0
0
0
0
0
0
0
0
0
0
6390
6085
0
0
0
0
0
0
0
0
0
0
0
0
0
0
6436
6418
0
0
0
5901
0
6447
6418
5901
6449
0
5544
0
6253
6420
0
0
6447
0
6449
5551
0
6441
6253
6446
0
0
0
0
6420
5544
0
0
0
0
6430
6430
0
5549
5528
5528
0
0
5529
0
6474
0
6469
0
6486
6469
6486
6499
6469
0
6499
6469
6899
0
0
6898
6504
6469
6486
6849
6484
6898
3625
6504
0
0
0
6522
0
6504
6898
6523
0
0
0
0
0
6496
6899
0
6499
6502
0
0
0
0
6488
0
0
6499
6899
0
0
0
6496
6532
6542
0
6522
0
0
0
0
0
0
6829
0
6849
0
0
0
0
0
0
0
0
6493
0
6499
0
0
0
0
0
0
0
0
0
0
0
0
0
0
0
0
0
0
0
0
0
0
0
0
0
0
0
0
0
0
0
0
0
0
0
0
0
0
6582
0
6621
0
0
0
0
0
3692
0
0
0
0
0
0
0
0
0
6607
0
0
0
0
0
0
0
0
0
0
0
0
0
0
0
0
0
0
0
0
0
0
0
0
0
0
0
0
0
0
6639
0
0
0
0
0
6634
0
0
0
5900
0
6646
0
0
0
0
0
0
0
0
0
0
0
0
6649
0
3698
0
6660
0
0
6667
0
0
7221
0
0
0
6667
6668
0
0
0
0
0
6377
0
0
0
0
0
0
0
0
0
0
0
0
0
0
0
0
0
0
6719
0
0
0
0
0
0
0
0
6706
0
0
0
0
0
0
0
0
0
0
6703
0
6708
6708
0
6725
0
0
0
0
0
0
0
0
0
0
6708
0
6704
0
0
6730
6730
0
0
0
0
0
0
0
0
0
0
0
0
0
0
0
0
0
0
0
3512
6822
0
0
0
0
0
0
0
0
0
0
0
0
0
0
0
0
0
0
0
0
0
0
0
0
0
0
0
0
0
0
0
0
0
0
0
0
0
0
0
0
0
0
0
0
0
0
0
0
0
0
0
0
0
0
0
0
0
6824
0
0
0
0
6818
0
0
0
0
0
0
0
0
0
0
0
0
0
0
0
0
0
0
0
0
6836
0
0
0
0
6846
0
6846
0
6846
0
0
6499
0
0
6866
0
0
0
0
0
0
0
0
0
0
6955
0
0
6873
0
6920
0
0
6866
0
0
0
0
0
0
0
0
0
0
0
6907
0
0
6894
0
0
0
0
6875
0
0
0
6898
6899
0
0
6898
6484
0
6920
6920
0
0
0
0
0
6469
6469
6927
0
0
0
6920
0
0
0
0
0
6484
6469
0
0
0
0
0
0
0
0
0
6891
0
0
0
0
0
0
0
0
0
0
0
0
0
0
0
0
6940
0
0
0
0
0
0
0
0
0
0
0
0
0
0
0
0
0
0
0
6973
0
0
0
0
0
0
0
0
0
0
0
0
0
0
0
0
0
0
0
0
0
0
0
0
0
0
0
0
7180
0
0
0
0
0
0
0
0
0
0
0
0
0
0
0
0
0
0
0
0
0
0
0
0
0
0
0
0
0
0
7013
0
0
0
0
0
0
0
7042
0
0
0
0
0
0
0
0
0
0
0
0
0
0
0
0
0
0
0
0
0
0
0
0
0
0
0
0
0
0
0
0
0
0
0
0
0
0
0
0
0
0
7137
0
0
0
0
0
0
0
0
0
0
7085
0
0
0
0
0
0
0
0
0
0
0
0
0
0
0
0
0
0
0
0
0
0
0
0
0
0
0
0
0
0
0
0
0
0
0
0
0
0
0
0
0
0
0
0
0
0
0
0
0
0
0
0
0
0
0
0
0
0
0
0
0
7164
0
7121
0
0
0
0
0
0
0
0
0
0
0
0
0
0
0
0
0
0
0
0
0
0
0
0
0
7184
0
0
0
0
0
0
0
0
0
0
0
0
0
0
0
0
0
0
0
0
0
0
0
0
0
7214
7224
0
7091
0
0
0
0
0
0
0
0
0
0
0
0
0
7213
0
0
0
0
0
0
0
0
0
0
0
0
0
0
0
0
0
0
0
0
0
0
0
0
0
0
0
0
0
0
0
0
0
0
0
0
0
0
0
0
0
0
0
0
0
0
0
0
0
0
0
0
0
0
0
7280
0
0
0
0
0
0
0
0
7293
0
0
0
0
0
0
0
0
0
0
0
0
0
0
0
0
0
0
7308
0
0
0
0
0
0
0
0
0
0
0
0
0
0
0
0
0
0
0
0
0
0
7505
0
0
0
0
0
0
0
0
0
0
0
0
0
0
0
0
0
0
0
0
0
0
0
0
0
0
0
0
0
0
7345
0
0
0
0
0
0
0
0
0
0
0
0
0
0
0
0
0
0
0
0
0
0
0
0
0
0
0
0
0
0
0
0
0
0
0
0
0
0
0
0
0
0
0
0
0
0
0
0
0
0
0
0
0
0
0
0
0
0
0
0
0
0
0
0
0
0
0
0
0
0
0
0
0
0
0
0
0
0
0
0
0
0
0
0
0
0
0
0
0
0
0
0
0
0
0
0
0
0
0
7597
0
0
7668
7664
0
7653
0
0
0
0
0
0
7423
0
0
7664
0
0
0
0
7485
0
0
0
0
0
0
0
0
0
0
0
7296
0
0
0
0
0
0
7502
0
0
7275
7515
0
0
0
0
0
0
7521
0
0
6355
7652
0
0
0
0
7525
0
0
0
0
0
0
0
0
0
0
0
0
0
0
0
0
0
0
0
0
0
0
0
0
0
0
0
0
0
0
0
0
0
0
0
0
0
0
0
0
0
0
0
0
0
0
0
0
0
0
0
0
0
0
0
0
0
0
0
0
0
0
0
0
7549
0
0
0
7597
7502
7589
0
7653
0
7595
0
0
0
0
0
0
0
7587
0
0
0
0
0
0
0
7282
0
0
0
0
0
0
0
0
0
0
0
0
0
0
0
0
0
0
0
0
7657
0
0
0
0
7653
7655
0
0
7656
0
0
0
0
7605
0
0
0
0
7650
0
0
0
0
0
7473
0
7464
0
0
0
7464
7663
0
0
0
0
0
0
0
0
0
0
0
0
0
0
0
0
0
0
0
0
0
0
0
0
0
0
0
0
0
0
0
0
0
0
0
0
0
0
0
0
0
0
0
0
0
0
0
0
0
0
0
0
0
0
0
0
0
0
0
0
0
0
0
0
0
0
0
0
0
0
0
0
0
0
0
0
0
0
0
0
0
0
0
0
0
0
0
7754
0
0
0
0
0
0
0
0
0
0
0
0
0
0
0
0
0
0
0
7778
0
0
0
0
0
0
7789
7770
0
0
0
0
0
0
0
0
0
0
0
0
0
0
0
0
0
0
0
0
0
0
7819
0
0
0
0
0
0
0
0
0
0
7880
0
0
0
0
0
0
0
0
0
0
0
0
0
0
0
0
0
0
0
0
0
0
0
0
0
0
0
7798
0
0
0
0
0
0
0
0
0
0
0
0
0
0
0
0
0
0
0
0
0
0
0
0
0
0
0
0
0
0
0
7870
0
0
0
0
0
0
0
0
0
0
0
0
0
0
0
0
0
0
0
0
0
0
0
0
0
0
0
0
0
0
0
0
0
0
0
0
0
0
0
0
0
0
0
0
0
0
0
0
0
0
0
0
0
0
0
0
0
0
0
0
0
0
0
0
7872
0
0
0
0
0
0
0
0
7950
0
0
0
0
0
0
0
0
0
0
0
0
0
0
0
0
0
0
0
0
0
0
0
7972
0
0
0
0
0
0
0
0
0
0
0
0
0
0
0
0
0
0
0
0
0
0
0
0
0
0
0
0
0
0
0
0
0
0
0
0
0
0
0
0
0
0
0
0
0
0
0
0
0
0
0
0
0
0
0
0
0
0
0
0
0
0
0
0
0
0
0
0
0
0
0
0
0
0
0
0
0
0
0
8096
8105
0
0
0
0
0
0
0
0
8066
0
0
0
8058
0
0
0
0
8078
0
0
0
0
0
8085
0
0
0
0
0
0
0
0
0
0
0
0
0
0
0
0
0
0
0
8090
0
0
0
0
0
0
0
0
0
0
0
0
0
0
0
0
0
8099
0
0
0
0
0
0
0
0
0
0
0
0
0
0
0
0
0
0
8119
0
0
0
0
0
0
0
8360
8155
0
0
8192
0
0
0
0
0
0
0
0
0
0
0
0
0
0
0
0
0
0
0
0
0
0
0
0
0
0
0
0
0
0
0
0
0
0
0
0
0
0
8174
8164
0
0
0
0
0
0
0
0
8162
0
0
0
0
8174
0
0
0
0
0
0
0
0
0
0
0
0
8321
0
0
0
0
0
0
0
0
0
0
4345
8226
0
0
0
8231
0
0
0
0
0
0
0
0
0
0
0
0
0
0
0
0
0
0
0
0
0
0
0
0
0
0
0
0
0
0
0
0
0
0
0
0
0
0
0
0
0
8283
0
8063
0
0
0
0
0
0
0
0
8078
0
0
0
0
0
0
0
0
0
0
0
8208
0
0
0
0
0
0
0
0
0
0
0
0
0
0
0
0
0
0
0
0
0
0
0
0
0
0
0
0
0
0
0
0
0
0
0
0
0
0
0
0
0
0
0
0
0
0
0
0
0
0
0
0
0
0
0
0
0
0
0
0
0
0
0
0
0
0
0
0
0
0
0
0
0
0
0
0
0
0
0
0
0
0
0
0
0
0
0
0
0
7140
0
0
8389
0
0
0
0
0
8406
0
0
0
0
0
0
0
0
0
0
0
0
8483
0
0
0
0
0
0
0
0
0
8446
0
0
0
7213
8438
0
7213
7213
0
0
0
0
0
0
8437
0
0
0
0
0
8417
0
8417
8429
0
0
0
0
0
3748
0
0
0
0
0
8452
0
0
0
0
0
0
0
0
0
0
0
0
0
0
0
0
0
0
0
0
0
0
8469
0
0
0
0
0
0
0
0
0
0
0
0
0
0
0
0
0
0
0
0
0
0
0
0
0
0
0
0
0
0
0
0
0
0
0
0
0
0
0
0
0
0
0
0
0
0
0
0
0
0
0
0
0
0
0
8510
0
0
0
0
0
0
0
0
8401
0
0
0
0
0
0
0
0
0
0
0
0
0
0
0
0
0
0
0
0
0
0
0
0
0
0
0
0
0
0
0
0
0
0
0
0
0
0
0
0
0
0
0
8511
0
0
0
0
0
0
0
0
0
0
0
0
0
0
0
0
0
0
0
0
0
0
0
0
0
0
0
0
0
0
0
0
0
0
0
0
0
0
0
0
0
0
0
0
0
0
0
0
0
0
0
0
0
0
8674
0
0
0
0
0
0
0
0
0
0
0
0
0
0
0
0
0
0
0
0
0
0
0
0
0
0
0
8669
0
0
0
0
0
0
0
0
0
0
0
0
0
0
0
0
0
0
0
0
0
0
0
0
0
0
0
0
0
0
0
0
0
0
0
0
0
0
0
0
0
0
0
0
0
0
0
0
0
0
0
0
0
0
0
0
0
0
0
0
0
0
0
0
0
0
0
0
0
0
0
0
8748
0
0
0
0
0
0
0
0
0
0
0
0
0
0
0
0
0
0
8766
0
0
0
0
0
0
0
0
0
0
0
0
0
0
0
0
0
0
0
0
0
0
0
0
0
0
0
0
0
0
0
0
0
0
0
0
0
0
0
0
0
9081
0
0
0
0
0
0
0
0
0
0
0
0
0
0
0
0
0
0
0
0
0
0
0
0
0
0
0
0
0
0
0
0
0
0
0
0
0
0
0
0
0
0
0
0
0
0
0
0
0
0
0
0
0
0
0
0
0
0
0
0
0
0
0
0
0
0
0
0
0
0
0
0
0
0
0
0
0
0
0
0
0
0
0
0
0
0
0
0
0
0
0
0
8948
0
9159
0
0
0
0
0
0
0
0
0
0
0
0
0
0
0
0
9149
0
0
0
0
0
0
0
0
0
8435
0
0
0
0
0
0
0
0
0
0
0
0
0
0
0
0
0
0
0
0
0
0
0
0
0
0
0
0
0
0
0
0
0
0
0
0
0
0
0
0
0
0
0
0
0
0
0
0
0
0
0
0
0
0
0
0
0
0
0
0
0
0
0
0
0
0
0
0
0
0
0
0
0
0
0
0
0
9055
0
0
0
0
0
0
0
0
0
0
0
0
0
0
0
0
0
0
0
0
0
0
0
0
9021
9031
0
0
0
0
0
0
0
0
0
9018
0
0
0
0
0
0
0
0
0
0
0
0
0
0
0
0
0
0
0
0
0
0
0
0
0
0
0
0
0
0
0
0
0
0
0
0
0
0
0
0
0
0
0
0
0
0
0
0
0
0
0
9097
0
0
0
0
0
0
0
0
0
0
0
0
0
0
0
0
0
9108
0
0
0
0
0
0
0
0
0
0
0
0
0
0
0
0
0
0
0
0
0
0
0
0
0
0
0
0
0
0
0
0
0
0
0
0
0
9159
0
0
0
0
0
0
0
0
0
0
0
0
0
0
0
0
0
0
0
0
0
0
0
0
0
0
0
0
0
0
0
0
0
0
0
0
0
0
0
0
0
0
0
0
0
0
0
0
0
0
9219
0
0
0
0
0
0
0
0
0
0
0
0
9214
0
0
0
3174
0
9219
0
0
0
0
0
0
0
0
0
9219
0
0
0
0
0
0
0
0
0
0
0
0
0
0
0
0
0
0
0
0
0
0
0
0
0
0
0
0
0
0
0
0
0
0
0
0
0
0
0
0
0
0
0
0
0
0
0
0
0
0
0
0
9285
0
0
0
0
0
0
0
0
0
0
0
0
0
0
0
0
0
0
0
0
0
0
0
0
0
0
0
0
0
0
0
0
0
0
0
0
0
0
0
0
0
0
0
0
0
0
0
0
0
0
0
0
0
0
0
0
0
0
0
0
0
0
0
0
0
0
0
0
0
0
0
0
0
0
0
0
0
0
0
0
0
0
0
0
0
0
0
0
9369
0
0
0
0
0
0
0
0
0
0
0
0
0
0
0
0
0
0
0
0
0
0
0
0
0
0
0
0
0
0
0
0
0
0
0
0
0
0
0
0
0
0
0
0
0
0
0
0
0
9417
0
0
0
