0
0
0
0
0
0
0
0
0
7
24
0
43
20
0
35
0
0
35
0
0
60
0
0
0
0
0
0
0
0
0
0
0
74
0
0
0
43
39
0
51
0
0
0
43
0
0
0
71
7
0
0
0
3415
0
4
3484
0
35
0
0
35
74
0
0
0
0
0
0
0
0
0
0
70
0
0
0
0
0
0
0
0
0
0
0
0
0
0
0
0
0
0
0
0
0
0
0
0
0
0
0
0
0
0
0
0
0
0
0
0
0
0
0
0
0
0
0
0
0
0
0
0
0
0
0
0
133
271
0
3634
0
0
0
0
0
0
219
0
3714
0
0
0
196
196
0
0
160
0
0
0
0
0
193
0
3599
243
0
0
0
0
0
0
0
0
0
186
0
0
0
0
234
0
185
0
0
0
0
0
0
0
0
0
185
0
0
0
0
134
0
0
214
0
264
0
0
0
0
0
194
263
0
220
0
209
273
0
259
0
0
0
0
0
0
0
0
276
0
0
0
0
0
0
0
0
0
0
0
0
0
0
0
0
0
0
0
0
0
186
245
0
0
0
0
0
0
0
0
0
0
0
0
0
0
0
0
0
0
0
0
0
0
0
0
0
0
0
0
0
193
0
0
0
0
0
0
0
0
271
0
0
3684
0
0
0
0
0
2169
2169
2169
2214
0
2194
646
646
1024
645
0
640
2194
645
646
640
645
645
640
2194
640
1024
2200
2116
544
2126
2126
544
544
544
541
544
544
541
544
544
544
544
544
571
544
756
544
607
544
544
629
544
544
2126
2126
2126
2126
571
2126
602
541
571
571
541
541
541
916
629
541
541
2126
629
976
544
602
607
571
629
602
602
756
602
629
571
607
602
728
629
541
756
756
602
801
713
713
607
756
713
978
607
756
713
916
629
630
916
916
713
713
544
646
645
646
544
544
544
640
646
640
640
645
646
645
645
725
725
544
713
967
725
713
713
725
713
713
607
640
713
713
725
725
725
952
904
725
728
1143
756
732
728
734
629
801
862
756
757
756
757
978
756
602
865
879
629
904
879
607
865
756
801
607
904
725
630
916
630
952
952
952
967
916
952
916
607
916
952
646
646
1024
1024
630
1036
725
646
630
630
646
952
1049
1024
1123
630
1735
725
1080
646
544
544
544
544
645
645
645
2183
646
646
1024
640
725
640
645
2194
645
646
2183
0
0
0
0
0
177
0
0
0
0
0
507
0
0
0
0
978
2116
544
544
2126
2126
541
629
544
544
544
2126
541
541
544
544
541
544
0
544
544
0
544
544
544
571
541
756
544
544
607
544
2116
544
544
2116
629
544
2116
544
2126
2126
2126
2126
0
2116
544
544
0
2126
602
541
571
820
571
541
541
541
916
629
1060
629
541
541
2126
862
571
629
757
976
2116
544
602
602
607
571
2126
629
602
0
756
602
629
571
0
602
728
629
602
541
756
756
2126
602
756
801
713
713
607
756
713
978
607
756
713
916
0
0
629
916
916
713
713
645
645
645
646
0
645
645
544
2183
0
0
645
645
646
645
640
646
544
544
645
725
725
544
640
544
646
2194
544
630
645
725
646
640
725
978
646
630
645
640
645
713
630
640
725
725
713
646
725
725
645
725
645
713
640
713
725
725
713
725
544
713
725
967
725
713
713
713
725
713
713
916
725
607
640
713
725
725
0
725
725
978
725
725
888
967
952
820
904
757
0
820
725
0
713
1143
756
0
728
0
1130
757
734
1036
734
1130
825
734
888
764
820
629
567
732
801
764
862
801
602
756
757
0
0
978
756
888
764
602
602
0
865
879
851
629
756
602
904
879
851
862
862
607
630
865
879
907
2108
851
801
865
801
904
1198
756
756
756
801
879
976
607
904
607
801
801
904
607
0
904
904
904
725
904
725
756
630
725
820
820
862
607
916
907
820
862
825
0
756
1060
916
820
0
764
837
1031
862
1142
820
630
1130
825
907
879
0
820
1412
837
567
837
764
851
734
978
879
879
879
1236
0
907
904
801
851
801
907
801
851
879
879
0
907
907
0
916
879
1198
764
862
888
602
879
879
879
879
862
1236
0
888
978
907
879
1200
1198
888
1200
0
907
893
916
879
0
916
916
904
888
893
952
952
904
893
879
0
629
952
0
967
904
1328
888
602
916
916
952
0
630
607
607
967
952
916
904
952
904
952
904
967
916
952
904
952
1357
967
607
893
967
952
629
967
952
952
713
916
965
645
976
629
630
967
904
0
976
713
904
967
967
978
967
967
976
967
965
916
0
967
0
978
967
1365
967
976
976
1328
952
0
1328
0
1328
967
1343
1328
976
904
1365
1343
952
978
1328
965
967
978
965
952
965
952
976
1328
976
965
965
965
732
2200
952
967
646
1024
646
1365
2200
0
646
1103
1024
2200
976
646
2200
1024
1024
1024
1024
0
2169
1092
1024
1024
630
2181
0
0
1049
1365
2200
0
2200
1031
725
1049
0
646
630
630
1024
646
1103
2200
0
965
0
952
1049
1024
1049
1049
1123
1083
965
0
1024
630
1064
0
837
1071
1092
1071
1110
1080
0
1680
1735
725
1092
1100
1024
965
1680
0
1703
1092
0
965
630
1703
1064
1080
1092
725
1703
0
1110
1064
1049
1083
1083
725
1060
0
1106
725
0
837
1703
0
965
1100
1703
0
1092
965
1720
1083
1717
630
1123
1071
1722
1691
893
965
0
1024
888
820
1253
965
1110
0
820
1215
820
1152
567
1152
1749
1142
1221
1421
1143
0
0
1092
1064
893
764
1253
1152
1179
965
0
965
1200
1179
0
1200
879
1200
757
865
1198
1198
907
893
1236
1198
801
1200
1200
965
1253
1198
1198
1446
1277
1130
1328
0
1236
1253
865
801
893
1277
1200
1236
825
1200
1198
1277
1277
1277
893
1200
1200
1277
0
1200
0
1328
1277
764
904
879
1253
1209
1152
0
1221
1405
1233
1253
1200
0
1179
1236
1494
1404
1412
0
1179
1198
1785
1142
1416
1402
1236
1277
1494
1179
1253
0
1200
1236
0
1142
1553
1704
893
1277
1198
1328
1704
1200
1200
893
1200
1277
1236
1430
1502
0
1200
862
1200
1200
1200
1236
879
1200
1439
1277
1446
1236
1430
1277
893
1200
1430
1200
1328
1277
1253
1502
1236
0
1277
1277
1446
1200
1277
1843
1430
1430
1430
1236
1357
1357
1439
967
1430
893
967
1328
1357
893
904
1430
1357
916
978
1328
1343
1500
1365
978
978
965
1357
965
1365
1343
1200
965
1343
952
1573
1357
1343
1573
1409
1409
1328
952
1357
1328
0
1343
1343
1343
1365
1328
978
1409
1573
1430
1365
1573
1357
965
1343
0
1409
1357
1573
1573
1357
1343
1365
1328
1573
1573
1343
1573
965
0
1365
1409
1648
1573
1365
1409
1573
0
1430
1409
1409
1365
1409
1328
1409
1573
1573
1409
1908
967
978
1357
967
1357
1573
1647
1573
1573
1409
1573
1409
967
1365
1409
1343
1430
1253
1630
1343
1573
1365
1483
1573
1573
0
1179
0
0
1789
1502
1698
0
1859
1365
0
1499
888
1689
0
1446
837
1152
1439
0
1253
1830
1789
1430
1446
1446
1439
1486
0
1253
1573
1610
1439
1540
1430
1439
1430
0
1843
1486
1430
1430
1553
1446
0
1439
1277
1439
1446
1439
1502
1486
1540
1446
1610
1365
1553
1698
1805
1439
1486
1439
1446
1553
1540
1610
1610
1553
1610
1439
1439
1502
1610
1430
1500
1502
1500
1553
1540
1502
1502
0
1499
1865
0
1529
1689
1495
1483
1805
1716
1529
0
0
1500
1776
1689
0
0
1236
0
1906
1499
1540
1499
2054
1529
1439
1439
1553
1610
1439
1553
1776
1553
1610
1610
1152
1908
1553
1446
1553
1776
1540
1610
1610
1610
0
0
1553
1486
1553
1500
1553
1610
1553
1540
1540
0
1926
1553
1926
1610
1540
1494
1540
1553
1540
1908
1573
1430
0
1540
1908
1573
1540
1843
1908
1573
1610
1908
1357
1630
1409
1573
1630
1908
1647
1553
1630
1648
0
1365
1908
1573
1610
1343
1610
1573
1648
1365
1343
1365
1630
1573
1486
1908
1908
1357
1630
1610
1647
1630
1630
1409
1610
1630
1630
1630
1610
1648
1630
1908
1610
1630
1647
1908
1343
0
1610
1540
1357
1908
1365
1908
1647
1553
1409
1610
1647
1610
1647
1610
1908
1908
1553
1610
1610
0
1908
1647
1610
1610
1630
1357
1647
1908
1630
1647
1343
1648
1647
1610
1610
1648
0
0
1908
1630
1648
1968
1647
1630
1647
1630
1957
1908
1630
1647
1630
2003
1610
1968
1648
1968
1968
1908
1706
1610
1648
965
1106
1678
1678
1957
1142
0
1749
0
1630
1647
1732
1698
1968
1630
1698
1726
0
1123
0
1648
1706
1706
1648
1092
965
0
1049
965
1957
1365
0
0
0
0
965
1680
1365
1680
0
1689
1724
1748
1365
0
0
0
1365
0
1722
0
1680
0
1049
0
0
1748
0
1957
1717
0
0
0
0
0
0
0
0
0
1757
0
1106
0
0
965
1957
0
0
0
0
0
2053
0
0
0
0
1718
1718
0
0
1365
0
3670
3683
1365
0
3152
0
0
0
0
2029
2396
1494
0
2395
1865
0
1494
1530
1405
1540
2396
0
2402
1841
2430
0
1553
1843
1500
1843
2465
2466
0
1873
1841
1502
2430
2466
1553
1843
1540
0
1540
1610
1610
1553
1540
1926
1553
1843
1830
2003
1843
1841
1610
1553
1843
1843
1540
1553
1843
1843
1906
1906
1841
1906
0
2003
1553
1446
1926
1439
1906
1553
1926
2003
1841
0
1500
0
1830
1913
1553
1494
1841
2003
2482
1540
1841
1421
2003
1830
2395
1926
1913
0
2661
1755
2430
1499
1789
0
1530
2461
0
1412
1841
1926
1906
0
2475
1843
2396
2479
1843
1906
1841
1610
1439
1906
1906
1404
1499
1529
1502
1843
1926
1926
1841
1926
1913
1913
2398
1841
1906
1841
1529
2396
1906
2398
1486
2398
0
1540
0
1913
1841
1913
1841
0
1926
1906
1906
1553
1906
1913
1957
2586
1540
0
0
1926
0
1553
1968
1957
1906
2003
1968
1610
1913
2003
2537
2003
2537
1926
1968
1968
2537
1421
2556
1957
1957
2545
1968
1365
1913
2860
1968
1968
1957
1908
1610
0
2537
1610
1968
1957
1968
2029
1968
2545
1647
2537
0
1968
2832
1968
2003
1957
2003
1647
1957
2003
1926
2545
2003
2003
2003
1908
1913
2479
2003
2039
2003
1968
1439
2029
2003
1647
2537
2003
2003
1540
2003
2003
2537
2556
2556
0
2029
2003
2537
2003
2556
1968
2556
2029
2537
2029
2475
1968
1726
2029
1968
2556
1968
2039
2848
2556
1610
2537
1968
2537
2029
0
2537
2556
2039
2537
2545
2003
2039
2039
2537
0
2039
2556
2556
2537
0
1968
2466
2662
1906
2430
1913
1968
1739
0
0
193
0
0
0
2054
0
0
1957
0
1751
0
1724
0
0
2832
1757
0
0
0
0
0
1049
2169
571
571
541
541
571
571
541
544
607
629
541
541
544
820
571
640
645
544
544
640
640
544
541
541
645
544
862
713
2116
2108
0
825
2116
2116
2116
2116
2116
0
0
2126
0
2126
571
2126
2126
2126
629
571
0
2116
2126
602
728
757
757
2126
1092
1064
1179
567
734
764
3581
0
0
916
2183
2200
2169
2163
2200
1841
2183
2184
0
2177
2163
0
2200
2181
2186
2200
2183
2194
646
0
916
2183
2183
2200
0
0
2163
2163
2169
2200
2183
2183
2183
0
2163
2200
2200
0
2183
0
0
2183
0
2183
0
0
2200
0
0
0
0
646
2183
2183
2163
0
0
0
0
2200
0
290
0
0
0
0
2255
0
0
2234
0
0
0
2216
0
0
0
0
0
0
0
0
0
0
0
0
0
0
0
0
0
0
0
0
0
0
0
0
0
2184
0
0
2227
0
2269
0
0
0
0
2299
2269
0
0
0
0
0
0
2269
2265
3409
0
0
0
3556
0
0
0
0
0
0
2286
0
0
0
0
0
0
0
0
0
0
0
0
0
0
0
0
2732
2299
0
0
0
2299
0
0
0
0
0
0
2738
0
0
0
0
0
0
0
0
0
2341
0
2299
0
0
0
0
0
0
2330
0
2329
0
0
0
0
0
0
0
0
0
0
0
0
0
0
0
2234
0
0
0
0
0
0
0
0
0
2344
0
0
0
0
0
0
0
0
2341
0
0
0
0
0
0
0
0
0
0
0
0
0
0
0
2556
2545
2479
1830
2482
2396
1502
2430
2465
0
2430
0
0
2398
2398
2754
2471
2471
2471
2807
0
0
2479
0
1913
2479
2775
0
1913
2398
2398
2395
2475
2398
2479
2396
1926
2479
2396
2725
2709
1906
2398
2395
1926
2479
2479
2601
2475
2601
2479
1913
2466
2479
2601
0
2398
1913
2586
1830
2384
2904
2601
2402
2662
2466
2586
2402
2746
2398
0
2982
2982
2398
0
2479
0
2398
2398
2395
2466
2465
2709
2709
2461
2479
0
3207
2479
2601
0
0
2466
2471
2586
2709
0
2586
2398
0
0
2398
2466
2471
0
2479
2475
0
2398
2475
2479
2479
2586
2471
2466
2471
2003
2586
2793
2586
2748
2725
2601
2395
1913
2991
1841
2716
2537
2601
2029
0
2743
2779
0
2537
2003
2807
2807
2601
2479
2601
2471
1913
2586
2475
2601
2475
1926
2601
2601
2807
2601
1913
2641
2537
2807
2545
2537
2556
2779
2537
0
2556
1908
2039
2556
2556
2556
2537
0
2545
2537
2537
2556
2545
2556
2586
2659
2556
2556
0
2641
2897
2807
2556
2807
2545
2855
2891
2556
2807
2537
2860
2039
2807
2601
2545
2545
1957
2860
2807
2641
2855
2779
2855
2644
2779
2793
2601
2779
0
2659
1913
2479
2779
2953
2779
2779
2807
2556
2779
3105
2779
2953
2479
0
2779
2807
2886
2659
2886
2807
2601
1913
2848
2556
2641
2556
2659
2891
2659
2779
2659
2545
2659
2659
2807
2779
2807
2641
2659
2779
2641
2601
2545
2641
2779
2807
2641
2848
2779
2039
2641
2659
2641
0
2545
2659
0
2807
2848
2848
2860
2641
2641
2659
2644
2641
2039
2641
2860
2659
2891
0
1724
0
0
2897
2804
0
0
0
0
2779
0
1923
0
0
0
0
0
2684
0
0
0
0
0
0
0
0
0
0
2479
2755
2754
2466
3033
2687
2897
2479
2725
1906
0
3208
0
2466
2725
2725
2466
2709
2754
0
2725
0
2754
2709
2793
2725
2475
2793
0
2709
2754
2725
2793
2779
2725
2698
2725
0
2709
0
2709
2586
2396
2698
0
2754
0
2793
2725
2762
0
0
2977
3039
2751
0
0
2979
0
2754
0
3078
2775
0
2793
2897
0
0
2754
2725
2725
2793
2979
2475
0
2725
2475
2775
2754
2979
2775
2979
2793
3152
2793
2897
2991
0
2991
2707
2991
0
2779
2707
2928
2779
2775
2709
2779
2779
2793
2779
2807
2793
2793
0
2707
2928
2793
2807
2891
2779
2953
2891
2928
2779
0
2891
2779
0
3105
2807
2641
2860
2641
2779
2601
2891
2641
2807
2886
2928
2807
2807
2953
2848
2860
2644
2860
2848
2886
2779
2545
2860
0
2886
2779
2891
2886
2860
2860
2886
2860
2891
2848
2886
2891
2860
3105
2659
0
2886
2886
2886
2928
2860
2886
0
2928
3152
2886
2886
0
2928
2779
2860
2725
2860
2793
2928
2891
2928
2891
3105
2953
3091
2928
2928
2891
2886
2953
2928
2886
2891
2860
2891
2891
2886
0
3105
2659
2860
3196
0
2725
3139
3196
2860
2659
0
0
3023
2384
3033
2044
0
0
3272
2979
2979
2754
2991
2991
2991
2725
2979
2991
2991
2754
3091
3030
3152
0
2991
2928
2793
2928
2928
2928
2928
0
2953
2953
2891
2928
2928
2953
2953
2953
3152
2953
2953
2928
2928
3091
2886
2886
2953
2886
3149
2953
2659
3149
3149
3139
0
2886
2860
2886
3149
2985
2860
2996
2984
3308
3139
2891
3149
3043
3230
2744
3279
2985
3232
2985
3023
2991
2891
3196
0
2979
0
2984
3091
0
3091
0
0
2775
3230
2725
2897
2979
0
6122
2991
2979
2979
0
3048
2991
3048
3091
2991
3183
2979
3038
3091
2991
3048
3048
2991
2725
2920
3091
3297
2991
3091
0
2743
2748
2991
3048
2991
2991
0
3048
3039
3308
3272
3310
3214
0
3036
3043
0
2979
3232
0
3272
0
0
3048
3030
3348
0
3309
3349
3309
2979
0
2775
6137
3091
3349
3091
3274
3183
3078
3349
3091
3183
3183
3321
3274
3183
2979
3048
2985
3078
3091
3317
3091
0
3348
3280
3091
2779
2991
3152
0
2709
3139
3233
3152
3091
2928
2891
2953
3091
3152
3105
3105
0
2891
3152
3091
3152
2891
3152
3183
3152
3105
3152
3105
3152
3105
0
3152
3317
3183
3139
2991
3105
3091
3105
3139
3149
3149
3152
3091
3183
3139
2641
3105
3139
3139
3139
3205
3139
3139
3105
3149
3139
2928
3196
3105
3139
3196
3165
3196
0
2891
3196
3149
3196
2860
3139
3152
3254
2891
0
3152
3105
0
3091
2754
3205
3152
3165
3152
2891
2953
3149
3139
3152
3165
0
3183
3091
3183
3105
3183
3165
3616
3196
3616
3105
3616
3139
3246
3152
3152
3091
3608
0
3196
3091
3254
3165
3149
3200
3152
3297
3397
3200
3200
3165
0
3200
3200
3381
0
3165
3196
3091
3165
0
3078
0
0
2920
6129
3214
3310
3078
0
3030
3030
3337
3304
3306
3023
6220
6129
3321
3091
3349
3048
3254
3321
3309
0
0
0
0
3317
0
6119
3317
3274
3030
3317
3616
3274
3368
3317
3368
0
3621
3621
3254
3610
3616
3254
3246
0
3297
3205
3381
3200
3200
3246
3254
3200
3231
3378
3381
3397
3381
3388
3165
3165
3165
0
3306
0
3039
3038
6229
3048
0
0
3297
3317
3297
6128
3321
3317
3091
3317
3091
0
3246
3317
3317
3317
3317
3317
0
3317
3183
3378
3152
6229
6220
0
6128
0
3337
0
0
0
6144
3214
5772
5939
3310
3297
0
3317
0
3274
0
3317
6140
3317
3321
3274
3317
3048
3321
3317
3274
5852
6130
0
3290
6137
0
6130
3290
6130
3043
3023
3317
3317
3205
3317
2920
0
0
5772
6111
6137
3317
6137
3317
3321
3183
3317
6170
3374
3297
3297
3246
6170
5834
3246
3317
0
6170
3317
6182
3374
3384
0
3183
3382
3384
0
3374
3382
0
0
3105
0
3382
3378
6130
0
3381
3374
3398
3374
6182
3384
3396
0
0
0
3091
3384
0
0
0
0
0
0
0
0
0
0
0
0
0
0
0
0
0
0
0
0
0
0
0
0
0
3414
3566
3537
0
0
0
0
0
0
0
0
0
0
0
0
3551
0
0
0
0
0
0
0
0
0
0
0
0
0
0
0
0
0
0
0
0
0
0
0
0
0
0
0
0
0
0
0
0
0
3584
0
0
0
0
0
0
0
0
0
3444
0
0
0
0
0
0
0
0
0
0
0
0
0
0
0
0
0
0
2208
0
0
0
0
0
0
0
0
0
0
3508
3404
0
0
3506
0
0
0
3506
0
0
0
0
0
0
0
0
3432
0
0
0
0
0
0
0
0
0
0
0
0
0
3571
3551
0
0
0
0
0
0
0
3566
0
0
0
0
0
0
0
0
0
0
0
0
0
0
0
0
0
0
0
0
0
0
0
0
0
0
0
0
0
0
0
0
3457
2685
0
0
0
3457
257
3614
3616
3684
3630
0
3992
3628
4604
3630
3246
4508
0
0
0
0
0
3630
0
0
0
3992
0
3246
3599
0
3614
0
3630
0
3621
3621
3628
263
0
0
0
4601
3634
0
0
3648
3634
0
0
3648
0
0
0
0
0
0
0
144
0
0
0
0
3722
3684
0
0
3684
0
0
3642
0
0
0
0
266
0
0
0
0
0
0
0
0
0
3612
0
0
3680
3612
0
0
3599
214
0
0
0
0
0
3599
0
0
0
3719
0
3725
0
0
0
0
0
0
3725
0
0
0
3719
0
0
3734
0
3725
0
3725
0
0
3719
0
3719
0
0
3725
3725
0
0
3722
0
3734
0
0
0
0
0
134
3734
0
3725
0
0
0
0
0
0
0
3691
3719
0
0
3634
3634
3648
0
0
0
0
0
0
0
0
0
0
0
0
0
0
0
3773
0
0
0
0
3788
0
0
0
0
0
0
0
0
0
0
3788
0
0
0
0
0
3788
0
0
0
0
0
0
0
0
0
0
0
0
0
0
0
0
0
0
0
0
0
0
0
0
0
0
0
0
0
4239
11557
0
5007
4272
4472
0
11583
4472
0
0
3832
4018
4986
4288
0
0
0
4799
0
0
0
0
0
7124
0
0
0
0
0
0
0
0
0
0
0
0
3927
7308
0
4294
0
0
4558
0
0
4232
0
0
4206
4321
0
4482
0
6624
0
0
3926
4261
3926
6595
0
3884
7487
5130
3943
3925
0
9842
3884
7599
7487
7487
4261
3884
4896
5130
5130
3927
3884
6728
3927
4261
3927
4261
3925
3926
5130
3943
6290
3926
5130
3925
3884
3943
3884
9852
0
4232
3943
6624
3927
4896
3925
7487
9844
3927
4216
0
0
0
3943
4373
4232
4216
4216
5130
3884
3925
4232
3927
3925
4896
3943
3926
4261
0
4191
3884
3943
4261
0
0
0
9852
3969
0
3975
3969
0
0
3975
0
3959
3975
3959
0
3975
3975
3959
4896
7485
0
3948
3959
4438
7487
0
0
9844
9844
9842
3983
3983
9844
9842
0
9847
9852
4914
3950
4914
11597
7187
4914
0
7485
4180
9844
3983
11597
4180
7770
7187
7187
0
4180
4018
0
4180
0
0
5030
4050
4070
0
4050
0
4050
4195
4061
0
4026
4061
0
4033
4018
0
4508
0
4601
4307
4061
0
4046
4307
0
4018
4070
4033
4018
4933
4046
4061
4046
4986
0
4050
4050
0
4026
4986
0
0
11578
4061
4195
4070
4061
4195
4018
4180
11578
4061
0
4018
4195
4462
4070
4046
4061
5030
4307
0
4195
4239
0
4462
4061
4472
4472
4046
7328
4240
4030
0
4472
0
0
4289
0
0
0
0
0
0
0
0
0
4301
4582
0
0
0
0
0
0
0
0
0
0
0
4307
0
4279
4033
0
0
0
0
0
0
0
4601
0
4472
0
4171
0
4033
0
0
0
4373
4033
4171
4110
4373
4373
0
4373
0
4508
0
4373
4373
4033
0
4373
4373
0
0
0
4508
4373
4373
0
0
4373
4144
0
5151
0
0
0
4279
11583
0
4195
4195
0
4279
0
4187
0
4050
0
4046
4180
0
4472
0
4070
0
4279
4239
4180
11578
5039
4472
0
11582
4240
4279
0
11578
4239
4239
0
4321
3927
0
0
0
4258
0
6728
0
4239
0
4882
0
4258
6813
6813
4216
4232
4216
4232
0
4401
4239
3927
3926
4232
4261
3943
4440
3943
4848
3927
3943
3943
3927
3925
0
4240
3925
4239
6813
11578
3943
0
0
4982
4030
4240
4279
5233
4373
4279
4239
4261
4258
4279
4258
4440
4453
4321
4440
4449
0
3927
4440
0
4321
4453
4239
4279
4321
4276
4783
4933
4239
4555
0
4276
4783
4440
0
4290
4258
0
4276
4783
0
4289
4276
4882
4440
4282
0
0
0
7308
4070
4276
0
4276
4462
0
4061
4307
0
0
6890
11583
6728
4472
6890
0
4195
4370
4026
6890
4453
4933
4760
4811
4301
4449
4760
4258
0
0
6890
5030
5030
4440
4370
4933
4848
4321
4276
4882
6890
4440
4986
4760
4440
4370
4952
4882
4370
4370
4986
5203
6813
3926
4191
6813
4760
4370
0
4232
5203
4232
4848
4232
3926
4370
4232
4848
4848
4848
4811
4370
4370
4370
4401
3926
4401
4401
0
6813
4848
0
5151
4373
4373
4373
4373
4373
4373
5151
4373
4033
5151
4373
4373
4373
5147
4373
5147
4373
4147
5147
5151
4147
4373
4848
4401
4401
4882
0
3943
4401
4232
4401
4848
4882
4401
4872
4848
4401
0
4440
0
0
0
0
0
0
0
4204
4438
4438
4438
0
0
4436
4438
0
4436
0
0
4436
4436
4431
0
0
0
4453
0
4449
4321
4999
4982
4783
5007
4453
0
0
0
0
5233
0
11583
0
4462
4462
4462
4289
4472
11583
0
11578
11583
0
4551
11575
4195
4462
4018
0
0
0
0
0
0
0
0
4482
0
0
0
0
0
0
0
0
0
4508
0
4505
4046
0
0
0
4599
3630
3246
0
0
4508
0
4508
4626
0
0
0
0
4626
0
4138
4505
0
4601
4626
0
4626
0
0
0
4506
0
0
4505
4555
0
0
0
0
0
0
0
0
0
0
0
0
0
4664
0
4451
0
0
0
0
0
0
0
0
4506
0
0
4551
0
0
0
0
0
0
0
0
0
0
0
0
0
0
0
4797
0
0
0
0
4578
0
0
4555
0
0
0
0
0
0
0
0
0
0
0
0
0
0
0
0
0
0
0
0
4147
0
0
0
0
0
0
0
0
0
0
0
0
0
0
0
0
0
0
0
0
0
0
0
0
4608
0
0
0
0
0
0
0
0
0
0
0
0
0
0
0
0
0
0
0
0
0
0
0
0
0
0
0
0
0
0
0
0
0
0
0
0
4683
0
0
0
0
0
0
0
0
0
0
0
0
0
0
0
0
0
4681
0
0
0
0
0
0
0
0
0
0
6293
0
0
0
0
0
0
0
0
0
0
0
0
0
0
0
0
0
0
0
0
4732
0
0
0
0
0
0
0
0
0
0
0
0
0
0
0
0
0
0
0
0
0
0
0
0
0
0
0
0
0
0
0
0
0
0
0
0
0
0
0
0
0
0
0
4644
4646
4641
4644
0
4933
0
4933
4933
7116
4760
4760
4440
4449
5030
5030
4440
4321
4321
4952
4999
4969
4783
4982
4783
4982
4783
4449
4440
0
4952
5030
4999
4321
4783
0
4239
4999
4999
0
0
0
0
0
0
0
0
0
0
0
4261
4811
4811
0
0
4818
0
0
4882
0
4882
0
4811
6962
0
0
0
0
0
0
7373
4811
4882
7491
3983
7599
4811
6962
4882
3983
4848
4848
6962
4811
4882
9844
5039
4848
4370
7542
7373
5203
4882
5203
0
6813
4848
4882
4882
4882
4848
4401
4848
4370
4882
4872
4848
4848
4848
4872
4848
5184
4848
4882
5092
4872
5092
5092
0
4882
4882
4872
4848
5092
5184
5203
4872
4882
0
5203
5203
5198
4848
4872
5203
5092
5184
4872
5092
4882
4882
0
0
7599
0
0
4910
3950
0
0
4431
4431
6962
7491
3950
7485
0
4910
7485
3950
0
7487
7373
4954
7599
7491
7491
7259
7576
7605
4952
7291
9844
4783
4783
7373
4933
4954
4783
0
5030
4933
4986
4969
4986
4783
4783
0
4952
0
4440
4882
4982
7576
4783
4783
4982
4982
0
4982
0
5046
4986
4986
5046
5046
4783
4070
6971
4969
4969
4986
5030
4986
4783
0
5092
5030
4982
4982
4783
4986
5039
7069
7069
5030
4986
5030
0
5007
4986
4783
0
7069
4449
4982
4999
0
4986
4999
4783
5039
5092
7054
4999
0
4982
0
5039
4276
4789
6971
0
0
4982
5039
4999
5039
4882
4982
0
5046
4986
5051
0
4462
0
4070
5039
0
5039
5039
4440
4180
11583
4440
0
5039
4026
5051
5039
5007
4789
5051
4986
0
4969
0
4472
4018
4954
4180
0
5039
5007
4982
3832
0
4982
7069
4783
5051
7094
4986
5030
4969
4472
4018
7187
4050
7237
4026
4018
4180
4046
4180
4180
4018
4018
4026
4783
7231
5039
4050
4061
4046
4321
4239
4321
6624
5130
4462
7187
6372
5092
5092
6962
3832
0
4882
5092
5130
4180
4239
4872
5039
5184
5184
4872
4872
6624
6620
3925
6595
5130
6620
3926
3884
6624
3884
4872
4289
3884
4986
4872
4882
5092
5092
5233
5147
4171
5147
5147
5151
5166
5147
0
5147
5133
0
5133
5147
5147
4171
5166
4429
3969
5166
5147
5147
5147
5133
5166
0
5166
5147
5147
0
3948
5133
5147
5133
5147
5166
4644
5166
5133
5166
5147
5166
5166
3948
0
5147
3948
4642
5133
5147
3948
4986
4882
5092
5092
7231
5092
5233
5184
4018
5233
5092
0
5092
5092
5039
4872
4401
5233
4872
5233
5233
4986
4872
4872
5092
0
5198
5233
4872
4453
0
0
3832
11583
4462
4288
5007
4018
4982
4999
5039
4070
5184
5233
5001
5233
5039
0
5007
5039
4952
5233
0
5039
5233
4239
7369
5039
5039
4279
0
0
4258
4018
5092
5092
4440
4180
5233
4180
5233
4288
4279
4239
7369
4180
4180
5233
0
4180
4180
4180
4321
5233
4440
4440
5233
4239
4321
4180
4239
5233
5039
5233
4258
4180
5233
4258
5233
4288
4239
4282
4279
5198
4450
0
4276
4239
4472
4239
4288
4440
0
0
0
0
0
0
0
0
0
0
0
0
0
0
0
0
0
0
0
5310
0
0
0
5309
0
0
0
5331
0
0
5305
0
0
0
0
0
0
0
0
5317
0
0
0
0
0
0
0
0
0
0
0
0
0
0
0
0
0
0
0
0
0
0
0
0
0
0
0
0
0
0
0
0
0
0
0
0
0
0
0
0
0
0
0
0
0
0
0
0
0
0
0
0
0
0
0
5572
7208
5572
0
0
0
0
0
0
0
0
0
5422
0
0
5422
5422
5406
0
5687
5422
0
5429
5422
0
0
0
5383
5422
5422
5406
5406
5383
5422
5422
0
0
5449
5422
0
5429
0
0
5429
7208
5449
5449
5449
5406
0
5449
5438
5429
5422
5449
5449
5406
5406
0
0
6989
5569
0
0
7208
7208
5422
5449
7208
0
0
0
0
0
0
5702
0
0
0
0
0
0
0
0
0
0
0
0
0
0
0
0
0
0
0
0
0
0
0
0
0
0
0
0
0
0
0
0
0
0
0
0
0
0
0
0
0
0
0
0
0
0
0
0
0
0
0
0
0
0
0
0
0
0
0
0
0
0
0
0
0
0
0
0
0
0
0
0
0
5522
0
0
0
0
0
0
0
0
0
0
0
7318
0
0
0
0
0
0
0
0
0
0
0
0
0
0
0
0
0
0
0
0
0
0
0
0
5522
0
0
0
0
0
0
0
0
0
0
0
5659
5522
5584
0
0
0
0
0
0
0
0
0
0
0
0
0
0
0
5620
0
0
0
0
0
0
0
0
0
0
0
0
0
0
0
0
0
0
0
5572
0
0
0
0
0
0
0
0
5620
0
0
0
0
0
0
0
0
0
0
0
0
0
0
0
0
0
0
0
0
0
0
0
0
0
0
0
0
0
0
0
0
0
0
0
0
0
0
0
0
0
0
0
0
0
0
5355
0
0
5554
5524
0
0
0
0
0
0
5378
0
0
0
0
0
0
0
0
0
0
0
0
0
0
0
0
0
0
0
0
0
0
0
0
0
0
5700
5700
0
0
0
0
0
0
5617
0
0
0
0
0
0
0
0
0
0
0
0
0
0
0
0
0
0
0
0
0
7162
0
0
0
0
0
0
0
0
7655
0
0
0
7655
0
0
0
0
5815
5815
6122
6233
5812
5815
6237
0
5783
5812
0
0
0
0
0
6125
5783
6237
5812
6237
0
5782
6478
6233
0
0
5782
5810
5783
5815
5815
5807
5967
5765
5782
3306
5812
5812
6125
6012
5866
5866
5815
5866
0
5807
3337
5866
0
0
0
6125
0
0
0
0
5866
0
0
6233
0
0
5810
0
0
0
0
0
0
5852
5866
5834
5865
6170
5834
5782
0
5783
6230
5852
5834
5865
5865
6182
6372
6230
5834
5834
5854
5865
6182
5854
6182
5834
0
5852
0
5865
5782
6004
5865
6089
5852
6004
5852
6004
5783
0
0
5865
5852
5783
6089
5854
5865
5865
6089
5865
5852
5852
5866
5834
5782
6066
5852
6100
5866
6004
6182
6004
6089
6089
6540
6072
6388
6004
6189
0
6189
6540
5852
6066
6388
5865
6004
6004
5815
6343
5815
6071
6071
5660
0
0
6012
0
6012
6343
6343
0
6343
6343
6501
6343
6071
6343
5815
0
6071
6501
0
5807
6071
0
5812
5782
5812
6445
5812
6233
6071
0
5782
5812
5931
5782
6111
6472
6411
5931
5812
5969
3306
0
6478
0
6433
0
6478
5782
0
0
0
5782
5931
0
0
0
0
0
0
0
0
0
0
6012
0
0
6012
6071
6012
5958
6012
6012
5783
0
6012
6066
5865
6012
6012
5834
0
5865
6012
5852
6012
6012
6071
6012
0
6089
6551
6012
5852
6012
0
5834
6100
6012
6004
6004
5852
6012
0
6089
6066
6004
6012
6089
6012
5834
6012
6590
5783
6012
5834
6012
6372
6089
6012
6551
6004
6089
6540
6540
6066
5866
6012
6540
6012
6004
6004
5834
5852
6100
6372
6066
6089
6089
6004
6100
6060
6182
6100
6100
5865
6060
6060
6100
6100
6089
0
6100
6060
6071
6060
6372
0
5865
6372
6372
6372
0
0
6372
6071
6089
5834
6540
6071
6071
6060
6372
6089
6100
6071
6100
6372
6100
6100
0
6100
5852
6100
6632
6089
6551
6100
6372
6551
6100
0
6012
6066
6089
6388
6100
6100
0
6230
0
6140
0
3337
3337
3349
5939
6111
3279
6233
0
3091
5810
0
3337
3321
0
3214
6140
0
0
0
6129
5807
6229
6140
6122
5765
0
6140
6129
0
0
6237
6214
0
0
3317
6211
0
6129
2985
5852
0
3308
6214
3023
3274
6170
6170
5895
5866
6130
6170
3374
3374
6214
5783
6130
6170
3374
0
6170
6170
3374
6012
6130
6182
3152
5834
6170
6182
5854
0
6230
5865
5854
6170
6182
5854
0
5854
6170
6182
6170
5854
6170
3384
5834
3384
6060
6182
6189
6182
6189
3384
6182
0
6230
0
6210
0
0
0
0
0
6230
6210
6109
0
6122
0
6210
6125
0
0
3304
6240
6233
6122
0
0
6214
6125
0
5765
6109
6211
0
3279
0
0
6240
5782
3280
5812
0
0
6211
0
0
6170
6230
6230
6170
5834
5834
5852
6182
6182
6004
6214
6182
6230
5852
6214
6230
6170
6182
5834
6230
3384
5865
5865
6182
5834
5852
5854
5854
5852
5854
6189
6072
0
0
0
0
0
0
0
0
0
0
0
0
0
0
0
0
0
0
0
0
0
0
0
0
0
0
0
0
0
6314
6314
6314
0
6314
0
0
0
0
0
0
0
0
6821
0
0
0
4216
0
0
0
0
0
0
0
7425
0
6343
6071
6071
6343
6071
0
0
6478
0
6590
6551
6632
6496
6540
6372
6100
6071
6071
5865
6632
6540
6540
6089
6540
6632
6100
6540
6590
6372
6540
6540
6089
6089
6540
0
6551
6089
6388
6089
6388
6388
6100
6388
6540
6066
6314
6388
6060
5913
0
0
0
0
6411
6071
6314
6411
6397
6411
0
0
6405
6012
0
5910
0
6405
0
6411
0
6343
0
0
0
6071
6496
6496
6405
6405
6432
0
6405
0
6501
6590
6590
6335
6430
6387
6430
6450
6501
0
6433
0
0
6430
0
6405
6450
6501
6450
6411
6430
0
0
6445
0
0
5383
5958
6433
0
0
0
6642
0
0
0
7651
6455
6450
6450
0
6646
0
0
6666
0
0
5968
6646
0
0
0
0
6803
6646
0
6496
0
6071
6496
6071
6405
0
0
6496
0
6590
0
6551
6501
6410
6496
0
6450
6496
0
6501
6551
6551
6430
0
6551
6632
6501
6496
6450
6496
6496
6496
6501
6632
6701
6643
6450
6450
6590
6890
6632
6595
6701
6806
6089
6632
6551
6701
6089
6551
6595
6551
6632
6540
6551
6551
6590
6620
6632
6372
6501
6632
0
6540
6614
6632
6540
6372
6595
6100
6595
6372
6551
0
6540
6595
6624
6595
6071
6590
6620
6632
6551
6620
6551
6595
6624
6540
6540
6620
6590
6632
6595
6540
6632
6614
6620
6004
5130
6388
6614
6620
6620
6089
6590
6388
6388
6614
6614
6540
6614
6620
0
6632
6595
6590
6632
0
6540
6314
6372
6624
6624
6595
6632
6614
6620
6614
6614
6624
6624
6595
6590
6624
6614
6614
0
6590
6620
6624
6388
5130
0
6620
6624
6624
0
5130
6614
6614
6540
6632
6624
6614
0
6624
6620
6388
6590
3925
3925
0
0
6806
0
0
6696
6696
0
6653
6838
0
3819
0
0
0
6646
6713
6696
6344
6696
0
6455
6847
6651
0
6940
6463
0
0
0
0
0
0
6473
0
6646
0
7006
6646
6706
6646
0
6470
0
6646
6702
0
6501
6632
0
6712
6728
0
6728
6463
6712
6488
0
0
6701
6747
6701
0
0
6713
6632
6701
0
6478
0
6701
0
6747
0
0
6701
6747
6632
6747
6747
5130
6713
4191
6696
6632
0
6728
6710
6701
0
6813
6733
6736
6856
0
3843
0
0
6701
6813
0
6735
0
6803
6813
6824
6806
6411
0
6747
6624
6624
3927
6624
5130
6624
6747
6620
6624
6728
6614
4216
3823
4216
6614
6728
0
0
0
0
0
0
0
0
0
0
0
0
0
0
0
0
0
0
0
6646
6830
6806
6882
0
6830
0
6919
6940
6653
6675
0
6646
0
6310
6803
6813
6806
6900
0
6882
4811
0
6900
6803
6803
6824
4191
6900
0
6806
6900
6824
6735
6890
6890
6900
0
0
0
0
6735
6473
0
6768
6803
0
6882
0
6735
6806
0
0
0
0
6882
0
6882
6653
6937
7006
7006
6646
0
0
6947
0
6980
0
7006
6483
7023
0
7006
6673
6934
0
0
6941
0
6813
6890
3926
0
6728
6747
6971
6747
6890
7020
6900
6900
6890
4370
6890
0
6900
6806
0
6806
6813
6747
6806
6967
6905
6900
0
6900
6905
6900
6905
6905
6905
6803
4811
6806
0
6905
6806
6905
7023
0
0
0
0
0
6916
0
0
6782
0
6916
0
0
0
0
0
0
0
6918
6932
0
0
6932
6918
0
0
6918
0
6967
0
6975
0
0
6997
6997
0
0
7006
0
0
6980
0
0
0
7032
6971
7032
6971
6967
6890
4811
6932
6932
6971
7032
7054
6971
0
6905
7054
7069
6967
0
7032
7032
7032
0
6905
0
0
0
0
0
0
0
0
7032
0
0
0
6848
6929
6852
6944
0
0
0
0
0
0
7194
7147
0
6852
0
6879
0
6797
7021
6948
0
0
7131
7131
7145
0
7265
7030
7131
6997
6850
7021
6932
6926
7021
0
0
7032
0
6932
7069
7069
7069
7063
6971
0
7069
0
7069
6920
7069
7023
7032
7069
7094
7071
6971
7071
6971
7063
7054
7063
7069
7054
7094
7054
7054
7032
7069
0
7069
7094
6890
6982
7054
7054
7054
7069
0
7094
6847
7054
7094
7094
0
7094
0
7094
7094
6971
7094
7094
7094
7054
7094
7071
7054
6971
7071
7094
5039
7071
7001
7001
6932
7094
7094
7094
7063
0
7231
7237
7094
7187
7094
7094
7094
5039
7094
7187
7094
7094
7094
5039
5039
5039
0
7054
0
7237
7030
0
0
0
7280
0
7030
7030
7264
0
0
0
0
0
7264
0
0
0
7126
0
0
0
7134
7140
7222
0
7165
7069
7063
7165
0
0
0
0
7329
0
0
0
0
7350
7182
0
0
0
0
7187
0
0
7182
5039
0
7231
7222
7231
7231
7203
7203
7237
7140
0
7094
7203
7187
7231
7162
7182
7071
0
7182
7231
7203
7203
0
7203
6929
0
7203
5039
7187
0
7246
7246
7222
7187
5039
7222
7626
7253
0
7222
7231
5039
7187
0
7187
7231
7231
7231
7246
7203
7231
7187
7187
7222
7187
7222
7222
0
4030
7231
7259
7203
7246
7187
7159
7259
0
7237
4030
7237
7253
7222
0
7140
7094
7369
7237
4030
7203
7253
7512
0
7231
7237
7237
7222
7259
7054
0
7364
7373
7246
7365
7259
0
7246
7510
0
0
0
0
0
0
0
7259
7262
0
7280
0
0
7131
0
7279
0
0
0
0
0
0
0
0
0
7279
0
0
7320
0
4301
7645
0
0
0
0
3317
0
0
0
0
0
0
0
0
0
0
0
0
0
0
0
0
0
0
0
0
0
0
0
0
7332
0
0
7332
0
0
0
5487
0
0
0
0
0
0
7344
0
0
7586
0
0
0
0
0
0
0
0
0
0
0
0
7485
7373
7369
7456
0
7373
0
7359
7369
7512
7159
0
0
7599
7491
7512
0
7329
7373
7369
0
7491
7373
7369
7373
7329
7259
7510
0
0
7342
7491
7259
7548
7162
0
7364
7364
7369
4896
0
7512
7510
7364
0
7332
7548
7491
7548
0
0
4896
0
0
0
0
0
0
0
0
0
0
0
0
0
0
0
0
0
0
0
0
0
0
0
0
0
0
0
0
0
0
0
0
0
0
0
0
0
7599
7770
7491
0
0
7520
0
7520
0
0
0
0
7489
0
0
0
7462
0
7462
0
0
0
7462
0
7535
7535
7537
7485
7599
7462
7535
7599
0
7462
3950
0
7462
0
3950
7369
9852
7535
3950
0
7477
0
5486
0
7491
0
7510
0
9852
7510
7364
4910
7548
0
7599
0
7477
4760
7510
7510
8056
7477
7510
8056
0
11597
0
7491
0
0
7373
7548
0
4910
0
7537
7548
7487
9852
7397
7802
9852
7364
7359
7859
7518
7518
0
9842
0
7918
0
9842
7477
0
7359
0
5451
7510
7487
7548
7329
0
10189
7477
11597
7359
0
0
0
0
4896
0
7491
7487
0
0
3950
7537
7599
7364
0
7364
7518
4910
7512
7510
7364
7512
7246
0
7339
0
4914
7369
7510
0
7054
7369
7491
0
7558
0
4910
7373
7599
0
7487
4914
7548
7599
7548
0
0
7512
7651
7203
0
5046
0
7369
7548
7373
0
7373
7259
7231
7369
7491
0
0
7599
0
7576
0
7259
7618
7373
7576
7369
0
7259
7231
7259
7364
7491
0
7291
7618
7274
7645
0
7265
0
0
7639
0
0
0
0
0
0
0
0
7651
0
0
0
0
0
0
0
0
5913
0
0
0
0
0
4008
0
0
6420
0
0
0
0
0
0
0
0
0
0
0
0
0
0
0
0
0
0
0
0
0
0
0
0
0
0
0
0
0
0
0
0
0
0
0
0
0
0
0
0
0
0
0
0
0
0
0
0
0
0
0
0
0
0
0
0
0
0
0
0
0
0
0
0
0
6308
0
0
0
0
0
0
0
0
0
0
7770
7942
0
0
7359
7770
7485
3950
0
0
9852
9852
9847
8012
7364
7895
7859
0
0
7537
7859
0
12086
7450
0
0
7780
8352
7845
9842
7844
9847
0
7786
8098
0
7895
10085
10023
9171
0
0
9847
0
0
0
0
7800
0
0
0
0
7836
10207
0
0
0
0
0
0
0
0
10207
10207
7450
0
0
7820
7537
0
0
0
7950
0
0
0
7950
0
0
0
0
0
0
0
0
0
7845
0
0
7954
0
0
0
7845
0
7800
7845
0
0
0
0
7950
10085
9847
12086
10000
7843
7859
0
7845
7859
0
0
10085
0
0
7836
0
7843
0
8340
0
7845
8340
8001
10252
0
7895
0
0
0
0
20171
8908
0
0
8908
0
0
8001
0
20704
20159
10023
0
7950
20709
8847
8332
10100
0
8256
7954
20690
0
12086
20205
7954
8335
0
0
0
7895
7942
7885
8256
0
0
0
10023
8256
0
7859
0
0
8256
0
0
0
0
0
0
7989
0
0
0
0
0
0
0
0
7960
7899
10252
0
0
8056
0
0
9847
10252
0
0
0
0
0
7954
10100
7954
0
7950
8109
7859
8056
7859
0
7895
0
7820
10100
0
9842
10100
8056
7895
7820
0
8091
8056
7931
0
7942
7960
0
8389
0
8340
10207
0
0
7843
8091
0
0
0
7786
20205
9842
3983
8903
0
0
7859
8794
0
7922
0
0
7859
0
8352
7950
7843
0
0
7859
7950
0
0
0
0
0
8036
0
0
0
0
0
0
0
0
8036
0
8036
0
0
8903
9440
0
0
0
0
0
0
0
8047
8036
0
0
0
0
0
0
0
0
0
0
0
0
0
0
0
9247
0
8145
0
0
0
8061
0
0
0
0
0
8102
8387
0
10085
0
0
0
0
0
0
0
0
0
0
0
0
0
0
0
0
0
0
0
9005
0
7845
7801
0
0
0
0
0
0
0
0
0
0
0
0
0
0
0
0
9211
0
0
0
0
0
0
0
0
8062
0
0
0
8924
8672
8061
0
0
11219
8199
0
0
0
0
0
0
0
0
0
8172
0
0
0
0
0
0
9542
8151
0
0
0
0
0
0
0
0
0
0
0
0
0
0
9217
0
0
0
8171
0
0
0
0
0
0
0
0
0
0
8184
0
8190
0
0
0
0
0
0
0
8062
0
0
0
9271
0
0
0
0
8679
0
8195
0
8104
8195
0
0
0
0
0
0
0
0
0
0
0
0
0
9297
0
0
0
0
0
0
0
0
0
0
0
0
0
0
0
0
0
0
0
0
0
0
0
0
0
0
8344
0
0
0
0
8546
0
9447
8245
0
0
0
0
8559
19276
8289
8262
8262
0
8266
0
0
0
8289
8332
8305
0
8303
0
8289
8265
0
8295
0
8266
19168
19169
0
0
8281
8468
8457
0
8291
8457
0
8361
0
19160
8281
0
0
8382
0
8289
0
19160
8295
8297
0
0
0
8291
0
19202
19169
0
8310
8400
8289
8400
0
7978
8347
8941
0
10085
8352
8262
8387
0
8457
8332
0
0
8262
0
8297
0
9537
8363
0
19161
8332
8352
8315
0
8351
0
0
0
8310
10000
0
8358
0
0
0
0
0
0
0
8330
19566
0
20139
20178
0
0
0
0
8097
9229
19176
9545
0
0
0
0
0
0
7859
10000
0
0
0
0
8398
0
8470
8573
10000
8879
0
8398
0
8374
8281
0
0
0
8262
0
8382
0
8303
0
8487
8952
0
0
8962
8475
8417
0
0
0
0
8496
0
8511
8925
8398
0
0
8558
8858
8470
8457
8403
8952
8921
0
8403
0
8403
8457
8496
8457
0
0
0
0
8514
0
0
0
8449
0
19170
8449
0
8511
0
8262
0
0
8266
19170
8262
8265
8363
0
0
8470
8519
8289
8398
0
8303
0
8361
0
0
0
0
0
8470
0
8382
0
0
0
0
0
0
8496
8496
0
0
0
8971
0
0
8955
8496
8878
0
8487
8496
0
8504
0
8878
8811
8812
0
8878
8814
8511
0
0
8921
8511
8403
8955
9057
0
8496
8403
0
0
8615
0
0
0
0
0
0
8479
8929
8462
0
0
8519
8511
8504
0
0
0
0
0
0
0
0
0
0
0
0
0
0
8585
0
8563
0
0
0
0
8585
0
9296
8588
0
0
0
0
0
0
0
0
0
0
0
0
0
8845
11235
8927
8872
0
8590
0
8047
0
9411
11233
9404
9284
9296
8932
9299
0
9284
9531
0
0
0
0
0
9218
0
0
0
0
0
8546
0
0
0
0
0
0
0
0
0
0
0
9545
9215
9298
9545
0
0
9299
8932
0
9196
0
0
0
0
0
0
0
0
0
0
0
0
0
0
0
0
0
0
0
0
0
0
0
0
0
0
0
0
0
0
0
0
0
0
0
0
0
0
0
0
0
0
0
0
0
0
8924
8905
8973
0
8924
0
0
0
8199
0
0
0
0
0
0
0
0
0
0
8872
8847
0
9404
9404
8867
0
0
0
0
12086
0
0
0
0
0
0
0
0
0
0
0
0
0
0
0
0
0
0
0
0
0
0
0
0
0
0
0
0
0
0
0
0
0
0
0
0
0
0
0
0
0
0
0
0
0
0
0
0
0
0
0
8607
0
0
0
0
0
0
0
0
0
0
0
0
0
0
0
0
0
0
0
0
0
0
0
0
0
0
0
0
0
0
0
0
0
0
0
0
0
0
8781
0
8807
8826
0
0
0
0
0
0
0
0
0
8824
0
0
0
7978
0
8982
0
8826
0
8496
0
0
8511
0
8814
8511
9064
0
0
8891
0
12086
0
0
0
0
0
0
8826
0
8994
0
0
9049
8865
9271
0
8573
8996
8941
8901
8845
8872
8927
0
8573
0
8833
8891
0
8845
8374
9404
9080
9082
8927
8929
0
9404
8868
8487
8891
9080
0
0
8872
0
0
8372
8847
8903
0
0
8604
0
8901
0
0
0
8891
8511
8891
9218
9404
0
9218
8891
8879
9037
8970
0
9114
8864
8814
0
0
9404
0
8573
9082
0
0
0
0
0
0
0
0
0
9412
20170
8847
9049
20169
9411
8924
9412
9412
8994
9422
0
8233
0
0
0
9284
0
0
0
8904
8948
0
8821
9284
0
8479
9411
0
8847
9049
0
9217
9284
0
8924
9240
0
0
8950
0
9240
0
8948
8470
0
0
8504
0
0
0
0
0
0
0
0
8948
0
8997
9037
0
0
0
0
0
9006
8673
7800
0
0
8901
0
0
0
9053
9271
0
8673
9235
0
8994
0
9001
0
0
0
0
0
0
0
8673
0
8978
0
0
0
0
7800
8996
8828
0
0
8904
0
8994
0
20136
8908
0
8996
0
8978
7800
0
0
0
9217
0
8978
0
20149
0
7818
0
0
0
9214
0
0
9024
9211
0
0
9217
8924
9217
0
0
8496
0
0
0
9046
0
0
8511
9064
0
8496
9064
9064
9123
8858
0
0
9049
0
9046
0
9079
8811
8925
9121
9123
9117
9136
9046
9206
9080
0
0
9057
0
0
8971
8865
9188
9080
8878
0
9046
9079
8970
9572
9004
8921
9136
9132
8504
11003
8972
9049
9049
9572
0
9201
9057
9570
8970
9064
8970
8970
0
9119
0
0
9572
0
8970
0
0
0
0
0
9572
9570
0
0
0
9189
0
9121
0
9141
9584
0
0
9197
9232
9558
9557
0
0
9558
8970
9119
0
0
0
0
0
0
0
0
0
0
9005
9235
0
0
9578
9115
0
9034
0
9128
0
0
8901
0
0
0
0
0
0
9164
0
9186
9038
0
9214
0
8199
9211
0
9038
0
8896
0
0
9537
9537
8858
9558
0
8546
0
0
9119
8546
8970
0
9545
0
0
0
0
8932
9188
9034
8585
0
0
9188
0
0
8594
0
0
9548
0
9229
9558
9299
9537
9558
8546
9548
9548
0
9537
8546
0
9558
8546
0
0
0
8655
0
0
0
9548
0
0
9548
9218
0
0
0
9123
0
0
0
0
0
0
0
0
0
8104
0
8924
8924
9298
0
9298
0
0
9271
8932
0
0
9271
8585
0
0
9422
9422
9296
9296
0
9549
9299
0
9422
9422
9412
9296
9422
10992
9459
0
9298
10992
0
0
0
0
0
0
0
0
0
9549
0
0
0
0
0
0
0
0
0
0
0
0
0
0
0
0
0
0
0
0
0
9797
0
18262
0
0
9796
0
0
9811
9797
0
9341
0
9811
18291
0
0
9785
0
9796
9338
0
0
0
0
0
0
8948
9351
0
0
0
0
0
0
0
0
0
0
0
0
0
0
0
0
0
0
0
0
0
9378
9871
0
0
0
0
0
0
0
0
0
0
0
0
0
8246
0
0
0
0
0
9396
0
8573
8387
0
9412
9411
0
8891
8845
9411
9411
11235
11235
0
0
8891
11235
8891
9412
9412
11235
9412
11235
0
0
8546
0
0
0
0
0
0
0
0
0
0
0
0
9440
0
9435
0
0
0
0
0
0
0
0
0
11235
10992
9298
8932
10563
8546
8821
10563
8615
8821
0
0
0
0
0
0
0
0
0
0
0
0
0
0
0
0
9494
0
0
0
0
12398
0
0
0
9494
0
0
12401
9484
0
0
0
0
0
0
0
9490
0
10343
0
0
0
0
0
11200
11200
9663
10329
9663
0
9679
0
0
9726
9711
9665
9679
0
0
12494
0
9687
9687
9687
9545
0
8319
8558
9545
9196
9531
10563
0
8590
9531
11219
8588
9545
0
9548
9531
9531
9558
0
9531
8129
0
9299
9570
0
0
9537
9284
9537
9284
9585
9558
8546
0
0
8546
9197
9299
9197
9201
9197
9548
9570
9119
9572
9572
0
0
0
0
0
0
0
0
0
0
9115
0
0
9119
0
0
9119
9572
9571
0
0
0
9726
0
9665
11127
9669
11123
0
9616
9616
0
0
0
0
0
0
0
0
0
9609
0
9616
0
9729
0
0
0
0
0
0
0
0
0
0
0
0
0
9729
0
0
0
0
9609
0
0
9616
0
0
0
0
0
9621
0
0
0
0
0
0
0
9784
0
0
9678
11745
11419
9324
9784
9344
9784
11188
9663
9665
0
9663
0
0
9679
9679
0
9663
9593
9665
9679
9687
0
9695
11195
0
0
0
0
9681
9686
9687
9686
0
0
9695
9695
9681
9687
9728
9728
9678
0
9718
9679
9695
9695
9686
9718
9695
9681
9687
9739
0
9695
9718
9687
9718
0
9718
9728
9718
9739
9681
9695
0
9718
9718
9739
9695
9686
9711
0
0
9687
0
0
0
0
9687
9695
9687
9739
0
12508
9739
0
9718
9739
9739
12511
0
0
9728
0
9739
9739
12509
12430
9739
0
0
0
0
9621
12493
0
9797
0
0
0
9765
0
0
9336
0
9765
9765
0
9777
0
0
0
9777
0
0
18292
9593
9665
9687
9663
0
0
0
0
9651
9756
0
9593
0
18291
9785
9785
0
0
9796
18292
18292
9807
18294
9811
9807
9338
9344
0
0
9807
9811
0
9330
9811
9797
0
0
0
0
0
0
0
0
0
0
0
0
0
0
9825
0
0
0
0
0
0
0
0
0
0
0
8056
0
9847
0
10252
7770
0
7770
10212
9852
10252
0
0
0
4195
11575
4462
11578
11562
0
11583
9863
0
4195
4472
10135
4307
0
0
9375
0
11610
0
0
0
0
10546
10546
9881
10542
0
9881
11725
10548
10548
11725
10548
0
10550
9980
10517
9895
10803
11725
0
11725
9966
0
10591
0
9940
9942
11451
9931
9881
9888
10801
10801
9900
9940
9895
0
9900
0
0
9900
9900
9980
0
0
11113
10550
9943
0
9943
11717
9977
9929
0
11195
0
10331
9924
9895
0
9931
10331
10993
10993
0
11201
0
0
10459
9940
9963
0
9924
11401
9995
9963
9912
0
9961
9963
0
9963
9929
9888
0
0
9963
0
9993
9968
0
9993
0
9942
11206
11388
10363
10351
10331
0
11182
0
9993
9993
0
10329
10977
9993
9977
9966
9996
9989
9989
0
9989
9989
9966
0
9995
0
0
9993
0
10085
0
11862
11862
11862
8891
10092
10023
11813
11230
10023
10252
7766
11230
12086
11862
10023
10740
10000
10023
10023
7978
10023
10092
0
10757
10023
8847
7978
10023
10023
9421
7978
10473
7978
7978
0
10023
10023
8335
0
0
0
12000
10054
12078
0
11933
10054
10045
10063
11913
0
0
0
0
10063
12000
11901
10063
10054
0
10063
11904
0
11001
0
0
12070
10063
0
0
10063
11901
10075
10135
0
7895
10000
12086
7960
7895
8037
12086
7978
11597
0
10092
10092
11597
10092
12086
7960
0
7960
7895
7895
7895
7895
10000
10000
0
0
12019
11583
12025
10139
12019
10075
11583
12029
11583
10113
11557
0
10113
10139
10113
10113
12025
10135
10113
11562
10113
11557
10139
11578
10139
11557
11557
12025
10139
10113
11557
10139
11933
0
10139
11557
12025
0
4026
0
10063
10075
10139
0
10163
10163
10075
0
10075
10139
11575
11569
10063
11575
10163
12025
10163
10163
10149
10139
11575
0
11933
0
0
10170
0
0
0
0
0
11562
0
12066
11933
10139
0
12066
10348
10139
10139
10139
11562
11575
11562
0
11575
0
11575
0
0
12025
0
10135
0
0
0
0
11575
4176
4012
0
10075
0
11862
0
11597
10198
11597
8387
0
11597
11597
10085
7859
8335
10252
0
11597
10252
0
0
0
11597
0
0
0
10348
11597
0
0
0
11597
0
0
0
0
0
0
0
0
0
0
0
0
0
10212
0
0
11597
0
0
0
0
0
0
0
9844
0
0
10297
0
10375
0
0
0
0
0
0
0
11369
0
0
0
10299
0
0
10289
0
11383
0
0
10299
0
0
11360
0
0
0
0
11370
0
10404
10319
0
0
0
0
11354
0
10789
11459
0
0
0
0
0
0
0
0
10789
0
11350
11113
0
0
10421
0
9996
0
9989
11123
9996
10329
11115
10329
10329
0
9989
0
11200
9996
10361
11115
9996
9993
9989
0
11200
0
10654
0
10329
0
9663
9996
0
10361
11503
0
0
10348
10646
10348
11323
0
0
10646
0
0
0
0
0
10760
10649
0
10834
0
10410
10375
0
11383
10385
0
10421
11626
11619
10421
0
11342
10384
10385
0
0
10407
11623
16695
10421
10369
11660
11626
0
11463
0
11503
0
11303
10393
10369
10369
10385
10410
0
11633
11626
0
11622
10410
0
10385
11619
0
10789
0
0
11448
0
0
16891
0
10521
10426
0
10426
0
10426
10430
0
0
10463
11005
0
0
0
0
0
11182
11009
10582
0
0
0
10509
10509
10441
10547
10441
10547
0
10681
10459
10525
0
0
10525
10509
0
0
0
10534
10582
0
9940
10681
10681
10443
0
0
10606
10348
0
0
10834
9898
10514
0
10624
0
11451
10477
0
10542
10534
10542
10546
10455
10542
10668
0
0
0
0
10496
0
0
10668
0
10443
10664
10668
10681
0
10477
10582
12078
11717
11248
0
10542
10509
10525
10689
0
11788
10534
0
10509
0
10463
0
10541
10519
10521
0
0
0
0
10816
10519
10525
0
0
0
0
10459
0
0
11717
10757
0
0
10509
10591
10681
0
0
0
10525
0
10509
0
9888
0
0
10547
10550
10591
10591
10361
9900
11717
0
0
0
0
0
0
0
0
10547
0
11479
10834
11503
10837
10601
0
10857
10868
11717
0
10606
0
10857
10361
10348
10348
10825
10606
0
10743
10685
0
0
0
10601
11274
11291
10578
0
10857
10834
10601
10857
0
11717
10834
10606
9895
10547
10685
11717
0
10730
10614
0
0
0
10751
10857
0
9888
0
10704
0
11503
10514
10751
10606
10868
10837
10601
10649
10348
10825
10548
10649
11187
11293
0
10591
10546
10591
10348
0
10348
11187
0
10986
10534
0
9940
0
11255
0
10911
0
10668
0
10668
11255
10668
0
0
10689
10935
0
10811
11766
10935
10689
10825
10811
10896
10811
10954
10548
11249
0
0
11248
10534
10509
0
11255
10547
11277
0
10954
0
10664
10954
11479
11479
10704
10348
11503
11293
11293
10704
10751
10837
0
10704
10896
11293
10791
10348
0
11479
11070
10361
11016
10740
10740
11098
11034
10728
10751
10740
10791
0
10740
11016
10740
10728
0
10935
0
0
10772
10740
11081
10757
11291
0
11098
11291
0
10775
11291
0
11077
10751
11077
11079
11034
0
10751
0
11291
11034
10757
11291
0
0
10751
11034
0
11039
11098
0
0
10704
10757
10704
11039
11039
0
11303
0
0
11291
0
0
0
0
11098
11016
10782
0
11090
11293
10751
0
10757
0
0
0
0
0
0
11039
10723
11081
11016
0
11098
10805
0
0
0
0
0
0
0
0
0
11277
0
10954
10896
11249
10542
0
11249
11821
10542
10578
10911
10459
10606
10868
0
11187
0
10834
10837
10868
11503
10834
10601
0
10825
10473
0
10834
10825
10517
10911
0
10868
11813
10578
10825
10584
10542
10857
10811
10542
11792
10584
10578
10534
10578
0
11766
10834
0
10837
10871
0
0
10509
10871
10935
0
11010
0
0
10870
10534
0
10870
10534
11766
10534
11766
0
11005
10954
11917
10834
10547
10834
10816
10896
10837
11881
0
0
10954
11249
10911
0
11807
10911
11807
9895
10473
0
10857
11897
10606
10837
10825
11884
11804
11807
0
10911
11820
0
0
10525
0
10857
11807
11813
11807
10911
0
10911
11809
11809
11820
11820
10993
11311
11820
10584
10911
11821
0
10525
10857
10857
11807
10935
10911
7766
10911
11809
10911
11821
11933
10668
11503
10871
0
10825
10871
0
11821
10870
11813
0
11821
10871
11809
11809
11761
0
0
0
0
0
10685
0
0
0
0
0
0
0
0
9421
11219
9421
10563
10563
10985
0
0
0
0
0
0
0
10552
0
0
0
0
10051
10517
0
0
0
0
10993
0
0
0
0
0
0
0
0
0
11016
0
11069
11034
0
10791
11039
0
11070
0
11039
0
11069
11077
11034
11016
11081
11323
11039
11069
10728
11070
0
11039
11077
11081
11034
0
11039
11039
11081
11039
0
11081
11070
11081
11320
11034
0
11069
0
10751
11323
0
11069
11321
11055
11034
11069
11069
0
11167
11039
11039
11164
0
0
0
0
11069
0
0
0
10503
11362
0
10777
0
0
0
11098
11164
11370
0
11109
0
11016
0
0
11016
0
11176
10757
11135
0
11089
0
0
0
0
11092
0
11039
11016
11098
0
9975
0
11077
10791
11098
0
9665
0
9989
0
9989
9993
11127
9995
9516
0
11200
0
10329
0
9993
11403
9989
11200
0
0
0
0
0
11135
0
0
0
0
0
0
0
0
0
0
0
11135
0
0
0
11884
0
0
0
0
0
11323
11340
11098
0
11055
0
11170
11170
0
11323
11343
0
11323
11323
0
0
0
0
0
9960
0
11013
10397
0
11725
11200
11200
10397
0
0
11127
11403
11202
11200
11401
11403
0
11401
0
11401
11401
0
0
0
9663
11401
11401
0
0
0
11821
10985
11884
0
10054
10985
11884
11884
9298
10563
0
11862
9421
11219
9411
9404
9404
11862
8004
9422
9299
0
8068
9404
0
9422
0
8891
8891
11862
8845
8845
8845
8387
8872
11862
11884
11884
0
0
0
11891
11766
11836
0
10954
0
10811
10525
10993
10993
11274
11187
11263
0
10993
10477
9961
10923
11013
10923
10993
11284
11274
0
0
11284
0
0
0
0
0
0
11284
11539
0
0
0
0
0
9961
0
0
11081
0
10751
10514
10740
11293
10740
10704
10751
11293
10760
0
10348
10751
11291
11303
10548
9900
10730
0
10704
11323
11886
12004
10896
10954
11249
0
0
0
11340
0
0
11360
11373
11379
11383
0
11016
11323
11343
11340
11077
11176
0
11479
0
11349
0
11167
0
0
11055
11323
11340
11373
11170
0
0
11323
11340
11379
0
0
10316
11167
11109
10299
0
11373
0
0
11167
11323
10289
0
0
0
0
11342
0
0
10316
0
10375
11504
0
0
0
11354
0
0
0
0
11342
11342
0
0
11516
11401
11422
0
0
0
0
10307
0
11404
0
0
11401
0
0
11401
0
11721
11202
11401
0
0
0
9995
11206
0
11403
11401
11720
0
0
0
0
11441
11441
11419
0
11401
0
0
11422
11441
11479
11441
0
11441
0
0
11441
0
9645
0
0
0
11451
10415
0
10704
0
10348
9665
0
0
0
11479
0
10410
0
0
0
10546
11354
0
0
10421
10546
11293
11626
11459
0
11725
0
0
10704
0
10430
0
9956
0
0
10601
10348
10348
0
10430
10348
0
0
0
11474
10601
0
10578
0
0
10473
10911
10514
0
0
10348
0
0
0
0
0
10361
0
0
10421
11354
3950
11597
11597
10100
0
0
0
11597
12086
7477
0
0
0
7477
0
0
0
0
9847
0
7477
9847
0
11578
0
0
7770
0
0
0
11562
0
0
0
0
0
0
11557
0
0
0
0
11562
0
0
11562
0
0
0
0
11557
0
0
10139
4462
0
11575
0
0
11578
0
12028
0
4195
0
11583
11562
0
0
10075
4462
0
0
4462
11578
4462
3832
11578
11575
4969
4195
0
0
12047
0
7770
0
11593
0
11597
11610
0
0
0
0
0
0
0
0
0
0
0
0
0
0
0
16673
0
0
0
0
0
0
11653
10375
0
11626
11664
11653
11653
11644
11653
0
0
11638
16884
0
0
11644
11644
11622
16883
16680
0
16891
16891
11638
16693
17240
16680
11638
17241
0
17241
16891
11653
11638
16696
0
0
17241
0
11619
0
0
0
11653
0
0
0
17238
0
0
16905
0
0
0
16916
0
0
11672
0
0
11638
0
0
11680
0
0
0
0
0
0
0
16926
0
0
11717
11291
10751
10757
11123
16878
11717
9888
9900
0
0
0
11441
0
0
11187
10547
11745
11419
0
0
0
0
0
11730
0
11730
0
0
0
0
11207
0
0
0
0
0
11206
0
0
0
0
0
0
0
11745
11419
0
11745
0
9784
9797
0
11745
11745
0
11420
0
11410
0
11255
11763
11832
0
11763
0
0
11886
0
11766
10896
11788
11766
11836
11941
11886
11766
11980
11832
11248
11248
11255
11832
10870
11792
10896
11888
11248
10870
11941
0
10896
10837
11788
0
11917
11886
11891
11813
11807
11886
0
11788
11248
10935
11918
0
0
11766
0
11807
0
0
11813
11891
0
10911
11813
11807
10834
11892
0
0
0
0
11901
0
0
11763
11792
11792
11248
0
10896
0
11830
11888
11941
0
11921
12004
11892
0
11809
11792
11809
0
11813
0
0
0
11001
0
0
11813
0
10654
10000
11933
10063
11821
10649
11813
7978
0
11862
8845
8872
10000
8845
9421
0
0
0
11607
0
9871
0
0
0
11832
0
0
0
0
11980
0
11901
0
11766
0
11880
11921
0
0
0
11804
11804
0
0
10054
12078
0
0
0
0
0
12055
0
10000
12086
10100
8573
11921
11928
0
12000
11952
12019
0
0
0
10954
0
11954
0
0
0
11933
0
0
11941
11880
12000
11804
0
11933
10075
11884
11913
11933
11917
11913
0
11928
0
11933
11933
0
11913
11928
11933
0
12000
0
0
0
0
0
0
0
0
0
0
11836
0
0
12019
0
12004
0
12024
12029
0
0
0
11913
11918
0
11578
12029
12004
0
12029
12029
0
12057
10063
11886
11980
12000
11917
12000
11917
12029
12028
11917
12025
12004
11933
12000
11913
0
12028
10063
12028
0
12029
11886
12019
12029
12029
12028
11933
11913
12019
10113
12004
11941
11933
11928
0
12029
12029
12019
12019
0
0
12029
12019
0
0
10113
10075
10139
12029
12028
10113
12028
11933
12004
11980
10163
12000
12029
12025
10113
12028
10163
0
0
0
10054
0
12078
11813
0
0
10051
0
0
12055
12070
11884
11884
10054
10040
0
0
0
0
10054
0
11592
11884
12055
11001
11001
11821
0
0
11592
7978
10092
10085
10000
8387
10000
0
8387
0
0
0
0
0
0
0
0
0
0
0
0
0
0
0
0
0
0
0
0
0
0
0
0
0
0
0
0
0
0
0
0
0
0
0
0
0
0
0
0
0
0
0
0
0
0
0
0
0
0
0
0
0
0
0
0
0
0
0
0
0
0
0
0
0
0
0
0
0
0
0
0
0
0
0
0
0
0
0
0
0
0
0
0
0
0
0
0
0
0
0
0
0
0
0
0
0
0
0
0
0
12182
0
0
0
0
0
0
0
0
0
0
0
0
0
0
0
0
0
0
0
0
0
0
0
0
0
0
0
0
12358
0
0
0
0
0
0
0
0
0
0
0
0
0
0
0
0
0
0
0
0
0
0
0
0
0
0
0
0
12250
0
0
0
0
0
0
0
0
0
0
0
0
0
0
0
12345
0
0
0
0
0
0
0
0
0
0
0
0
0
0
0
0
0
0
0
0
0
0
0
0
0
0
0
0
0
0
0
0
0
0
0
0
0
12358
0
0
12098
0
0
0
0
0
0
0
0
0
12345
0
0
0
0
0
0
0
0
0
0
0
0
0
0
12623
12618
0
0
0
0
0
0
0
0
0
0
0
0
12335
0
0
0
0
0
0
12438
0
0
0
0
0
0
0
0
0
0
12457
12468
12523
12429
12527
12491
12470
12376
12470
12493
12493
12470
12524
0
12374
0
12376
12376
12524
12374
12470
0
12374
12374
0
12382
0
0
0
0
0
0
0
9494
0
0
0
0
0
0
0
0
0
0
0
12446
12347
0
0
12405
9471
0
12438
9480
12447
0
12447
0
12447
0
0
12408
0
0
12391
0
9728
9739
0
0
9728
0
9728
9728
0
0
9739
0
9739
0
9728
0
0
0
0
0
0
9728
0
0
0
0
0
12489
12468
12491
0
9480
9754
9728
0
0
12470
0
0
0
12524
0
12491
0
0
0
12491
12491
12494
12493
12464
12470
12491
12464
0
0
12515
12457
0
0
9711
12515
0
0
0
9728
0
0
12464
0
12491
0
12470
0
0
12493
0
0
0
0
0
0
0
0
0
12468
0
9728
0
0
0
0
12532
12532
12532
0
0
0
12560
14682
0
12522
12542
12560
12560
0
12524
15218
12560
14682
0
12493
12549
14682
12464
0
12653
14681
12374
12549
12560
12542
0
12426
0
12549
12560
12549
12560
14681
12560
12560
0
0
12560
0
12507
0
0
12560
12560
14681
12560
12560
0
0
14681
12560
0
0
12374
0
0
0
0
0
0
0
0
0
0
0
0
0
0
0
0
0
0
0
0
0
0
0
0
0
0
12560
0
0
0
0
12666
0
0
0
0
0
12335
0
0
0
0
0
0
0
0
0
0
0
0
0
0
0
0
0
0
0
0
0
0
0
0
12335
0
0
0
0
0
0
0
0
0
0
0
0
0
0
0
0
0
0
0
0
0
0
0
0
0
0
0
0
0
0
0
0
0
0
0
0
12935
0
0
0
0
0
0
0
0
0
0
0
0
0
0
0
0
0
0
0
12700
0
0
0
0
0
0
0
0
0
0
0
12857
0
0
0
0
0
0
12778
0
0
0
0
0
12775
0
12763
0
0
12763
0
12778
12770
12778
12772
0
0
12763
0
12772
12780
12743
12756
0
12759
0
12743
12743
12751
12751
0
0
12984
0
0
12751
0
0
0
12751
0
0
12790
0
15869
0
12751
0
12743
0
12736
12801
0
12775
0
0
0
0
0
12775
0
12956
0
12956
12837
0
12763
12969
12756
0
0
12775
0
0
0
12797
12763
0
0
0
0
0
12761
0
0
0
0
0
0
0
0
0
0
0
0
0
0
0
0
0
0
0
0
0
0
0
0
0
0
0
0
0
0
0
0
0
0
0
0
0
0
0
0
0
0
0
0
0
0
0
0
0
0
0
0
0
0
0
0
0
0
0
0
0
0
0
0
0
0
0
0
0
0
0
16067
0
16067
12884
0
16067
0
16067
12907
16067
0
12930
0
12884
0
0
12884
0
16083
12902
12904
12884
12908
0
12908
0
12884
12908
16083
0
0
0
0
0
16083
0
0
0
0
0
0
0
0
0
0
0
0
0
0
0
0
0
12907
0
0
0
0
12914
0
0
0
0
0
0
0
0
0
0
0
0
0
0
0
0
0
12975
0
0
0
0
0
0
0
0
0
0
0
0
0
0
0
0
0
0
0
0
0
0
0
0
0
0
0
0
0
0
0
0
0
0
0
0
0
0
0
0
0
0
0
0
0
0
13002
0
0
0
0
0
12977
0
0
0
0
0
0
0
0
0
0
0
0
0
0
0
0
0
13010
0
13023
13040
13023
0
0
14801
14801
13032
0
13040
0
0
0
13032
0
0
0
0
0
0
0
0
0
0
0
0
0
0
13606
13611
13010
13063
0
13016
13010
0
13533
0
13063
13010
0
0
0
0
14801
13023
0
0
0
0
0
0
0
0
0
0
0
0
0
0
0
0
0
0
0
0
0
0
0
0
0
0
0
0
0
0
0
0
0
0
25620
25616
0
13104
0
0
0
0
0
0
0
0
13503
13117
13135
0
0
0
13522
0
0
0
13825
0
13161
0
0
0
0
0
0
0
13545
0
0
0
0
13117
0
0
0
0
0
0
0
0
13179
0
0
13564
0
0
0
0
0
0
0
0
0
0
0
0
0
0
13300
0
13178
0
0
0
0
0
0
0
0
0
0
0
0
0
0
0
13247
0
0
0
13189
13193
0
0
0
0
0
0
0
0
0
0
13184
0
0
0
0
0
13541
0
0
0
13219
0
13541
0
13214
13214
0
13207
0
13251
13207
0
13268
0
0
0
0
0
0
13236
0
0
0
0
13214
13207
0
0
0
13252
0
13238
0
0
0
0
13214
0
13365
0
0
0
0
0
0
0
0
0
0
0
0
0
0
0
0
0
13272
0
0
0
0
0
0
0
0
0
13632
0
0
0
13632
0
0
13551
0
0
0
0
0
0
0
0
0
0
0
0
0
0
0
0
0
0
0
0
0
0
0
0
0
0
0
0
0
0
0
0
0
0
0
0
0
0
0
0
0
0
0
0
0
0
0
0
0
0
13525
0
14573
0
13642
0
13314
14578
0
0
0
0
0
0
0
0
0
0
0
0
0
0
0
0
0
0
0
0
0
0
0
0
0
0
0
0
0
13435
13354
0
0
0
0
0
0
0
0
0
0
0
0
0
0
0
0
14578
0
0
0
0
0
13868
0
0
0
0
0
0
0
0
0
0
0
0
0
14573
0
0
0
0
0
0
0
0
0
0
0
13400
0
0
0
0
0
13435
0
13211
0
0
0
13240
0
0
0
0
13525
0
13552
0
14578
0
0
13365
0
0
0
0
0
13452
0
0
0
0
0
0
0
0
0
0
0
0
0
0
0
0
13485
0
0
0
0
0
0
0
0
0
0
0
0
0
0
0
0
0
0
0
0
0
0
0
0
0
0
0
0
0
0
0
0
0
0
0
13120
0
13120
0
13582
0
0
0
0
0
0
13578
13582
0
0
13577
13481
13515
0
13503
0
0
0
0
13515
0
0
0
0
0
0
0
0
13503
13207
13214
13207
0
13564
0
13582
0
0
0
13117
0
13552
13503
13582
0
0
0
0
13503
13582
13541
13541
0
0
13541
13563
0
0
13582
13582
13553
0
0
13577
0
0
0
0
0
0
0
0
0
0
0
0
13503
0
13552
0
0
0
14491
13522
0
0
0
0
0
0
0
0
0
13010
13010
0
0
0
0
0
0
0
0
0
0
14479
0
13611
0
0
0
0
0
0
0
13582
0
0
0
0
13582
13582
0
0
0
0
0
0
0
0
0
0
13642
0
13642
0
0
0
0
0
0
0
0
0
0
0
0
0
0
0
0
0
0
0
0
0
0
0
0
0
0
0
13659
0
0
0
0
0
0
0
0
0
0
0
0
0
0
0
0
0
0
0
0
0
13930
0
0
0
0
13933
0
0
15181
0
15438
0
0
0
0
0
0
0
0
0
0
0
13674
13720
13720
13720
0
0
13720
0
0
0
0
0
0
0
0
0
0
0
0
0
0
0
0
13674
0
0
13758
0
13745
0
0
0
0
0
0
0
0
0
13698
0
0
15181
0
0
0
0
0
0
0
13746
0
0
13772
14798
13930
13772
14979
13772
15465
0
13772
13772
15226
13929
13772
15465
15468
15465
0
14525
13930
0
13806
13823
0
0
0
13789
0
0
0
13793
13793
13806
0
0
0
13791
0
13803
0
13793
13803
0
0
13793
0
0
0
0
0
0
0
0
13839
0
0
0
13824
13824
0
0
0
14525
14558
13839
0
13825
14563
13864
14563
14430
14558
13890
13839
13843
0
13845
13890
13843
0
14558
0
14568
13860
0
13876
13839
0
0
13839
13843
0
0
13825
15408
0
0
0
0
0
0
0
13888
0
0
0
13888
0
0
0
0
0
0
0
0
13864
0
0
13878
13887
13890
0
14493
0
0
0
0
0
0
0
0
0
0
0
0
0
0
0
0
0
0
0
0
0
0
13895
0
0
0
0
0
0
0
0
0
0
13645
0
14418
14523
13933
14489
14418
13921
13929
0
0
0
0
0
0
0
0
0
13933
0
13772
0
0
0
0
0
14097
14097
14160
14097
0
0
0
14097
0
0
0
0
0
0
0
0
0
0
0
0
0
0
0
0
0
0
0
0
0
0
0
0
0
0
0
0
0
0
0
0
0
0
0
0
0
0
0
0
0
0
0
0
0
0
0
0
0
0
0
0
0
0
0
0
0
0
0
0
0
0
0
0
0
0
0
0
0
0
0
0
13895
0
14046
13895
0
0
0
0
13897
0
0
0
0
0
0
0
13902
13896
0
0
0
0
13913
0
0
0
0
0
0
0
0
0
0
0
14593
0
0
14594
0
14372
0
14601
14593
0
0
0
0
0
0
0
0
14149
14097
14097
0
14090
0
14082
14085
0
17368
14127
14097
14097
0
14995
14090
17366
17368
14123
17368
0
14085
14076
0
0
0
0
14230
14114
14114
14149
14114
14230
0
14158
14114
14136
0
14230
14141
14439
14260
14114
14123
0
14137
0
14090
14127
14137
0
14137
14137
0
14127
14158
14123
14192
14225
0
0
14123
18381
14123
0
14123
14137
14160
14942
14127
14085
14127
0
14085
14137
14160
14137
14180
14180
0
14082
0
14137
0
14127
0
14127
14230
14230
0
0
14162
14171
14085
0
14114
14114
14085
0
0
0
0
0
0
0
0
0
0
0
0
0
0
0
0
0
0
0
0
0
0
0
0
0
0
0
0
0
0
0
0
0
0
0
0
14175
14222
0
0
14255
14255
14230
0
0
0
14255
0
13985
14160
0
0
0
0
14249
0
14227
14227
14259
14158
14256
14230
14275
14230
14158
14255
14244
14230
14114
0
14255
14271
0
14114
0
14225
14225
14259
14160
0
0
0
14256
14255
0
0
14271
14230
14334
14256
14244
14256
14227
14255
14260
14334
0
0
0
14255
0
0
13983
0
0
14256
0
0
0
0
14260
0
0
14343
14290
0
0
14343
0
14323
0
0
0
14290
0
0
0
14323
0
0
14290
0
0
0
0
14256
14303
0
0
0
0
0
0
0
0
0
0
14259
0
0
0
0
0
0
0
14290
0
0
0
0
0
14259
14271
0
0
0
0
14345
0
0
0
14356
14356
0
0
14356
0
0
0
0
0
0
0
0
0
0
0
0
0
15441
0
0
14345
0
0
0
0
0
0
0
0
0
0
0
0
0
0
14380
0
0
0
0
0
14387
15581
0
15581
0
0
0
0
0
14458
14418
0
13930
14419
13921
13933
14419
14531
0
0
14489
14416
0
13933
0
13921
14418
14495
0
0
0
0
0
14511
0
14495
0
0
0
0
0
0
0
0
0
0
0
0
0
14594
14593
0
15028
18342
0
0
0
0
0
0
0
0
0
0
0
0
0
0
0
0
0
0
0
0
0
0
0
0
0
0
0
0
0
0
0
14496
14496
14479
14496
14416
14523
0
14416
14496
14484
13885
0
13921
0
14416
14428
0
14495
0
13921
0
0
0
0
14495
0
14495
14511
13921
14511
14531
14495
14523
14523
14416
14416
0
14511
0
14523
14495
14416
13772
13813
0
13813
0
14578
14523
0
0
14422
0
0
14525
0
13885
13824
0
13645
15465
0
0
0
0
0
0
0
0
0
14511
13824
13930
14558
15465
14525
14531
14558
0
13824
15412
13885
14525
13839
14568
0
14568
14568
14568
13885
0
14568
13839
13887
14525
0
14568
14568
15408
14511
0
13645
0
0
13642
0
0
0
0
0
0
0
14618
0
14618
14593
0
0
0
0
0
0
14596
0
0
0
14600
0
0
14593
0
0
0
14596
14618
0
14593
14616
0
14616
0
0
14596
0
0
0
0
0
0
0
0
0
0
0
0
0
0
0
0
0
0
0
0
0
0
0
0
0
0
0
0
0
0
0
0
0
0
0
0
0
0
0
0
0
13642
13642
0
14727
0
15189
0
15146
15480
0
14675
0
0
0
14727
0
0
0
0
0
14681
14681
14681
14681
0
0
0
14681
15260
14681
15184
14696
0
0
0
14691
14702
14702
15121
0
14696
15121
14702
14702
14734
0
14702
14696
14738
15061
14741
14719
14811
14792
14779
14741
14715
14734
0
14719
14748
14868
0
0
14702
14691
15121
14748
14719
14690
0
15121
14809
0
14779
14720
14779
0
14741
14811
14779
0
14810
14895
0
0
15691
15121
0
0
14753
0
14696
14696
15530
14792
0
14761
0
0
0
0
0
0
0
0
0
0
0
0
0
0
0
0
0
0
14809
0
0
14823
14809
0
0
14738
14738
14851
14851
0
14946
14872
14809
14691
0
14875
0
0
0
0
14136
0
0
0
15176
0
0
0
15188
0
0
0
14801
0
0
0
0
14851
0
0
0
14894
14810
0
14801
15565
14908
14823
0
15188
0
15176
0
0
14823
14883
14823
14883
14868
14908
0
0
0
14823
14823
14730
15530
15217
15357
15530
15530
15121
14691
15530
15530
0
0
14894
14894
14809
15303
14741
14753
15303
14868
0
14851
15324
0
0
14823
14784
14872
0
15303
15352
14868
0
15124
14851
0
14851
0
0
14868
15365
0
15574
0
14883
0
15169
14906
14883
14883
14892
14883
0
14906
0
0
14892
14883
0
16194
15030
17368
16194
14906
14906
14908
0
0
0
0
16194
15010
14961
0
0
0
15561
14980
14984
15188
0
0
0
0
17311
0
15057
0
17246
17293
0
15170
14935
15040
14935
0
0
14991
14935
17346
0
14121
0
14935
17368
14935
0
15029
0
14097
14995
17368
14995
15188
0
14961
15028
0
17366
0
15207
0
15004
17337
17341
0
15034
17368
17333
14136
15028
15030
17362
17351
17311
17309
0
14989
0
0
0
0
14991
0
0
15069
14989
15053
15069
0
14935
0
17346
14991
0
0
15191
0
0
0
0
14965
0
15188
0
15561
15024
0
0
0
0
15438
15444
0
0
0
0
0
0
0
0
0
0
0
0
0
14946
14936
0
0
0
15029
14160
0
0
17362
15440
15064
15064
15069
0
15151
15047
0
15059
0
15047
0
0
0
0
0
15064
0
15064
15059
15047
0
15064
0
0
0
15118
15040
0
15061
15093
14727
14727
0
0
15061
0
0
0
0
0
0
0
0
0
0
15111
14149
0
15040
0
0
15091
15057
14995
0
0
0
0
14702
0
0
14702
0
0
0
0
14702
14702
14702
15097
0
0
14691
14696
0
0
0
15102
0
15092
15096
0
14702
0
0
14696
0
0
0
0
0
0
14681
14681
15480
0
0
14681
14668
14681
15214
14681
0
15478
14681
15170
0
15176
14675
0
0
15171
15132
14682
0
0
15132
0
15415
15132
15133
15260
0
14663
15184
15166
0
15233
15163
0
14682
14669
0
0
0
15151
0
0
0
0
0
15444
0
0
0
14661
0
0
14965
14965
15191
0
0
15329
0
15530
15329
0
0
0
15184
0
15207
0
0
15221
0
0
0
15191
0
0
0
15200
15207
0
15171
0
15232
15480
0
0
15262
15214
0
0
0
14798
14666
0
0
0
0
15214
0
0
0
0
15482
0
15465
0
0
0
0
0
0
15271
0
0
0
0
15444
0
0
15166
0
0
15181
0
0
0
0
0
15151
0
14800
15146
0
14702
0
0
0
0
0
0
14691
0
0
0
0
0
0
0
0
0
0
0
0
14875
14696
15212
0
0
0
0
14696
0
0
15415
0
0
0
0
14868
15311
0
14868
0
14906
15313
0
15316
15319
0
0
0
15313
15311
0
0
15311
0
15319
15353
0
0
0
15386
0
15303
14881
0
0
0
0
0
0
0
15386
15370
0
0
0
15370
15370
0
15319
15316
0
0
0
0
0
0
0
0
0
0
15317
0
0
0
0
15370
0
0
0
0
0
0
0
0
0
0
0
15507
15372
0
0
0
0
0
15370
15397
0
15354
15386
15313
0
0
0
0
0
0
0
14881
0
0
0
0
0
0
15516
15271
0
0
0
15271
15133
0
0
15484
0
15410
0
0
14702
0
0
0
0
15367
0
15444
13705
0
0
0
0
14394
15589
15367
15444
13705
15656
0
14387
0
14387
15181
0
14666
0
0
15181
14965
0
15438
0
0
0
0
0
0
17310
17310
0
0
0
15589
14965
15226
0
15468
0
0
14979
0
13772
14965
0
0
13772
15438
15465
15226
15465
0
0
0
0
14798
0
14965
0
13772
0
13829
0
15465
0
15465
15465
15207
14525
14668
0
14965
0
0
0
0
0
0
0
0
0
0
0
0
0
0
0
0
0
0
0
0
0
0
0
0
0
0
0
0
0
0
15191
0
15534
0
0
15504
0
15417
0
0
0
0
0
0
0
0
0
0
0
15541
0
0
0
0
0
0
0
0
0
15565
0
0
15565
15563
0
0
0
0
0
0
0
0
0
0
0
0
15311
0
0
0
0
15552
0
0
0
0
0
0
0
0
0
0
0
0
0
0
15589
0
15191
0
0
0
0
0
0
0
0
0
0
0
0
0
0
0
0
0
0
0
0
0
0
0
0
0
14965
14965
14798
14965
14965
0
0
0
0
0
0
0
0
0
0
15860
0
0
15504
0
0
0
0
0
0
0
0
0
0
0
0
0
15170
0
15438
13698
0
15028
17368
15191
14965
15028
17362
14097
14082
0
14946
0
15730
15810
0
0
0
0
0
0
0
16194
15702
0
15882
15702
0
0
0
0
15825
16194
0
0
15730
0
15746
0
14892
0
14908
16194
14892
16194
0
0
0
0
0
0
0
0
0
15726
0
0
0
0
0
0
0
0
0
15831
0
15730
15730
15730
15730
0
0
15756
0
15756
0
15930
15746
15934
0
15754
15746
15728
0
15924
0
15756
15934
15746
0
0
0
0
0
0
0
0
0
0
0
0
0
0
0
0
0
0
0
0
0
0
0
0
0
0
0
0
0
0
0
0
0
0
0
0
0
16200
16194
0
16126
0
0
16126
15797
0
0
0
0
0
15832
0
0
0
15832
0
0
0
0
0
0
0
0
0
0
0
0
15416
0
0
0
0
0
0
15706
0
0
0
0
0
0
0
0
15825
0
0
15825
0
0
0
0
0
0
0
0
15832
0
0
0
15867
17050
15700
0
0
0
15790
0
16170
0
0
0
0
15823
15700
17036
0
0
15832
15706
0
0
0
0
0
0
0
0
0
0
15869
0
12772
0
0
0
0
15896
16545
0
0
16544
15895
0
16544
0
0
15973
0
0
0
0
0
0
0
0
0
0
0
15416
0
15416
0
0
0
0
15823
0
15675
12770
15532
0
15734
15924
15929
15746
0
15923
15924
15924
0
0
15924
24865
0
15598
0
0
24865
15598
0
0
15598
15930
0
0
14927
0
0
0
0
0
16006
0
15953
15953
0
0
15961
16047
0
16001
0
16047
0
0
0
0
0
15967
0
0
0
15869
0
0
16083
15896
0
0
0
15985
16542
16180
15992
0
0
0
0
15896
0
16005
0
0
15985
0
15996
0
0
0
16011
0
0
0
0
16044
0
0
0
0
15773
16005
0
0
0
0
16011
0
0
0
0
0
0
0
0
0
0
0
15785
0
16040
16040
0
15949
0
16083
0
16040
16027
0
0
16067
0
0
16083
0
16070
0
0
0
0
0
0
0
0
0
0
12901
0
0
0
0
0
0
0
16083
16067
16083
16083
16083
16083
12901
0
16025
0
16083
16083
0
15892
0
0
0
16067
16083
0
15597
24861
16067
16083
0
0
12913
16083
12884
0
0
16083
12930
0
0
0
0
12930
0
0
0
0
16104
0
0
0
0
0
0
0
0
0
0
0
0
0
0
0
0
0
0
0
0
0
0
0
0
0
0
0
15864
0
0
0
0
15640
0
0
0
0
0
0
0
0
0
0
0
0
0
0
0
0
0
0
0
0
0
0
0
0
0
0
16151
0
0
0
15869
0
0
15803
0
0
0
0
0
0
0
0
0
0
0
0
0
0
0
16189
0
0
16041
0
0
0
16126
16126
16126
16126
0
16200
16200
14892
16200
16200
0
16200
16200
16200
15869
16200
16200
16200
16200
0
0
0
0
0
0
0
0
0
0
0
0
0
0
0
0
0
0
0
0
0
0
0
0
0
0
0
0
0
0
0
0
0
0
0
0
0
0
0
0
0
0
0
0
0
0
0
0
0
0
0
0
0
0
0
0
0
0
0
0
0
0
0
0
0
0
0
0
0
0
0
0
0
0
0
0
0
0
0
0
0
16496
16911
16911
16563
0
0
0
0
0
0
16424
16304
16868
16304
0
16808
16378
0
16304
16366
0
16833
16840
16372
16788
16304
0
0
16617
16647
17196
16365
16340
16870
16633
0
0
0
16644
0
0
17206
17190
0
16376
0
0
17185
16333
0
0
16468
16756
16344
0
0
16364
0
0
0
16585
16870
0
0
17190
0
17206
0
16365
16366
16380
16468
16368
16364
0
0
0
17206
0
0
16803
0
0
16471
16377
16304
0
0
0
0
0
0
0
0
0
0
0
0
0
0
0
0
0
0
0
0
0
0
0
0
0
0
0
0
0
0
0
0
0
0
0
0
16608
16487
16411
16478
16637
16487
0
16926
0
16926
16487
16926
0
0
16478
0
0
16513
0
16563
16523
16529
0
0
0
16570
16436
17158
16733
16835
16828
17176
16733
0
17165
17158
17176
17158
17182
17176
16731
16835
16828
17206
16948
16468
0
16468
16458
16364
16336
17206
16400
16368
0
16384
0
17135
0
0
16366
16926
16606
16478
16478
16926
0
16487
0
16617
0
0
0
0
16606
0
16926
16602
0
0
0
16504
0
16880
0
16513
16504
16520
16298
16520
16559
16523
0
16565
16565
0
16896
16890
0
16880
16565
0
16520
0
0
17158
17135
0
0
16513
16893
0
16565
17126
16507
0
0
0
0
16803
16535
0
16807
0
0
0
0
0
0
0
0
16545
0
0
16544
0
15891
16544
16544
16538
16559
16559
0
0
16513
16562
16513
0
16513
16565
0
0
16911
0
0
16563
0
17130
0
0
0
16565
0
17191
0
16563
0
0
16634
16634
0
0
0
0
0
0
16645
16632
16911
16523
16436
0
16698
16478
0
16609
16596
16606
0
16632
0
16330
16606
16530
0
0
0
0
16622
16606
16632
0
0
0
0
0
16606
0
0
16609
0
0
0
0
16622
16606
16606
16606
0
16606
0
0
0
17142
0
0
16606
17457
17142
16571
0
16835
0
0
17230
0
16606
0
0
0
0
0
0
0
0
0
0
0
0
0
0
0
0
0
0
0
0
0
0
0
0
0
0
0
16891
16891
0
16900
0
16891
11634
0
16878
16424
0
11638
16926
0
0
11659
16891
0
11644
0
0
11638
0
0
0
0
0
0
0
16668
0
0
0
0
0
0
0
0
0
0
0
0
0
0
0
0
0
0
0
0
16970
17450
0
0
0
0
0
0
16828
0
16828
16835
16835
16307
16756
16803
16772
16770
16304
16819
16304
16870
16770
16304
16788
16378
16304
16781
16756
16775
0
16954
16772
16775
16783
16795
16968
16978
16811
16813
16781
16817
16787
0
0
16808
0
0
16821
0
16813
0
16954
16781
16813
0
16775
0
0
0
0
0
0
0
16372
16840
16811
0
0
0
16803
16813
0
0
0
0
0
0
0
0
0
0
0
0
16818
0
16817
0
16808
16788
0
0
0
0
16781
0
16962
0
17165
16835
17165
16835
0
16642
16978
17165
17470
0
17165
0
17135
16946
16828
0
0
17165
16828
17158
17119
15897
16378
16817
16807
17060
0
17064
16959
17064
17036
0
17000
17031
16804
17031
16833
17038
0
17064
0
17031
16962
16817
0
16471
0
16368
16816
16304
16378
17082
11644
17238
0
16891
0
0
0
0
0
16891
0
17241
0
0
0
0
17241
0
11619
16882
0
17474
16559
16900
0
0
16882
16563
16878
0
0
0
16513
11644
16916
0
0
16411
16916
16896
0
16584
0
0
0
0
0
0
16295
0
0
16617
16878
11602
16916
0
16900
0
16916
0
0
0
0
0
0
17438
0
0
0
0
0
0
0
0
0
0
0
17176
0
0
16977
0
0
0
16870
0
0
0
16978
0
0
0
0
0
0
0
0
0
0
0
0
0
0
0
0
0
0
0
0
0
0
16975
0
0
0
0
0
0
16978
16962
0
0
0
16925
0
16962
0
17038
16975
0
16962
17031
16962
17038
0
17077
16968
0
16833
17026
17026
0
0
17000
16968
16978
0
16821
0
0
0
0
16968
0
16821
0
17000
16968
16968
17082
0
0
0
17087
17050
17050
17058
17000
17066
17060
17060
15706
17084
0
0
0
17082
15706
15706
16968
17050
15706
0
17036
0
15683
15683
17066
0
15706
0
17060
17087
17084
17036
0
0
0
15689
17050
16092
0
0
0
0
0
0
15815
0
0
17084
0
17082
0
17050
17050
0
0
0
0
0
0
0
0
0
0
0
0
0
0
0
0
0
0
0
0
0
0
0
0
0
0
0
0
17457
16901
0
16496
0
17859
0
17182
17158
0
0
0
0
0
0
0
0
0
0
0
17182
17845
0
0
17176
0
17953
17953
16634
0
16523
17132
17119
0
16828
0
0
17132
0
0
0
0
0
17158
0
0
0
17965
17959
0
17952
17158
0
17182
16571
0
0
17182
0
17190
0
17195
0
17176
0
0
17132
0
0
16616
0
0
17185
16733
0
0
0
17185
17196
17190
17206
0
17185
17195
0
17206
0
17196
17213
0
16585
17464
0
0
0
0
17232
0
0
0
0
16609
0
0
0
0
0
0
0
0
0
0
0
0
0
0
16559
0
0
16559
0
0
16559
0
0
17300
0
18333
17407
17876
17314
17310
17321
17292
17300
17680
0
0
0
17766
17300
17300
18337
17407
18337
17276
17289
17289
17289
17276
17276
17341
17993
17290
17276
17339
0
17362
17289
17339
17993
0
17339
17299
17366
17299
17341
17339
17774
0
0
17299
0
0
17344
0
17276
18337
0
0
0
17419
17246
15455
17876
15455
17314
0
17314
0
0
0
17317
0
0
17311
17311
0
17314
0
17310
0
15424
15455
17765
0
0
0
17663
0
0
17362
17341
0
17339
17341
17368
0
17366
0
17456
0
17362
17870
0
17351
0
17310
17311
17293
17678
0
14935
17292
14935
14978
15069
17314
14935
17362
14097
17362
0
0
0
0
0
14995
0
14097
17276
0
0
0
0
0
17392
0
0
0
0
0
0
0
17582
0
17680
0
17535
0
0
0
0
0
0
0
0
0
19160
0
0
0
18063
18060
17535
0
0
0
17788
0
17413
16948
0
0
17448
0
0
17445
18114
0
16948
0
0
0
17413
18004
16948
0
0
0
18004
0
0
0
16946
18115
16943
17466
0
0
18012
0
0
0
0
0
18189
16948
0
0
0
0
0
0
0
0
0
0
0
0
0
18115
0
0
0
0
0
0
0
0
0
0
18310
0
0
0
17815
17339
0
0
0
0
18165
17715
0
17663
0
17765
18284
0
0
0
0
0
0
0
18054
0
0
0
17504
0
17504
17992
0
18078
0
18062
0
0
17504
0
18055
18034
18060
0
18143
0
17526
0
17535
17372
17527
17839
17582
17986
0
0
18048
0
17583
17508
0
0
0
0
0
18022
17582
0
17659
0
0
0
0
0
0
0
0
17747
0
0
0
0
17422
18111
17546
17422
17459
17459
17763
17745
0
0
17701
0
17735
17745
17763
17571
18108
0
17745
0
17750
0
17763
17740
17422
17535
18063
0
0
0
17586
0
0
0
0
0
0
0
0
0
0
0
17659
17657
17657
0
0
17695
17648
17851
17854
17638
17968
17635
17635
17854
17856
17845
17648
17851
17854
17648
17648
17861
17635
17861
17861
17847
17648
17638
17961
17861
18187
0
17648
17959
0
0
17965
17959
17638
0
17643
18187
0
17638
17638
18192
18187
0
18192
18192
17861
17952
0
17635
17643
17952
17856
17583
0
17870
0
0
0
0
17659
17663
0
0
18282
17663
0
0
0
18024
17679
0
0
16828
17413
16835
16733
16943
0
0
0
0
0
17731
0
18104
0
17701
0
0
17863
17657
17815
17804
18429
0
17341
17919
17705
17705
17923
0
17705
17914
0
0
17422
17723
17923
17705
17705
0
17701
17705
0
0
17914
17715
0
0
17727
17684
0
0
0
0
17868
0
0
0
0
0
17372
17527
0
0
0
17735
17761
0
0
17571
17740
17761
0
0
17761
0
0
17571
0
17740
0
17916
0
17701
17916
0
17429
17735
17893
0
0
0
17701
0
0
18273
0
0
17298
0
0
18334
0
18334
17663
18272
17766
17993
17765
17876
17787
17787
17479
18287
17292
0
0
18337
18333
18334
17293
17765
0
0
18429
18429
18448
0
18333
0
17876
17657
0
0
17307
17731
18333
18377
17804
17479
0
0
0
0
0
0
23171
0
0
17657
0
0
0
17882
17519
17981
18194
0
18194
18203
18194
18155
18189
0
0
0
0
0
17859
0
17861
17968
17648
0
17968
0
17861
17861
17856
0
17859
0
0
18075
0
0
17861
0
17968
0
17981
0
0
17914
17926
0
0
17705
0
0
17705
17407
17299
18337
0
0
0
17289
0
17922
0
0
0
0
17289
0
0
0
17942
0
0
0
17289
18164
17276
0
0
18429
0
0
0
17289
18192
0
0
17804
0
0
0
0
0
18101
0
17804
0
17504
0
0
0
17924
0
0
0
17740
0
17705
18194
18103
0
17889
0
17715
17705
0
0
0
0
17914
17924
17923
0
23862
17924
17923
18053
23606
0
0
0
18013
0
0
17845
17158
17854
17859
17648
0
0
0
0
17845
17176
0
0
0
0
17961
17854
17854
17882
0
0
18164
17981
0
0
0
17922
0
17441
0
0
0
0
18037
0
0
0
17891
0
0
17289
0
0
0
0
18155
0
0
0
17880
0
0
18101
18090
0
0
0
0
0
0
0
23535
0
0
0
0
0
0
0
0
0
0
0
0
18317
0
17582
17535
0
18054
0
0
18054
0
18048
0
0
18022
17258
0
0
17583
0
0
0
17583
17863
0
0
0
0
0
0
17535
0
18034
0
0
0
0
0
0
0
0
0
0
0
0
0
18078
18143
0
0
0
0
0
0
0
0
0
18127
0
0
0
0
0
0
0
0
0
17701
0
0
0
18092
0
0
0
0
0
0
0
0
0
0
0
0
0
0
0
0
0
0
0
0
0
0
17155
0
0
17705
0
0
0
0
18104
0
18090
0
0
0
0
0
18164
0
18226
18155
17979
18203
0
18222
18203
18164
18164
18203
18164
18194
17922
0
0
18194
0
18194
18203
18164
18203
0
0
18155
0
0
0
0
17504
18078
18063
0
18203
0
0
18227
18227
0
17986
18062
18155
0
17882
0
18194
17986
0
0
0
0
0
0
0
0
0
0
18222
18192
0
0
0
0
0
0
0
18222
18203
0
0
0
0
18164
18203
18164
0
0
0
17979
0
0
0
18187
17638
0
18222
0
17638
0
0
0
18222
18194
18203
18192
18227
18222
17638
18187
0
18192
18194
0
18227
0
18222
16828
16946
16948
17438
16943
16948
0
0
0
0
0
18315
18165
9811
9807
18295
0
0
0
0
0
0
9811
0
18272
0
9807
0
0
0
17663
9807
18272
9807
0
0
0
9338
0
0
0
18280
18282
0
18322
18214
18292
0
0
0
0
0
0
0
18203
17882
0
0
18192
0
17882
17529
0
0
17504
18203
0
0
0
0
0
0
0
0
0
0
0
0
0
0
0
0
0
17876
18337
17300
0
17300
17307
0
0
18337
17300
0
0
0
0
0
0
0
0
0
0
0
0
0
0
0
0
0
0
18675
0
0
0
0
0
0
18372
0
0
15028
0
0
0
0
0
18405
0
0
0
0
0
0
0
0
0
0
0
0
0
0
0
0
0
0
0
0
0
0
0
0
0
0
18468
0
0
0
0
0
0
0
0
0
0
0
0
0
0
0
0
0
18423
0
0
0
0
0
0
0
0
0
17679
0
0
0
0
18448
0
0
17684
0
0
18435
0
0
18454
17684
0
18495
18454
0
0
17695
0
0
18198
0
17837
23145
0
0
0
0
0
0
0
0
18461
0
0
0
0
0
0
0
0
0
0
0
0
0
0
0
0
0
0
0
0
0
0
0
0
0
18456
0
23134
23134
23158
23149
23158
0
18498
0
0
0
0
18498
0
0
0
0
0
0
18579
0
18612
0
0
18612
0
0
0
0
0
0
18696
0
18738
0
18515
18528
0
0
0
19487
0
18995
0
0
0
18530
0
0
0
0
0
0
0
18869
18741
19024
19058
0
19519
0
0
0
18695
0
0
18696
0
0
0
0
0
0
0
0
0
0
0
0
0
18611
0
0
0
18576
0
18588
0
0
0
0
0
0
0
18579
18590
19876
0
18611
0
18579
0
18611
19898
18611
18869
0
0
0
18612
0
0
0
0
0
0
0
0
0
0
0
18638
0
0
18590
0
18507
0
0
0
0
0
0
0
0
0
0
18602
0
0
0
0
0
0
0
0
0
18612
0
0
18618
0
18695
0
0
19094
0
0
0
0
0
0
0
0
0
0
18612
18576
18586
0
0
0
19140
0
19123
0
0
18696
0
0
0
0
0
0
0
0
0
0
0
0
0
0
0
18580
18695
18528
18618
18695
18695
18579
18507
0
18638
18638
18618
18512
0
0
0
18638
18638
18577
0
18638
18612
18638
18638
0
0
0
0
0
0
0
0
0
0
0
0
0
0
0
0
0
0
0
0
0
0
0
0
0
0
19085
0
0
0
0
0
0
0
0
0
0
0
19036
0
0
0
0
0
0
0
0
0
0
0
0
18952
0
0
18871
19024
0
18770
18866
0
0
0
0
19024
0
0
18770
18530
18864
0
0
0
0
0
0
18789
0
18895
0
0
0
0
0
0
18914
0
0
18914
0
18893
0
0
0
0
0
0
0
0
0
0
18827
0
18827
18813
18914
0
18813
0
0
18914
18827
0
18817
0
18817
22597
18817
18827
0
22608
0
0
0
22612
18827
0
22612
22600
0
18827
18926
18903
18813
18926
18827
18827
18827
0
0
0
0
22639
0
0
18926
0
18943
22660
22639
18872
18869
18869
18904
18869
18864
18903
18873
18864
0
18864
0
19038
18881
0
0
0
0
0
18982
18999
18999
18979
18982
18881
18881
0
0
18881
18777
19063
18995
0
0
19519
18882
18921
18797
0
0
0
18925
18908
18914
18759
19117
18893
18882
0
0
19128
19129
18893
0
18925
18914
19002
18926
18882
0
18914
0
18873
18983
18926
18903
0
18893
18925
0
0
0
18936
0
0
19085
0
0
0
18925
0
0
0
0
18530
18925
0
0
0
0
18789
18925
0
0
0
0
0
0
0
19140
0
19036
18982
0
18982
0
0
0
0
19057
18659
18595
19485
0
18979
0
0
0
0
18882
0
18999
18595
19516
0
18982
18882
0
0
18999
18979
18873
18869
18979
0
0
0
18595
0
0
0
19480
19516
0
0
0
0
0
0
19024
18530
0
0
0
0
0
0
18770
18659
18595
18869
0
18871
19105
0
0
19036
0
19092
0
19024
0
0
19057
0
19060
0
0
19024
19105
0
0
0
0
18741
0
0
0
18541
0
0
18597
0
0
0
0
18638
19097
18515
0
0
0
0
0
0
0
0
0
0
0
0
0
0
0
0
0
0
0
0
0
0
0
0
0
0
0
0
0
19555
19036
0
0
19079
0
19061
0
0
0
18921
0
0
0
0
0
19119
0
0
19119
19122
0
0
0
19129
18866
18882
18921
19119
19122
0
0
19092
0
0
19122
0
0
0
0
0
0
19489
19092
0
0
0
0
18864
0
0
0
0
0
0
0
0
0
0
19062
0
19479
0
0
18952
18982
0
0
0
0
0
0
18864
0
8351
8457
0
0
0
19161
8457
20145
19202
8289
19160
0
0
0
0
0
0
19778
19179
0
0
8400
0
0
8457
0
0
19202
8303
0
0
0
0
0
0
0
0
0
0
0
0
0
0
0
0
0
19161
0
0
0
0
0
0
0
0
0
0
0
0
0
0
0
0
0
0
0
0
0
0
0
0
0
0
19778
20124
0
0
19547
20160
0
19240
20238
0
0
20160
0
0
20130
20640
20165
0
0
20671
20771
0
20147
20161
0
0
0
19293
0
0
0
19256
0
0
0
0
19294
0
0
0
20204
19312
20162
0
19889
0
0
20187
0
19785
19258
0
20202
0
0
20202
0
19291
0
0
0
0
0
0
0
19311
19310
0
19311
19300
0
20132
0
0
20084
19262
19288
19302
19262
20191
0
0
0
19785
0
19300
0
0
0
0
0
0
0
0
0
0
0
0
0
0
0
0
0
0
0
0
0
0
0
0
0
0
0
19475
0
0
0
19987
0
19431
19366
19460
19346
0
19475
19357
19460
0
0
0
0
20521
19366
19983
19989
20216
0
19496
19366
19353
19479
19412
18669
19937
19878
0
19523
19883
19908
0
19412
18669
19484
19908
18664
19834
19951
0
18669
19387
19487
19908
19387
0
19908
19387
19484
0
19951
0
0
0
0
19387
0
0
19957
0
0
0
0
0
0
0
0
0
0
0
0
0
0
0
0
0
0
0
19985
20530
0
19428
19475
0
19455
0
0
0
0
0
0
0
0
0
0
0
0
0
0
0
0
0
19612
0
0
0
0
0
0
20536
0
19460
0
0
0
0
0
0
0
0
0
19477
0
19357
0
0
0
0
0
0
19452
0
0
19516
19951
0
0
0
0
0
0
0
0
0
0
0
0
0
0
0
0
0
0
0
0
0
0
0
0
0
20161
0
20706
8837
0
0
0
0
0
19393
0
0
18770
18873
0
0
0
0
0
0
0
0
0
0
0
19024
0
0
0
0
0
0
0
0
0
0
0
0
0
0
20161
20170
0
19554
0
20704
0
0
0
0
0
0
0
0
0
0
0
0
0
0
20139
19564
0
0
0
0
0
0
0
0
0
0
0
0
0
19689
0
0
19357
0
19466
19602
0
0
19448
0
19689
0
19598
19640
0
0
19640
0
0
19633
0
19640
0
0
0
19699
19630
0
0
0
0
0
0
0
0
0
0
0
0
0
0
0
0
19632
0
0
0
0
0
0
0
0
19666
0
19647
0
0
0
19656
0
19708
19698
0
0
19598
0
0
0
0
0
19655
0
0
0
19705
0
0
19666
19635
19632
0
0
0
0
0
0
0
19676
0
19696
0
0
0
0
19650
19743
19655
0
19655
0
19698
0
0
19723
19723
0
19701
20380
0
0
0
0
0
19708
0
0
0
0
0
0
0
0
0
0
0
0
0
0
0
0
0
0
0
19719
19719
0
0
19608
19719
0
0
0
19474
0
0
0
19466
0
0
0
0
0
0
0
0
0
0
0
19743
0
19872
19772
22301
19748
0
0
22301
19757
0
19863
19748
19863
19748
0
0
0
0
0
0
0
22261
0
0
0
19741
0
19694
0
0
0
0
20117
20124
0
0
20117
20191
19161
20117
20191
19161
0
0
0
0
0
0
0
0
0
0
0
0
0
0
0
0
0
0
0
0
0
0
0
0
0
0
0
0
0
0
0
19987
0
0
0
0
0
0
0
0
0
19818
19829
0
0
0
0
19941
19294
0
19927
0
19302
19302
19846
19933
0
20026
19933
19850
19933
0
19850
0
19933
0
19850
0
19914
19921
19914
0
0
0
0
0
22304
22308
0
0
0
22216
19667
0
0
0
22308
0
22306
19883
19876
0
19881
0
19402
19914
0
0
0
19408
19908
0
19920
0
0
0
19910
0
19920
19910
0
19876
0
0
19910
0
19908
18576
19951
0
0
0
20026
0
19878
0
19939
0
0
0
0
0
19916
0
20011
0
0
0
0
0
19957
0
0
19834
19939
19412
19898
0
0
19846
0
0
0
19946
0
19958
0
19920
0
19910
0
0
20029
0
19883
0
0
19387
0
0
0
0
0
0
0
0
0
0
0
19951
19957
0
0
0
0
0
0
0
0
0
19908
19404
0
0
0
0
0
20219
0
0
0
20073
0
20336
0
0
0
0
0
0
0
0
0
0
0
0
0
0
0
0
0
0
19172
0
0
0
0
20026
19927
0
19846
19941
19292
0
19312
19923
0
20031
0
0
19255
0
0
0
0
0
0
0
20238
0
0
0
0
20479
0
0
0
0
20219
20475
0
20469
0
20181
0
20056
20765
0
0
0
20364
0
0
0
0
0
19985
20032
0
0
0
0
0
0
0
0
0
20219
0
20032
0
19566
20124
20124
19283
20124
19160
0
0
0
20124
20117
19310
19205
0
19160
0
19172
19172
20124
20199
0
19172
0
0
19160
20124
20124
20124
19778
0
8289
20132
8353
8262
0
0
0
0
20145
0
0
0
0
0
0
0
0
0
0
0
0
0
20177
0
0
0
0
8270
20135
0
0
20169
0
0
0
20691
8400
0
19259
0
0
0
0
0
20176
20162
19512
20166
19248
20699
20136
0
20707
0
0
0
0
20705
19240
0
0
0
0
0
0
0
0
0
0
20707
0
0
0
20699
0
0
20691
0
0
0
0
0
19566
20191
20199
0
0
19314
0
20202
0
0
0
0
0
19310
0
20191
0
0
0
8353
0
0
0
20726
20475
20628
0
0
0
0
0
0
0
0
0
0
0
20248
0
20304
0
20740
20304
20456
20488
19512
0
0
0
0
0
0
0
20170
0
0
20304
0
0
0
0
0
0
0
0
0
0
0
0
0
20414
0
0
0
0
0
0
0
0
0
0
0
20623
0
0
0
0
0
0
20265
20290
0
20251
20623
20623
0
20266
20266
0
0
20265
0
0
0
0
0
0
0
0
0
0
0
0
0
0
0
0
0
0
20240
0
0
0
0
19458
0
0
19458
0
0
0
0
0
20507
0
0
0
0
0
20240
0
0
0
0
0
20766
0
0
0
20533
19424
0
0
0
0
0
20561
20549
0
0
0
0
20240
0
0
0
0
0
0
0
0
0
0
0
0
20304
0
0
0
0
0
0
0
0
0
0
0
0
0
0
0
0
0
0
0
0
0
0
0
0
0
0
20634
0
0
0
0
0
0
0
0
0
0
0
0
0
0
0
0
0
0
0
0
0
0
0
0
0
20624
0
0
20722
0
0
0
20623
0
0
0
0
0
0
0
0
0
0
0
0
0
0
0
0
0
0
0
0
0
0
0
0
0
0
0
20456
0
0
0
0
0
0
20049
0
0
0
0
0
0
0
0
0
0
0
0
0
0
0
0
0
0
0
0
0
0
20334
0
0
0
0
0
19248
0
20039
0
0
0
0
0
0
0
0
0
0
0
0
0
0
0
0
0
0
0
0
0
0
0
0
0
0
0
0
20567
0
20478
0
19346
0
0
0
0
0
0
0
0
0
0
0
20524
20533
0
0
0
0
0
20525
0
0
20525
0
0
0
0
0
20549
0
0
0
0
0
0
0
0
20499
0
0
0
0
0
0
20549
0
0
0
0
0
0
0
0
19983
19455
19989
0
19455
0
0
0
0
0
0
0
0
0
0
0
0
0
0
0
0
0
20041
20642
0
20720
20041
0
19247
0
0
19248
20478
20501
0
0
0
0
20722
20611
0
0
0
20454
20752
20071
0
0
0
0
20722
0
0
0
0
0
0
0
0
0
0
20763
19247
20643
20705
0
20476
0
0
0
0
0
20483
0
20456
0
20749
19346
20335
0
19829
19346
19346
0
0
0
0
0
0
0
0
0
0
0
0
0
0
20497
0
0
0
0
0
0
0
0
0
0
0
0
0
0
0
0
0
0
0
0
20169
0
20165
0
0
0
0
20777
0
0
0
0
0
0
0
20147
0
20712
20704
0
0
0
0
0
0
0
0
0
0
0
20726
20726
0
0
20332
0
20476
0
20329
20786
0
20454
20453
20726
20740
0
0
0
20722
0
20726
0
20721
0
0
0
0
20623
20744
0
0
0
20757
0
0
20470
20744
0
20456
0
0
20567
0
0
0
0
0
0
0
0
0
0
0
0
0
20176
0
20804
0
0
0
20720
0
0
0
0
0
0
0
0
0
0
0
0
0
0
20862
0
0
0
0
0
0
0
0
0
0
0
0
0
0
0
0
0
0
0
20869
0
0
0
0
0
0
0
0
0
20797
20828
21011
0
0
0
0
0
0
0
0
0
0
0
0
0
0
0
0
0
0
0
0
0
0
0
0
0
0
0
0
0
20797
0
0
0
0
0
0
0
0
0
0
0
0
0
0
0
0
0
0
0
0
0
0
0
0
0
0
0
0
0
0
0
0
0
0
0
0
0
0
0
0
0
0
0
0
0
0
0
0
0
0
0
0
0
0
0
0
0
0
0
0
0
0
0
0
0
0
0
0
0
0
0
0
0
0
0
0
0
0
0
0
0
0
0
0
0
0
0
0
0
0
0
0
0
0
0
0
0
0
0
0
0
0
0
0
0
0
0
0
0
0
0
0
0
0
0
0
0
0
0
0
0
0
0
0
0
0
0
0
0
0
0
0
0
0
0
0
0
0
0
0
0
0
0
0
0
0
0
0
0
0
0
0
0
20981
0
0
0
0
0
0
0
0
0
0
0
0
0
0
0
0
0
0
0
0
0
0
0
0
0
0
0
0
0
0
0
21052
0
0
0
0
0
0
0
0
0
0
0
0
0
0
0
0
0
0
0
0
0
0
0
0
0
0
0
0
0
0
0
0
0
0
0
0
0
21031
0
0
0
0
0
0
18754
0
0
0
0
0
0
0
0
0
0
0
0
0
0
0
0
0
0
0
0
0
0
0
0
0
0
0
0
0
0
0
0
0
0
0
0
0
0
0
0
0
0
0
0
0
0
0
0
0
0
0
0
0
0
0
0
0
0
0
0
0
0
0
0
0
0
0
0
0
0
0
0
0
0
0
0
0
0
0
0
0
0
0
0
0
0
0
0
0
0
0
0
0
0
0
0
0
0
0
0
0
0
0
0
0
0
0
0
0
0
0
0
0
0
0
0
0
0
0
0
0
0
0
0
0
0
0
0
0
0
0
0
0
0
0
0
0
0
0
0
0
0
0
0
0
0
0
0
0
0
0
0
0
0
0
0
0
0
0
0
0
0
0
0
0
0
0
0
0
0
0
0
0
0
0
0
0
0
21269
0
0
0
0
0
0
0
0
0
0
0
0
0
0
0
0
0
0
0
0
0
0
0
0
0
0
0
0
0
0
0
0
0
0
0
0
22855
0
0
0
0
0
0
0
0
0
0
0
0
0
0
0
0
0
0
0
0
0
0
0
0
0
0
0
0
0
0
0
0
0
0
0
0
0
0
0
0
0
0
0
0
0
0
0
0
0
0
0
0
0
0
0
0
0
0
0
0
0
0
0
0
0
0
0
0
0
0
0
0
0
0
0
0
0
0
0
0
0
0
0
0
0
0
0
0
0
0
0
0
0
0
0
0
0
0
0
0
0
0
0
0
0
0
0
0
0
0
0
0
0
0
0
0
0
0
0
0
0
0
0
0
0
0
0
0
0
0
0
0
0
0
0
0
0
0
0
0
0
0
0
0
0
0
0
0
0
0
0
0
0
0
0
0
0
0
0
0
0
0
0
0
0
0
0
0
0
0
0
0
0
0
0
0
0
0
0
0
0
0
0
0
0
0
0
0
0
0
0
0
0
0
0
0
0
0
0
0
0
0
0
0
0
0
0
0
0
0
0
0
0
0
0
0
0
0
0
0
0
0
0
0
0
0
0
0
0
0
0
0
0
0
0
0
0
0
0
0
0
0
0
0
0
0
0
0
0
0
0
0
0
0
0
0
0
0
0
0
0
0
0
0
0
0
0
0
0
0
0
0
0
0
0
0
0
0
0
0
0
0
0
0
0
0
0
0
0
0
0
0
0
0
0
0
0
0
0
0
0
0
0
0
0
0
0
0
0
0
0
0
0
0
0
0
0
0
0
0
0
0
0
0
0
0
0
0
0
0
21957
0
0
0
0
0
0
0
0
0
0
0
0
0
0
0
21659
0
0
0
0
0
0
0
0
0
0
0
0
0
0
0
0
0
0
0
0
0
0
0
0
0
0
0
0
0
0
0
0
0
0
0
0
0
0
0
0
0
0
0
0
0
0
0
0
0
0
0
0
0
0
0
0
0
0
0
0
0
0
0
0
0
0
0
0
0
0
0
0
0
0
0
0
0
0
0
0
0
0
0
0
0
0
0
0
0
0
0
0
0
0
0
0
0
0
0
0
0
0
0
0
0
0
0
0
0
0
0
0
0
0
0
0
0
0
0
0
0
0
0
0
0
0
0
0
0
0
0
0
0
0
0
0
0
0
0
0
0
0
0
0
0
0
0
0
0
0
0
0
0
0
0
0
0
0
0
0
0
0
0
0
0
0
0
0
0
0
0
0
0
0
0
0
0
0
0
0
0
0
0
0
0
0
0
0
0
0
0
0
0
0
0
0
0
0
0
0
0
0
0
0
0
0
0
0
0
0
0
0
0
0
0
0
0
0
0
0
0
0
0
0
0
0
0
0
0
0
0
0
0
0
0
0
0
0
0
0
0
0
0
0
0
0
0
0
0
0
0
0
0
0
0
0
0
0
0
0
0
0
0
0
0
0
0
0
0
0
0
0
0
0
0
0
0
0
0
0
0
0
0
22024
0
0
0
0
0
0
0
0
0
0
0
0
0
0
0
0
0
0
0
0
0
0
0
0
0
0
0
0
0
0
0
21957
0
0
0
0
0
0
0
0
0
0
21953
0
0
0
0
0
0
0
0
0
0
0
0
0
0
0
0
0
0
0
0
0
0
0
0
0
0
21873
0
0
0
0
0
0
0
0
0
0
0
0
0
0
0
0
0
0
0
0
0
0
0
0
0
0
0
0
0
0
0
0
0
0
0
0
0
0
0
0
0
0
0
0
0
0
0
0
0
0
0
0
0
0
0
0
0
0
0
0
0
0
0
0
0
0
0
0
0
0
0
0
0
0
0
0
0
0
0
0
0
0
0
0
0
0
0
0
0
0
0
0
0
0
0
0
0
0
0
0
0
0
0
0
0
0
0
0
0
0
0
0
0
0
0
0
0
0
0
0
0
0
0
0
0
0
0
0
0
0
0
0
0
0
0
0
0
0
0
0
0
0
0
0
0
0
0
0
0
0
0
0
0
0
0
0
0
0
0
0
0
0
0
0
0
0
0
0
0
0
0
0
0
0
0
0
0
0
0
0
0
0
0
0
0
0
0
0
0
0
0
0
0
0
0
0
0
0
0
0
0
0
0
0
0
0
0
0
0
0
0
0
0
0
0
22429
0
22228
0
0
0
0
0
22554
22228
0
22238
0
0
0
0
22230
0
0
0
0
0
0
0
0
0
0
0
0
0
0
0
0
0
0
0
0
0
0
0
0
0
0
0
0
0
0
0
0
0
0
0
0
0
0
0
0
0
0
0
0
0
0
0
0
0
0
0
0
0
0
0
0
0
0
0
0
0
22315
0
0
0
22344
0
0
0
0
22361
19870
22361
0
0
0
19872
22320
0
0
0
19863
0
0
0
0
22320
0
22361
0
22345
22276
0
0
0
0
0
22304
0
0
0
0
0
0
0
0
0
0
0
0
0
0
0
0
0
0
0
0
0
0
0
0
0
0
0
22374
0
22349
0
22382
0
0
0
0
0
0
0
22373
0
0
0
0
0
0
0
0
0
0
0
22468
0
0
0
0
0
0
0
0
0
0
22357
0
0
0
0
0
22228
0
0
0
0
0
0
0
0
0
0
0
0
0
0
0
0
0
0
0
0
0
0
0
0
0
0
0
0
0
0
0
0
0
0
0
0
0
0
0
0
0
0
0
0
0
0
0
0
0
0
0
0
0
0
0
0
0
0
0
0
0
0
22477
22372
0
0
0
0
0
22409
0
0
22377
0
22536
0
0
0
0
0
0
0
0
0
0
0
0
0
0
0
0
0
0
0
0
0
0
0
0
0
0
0
0
0
0
0
0
0
22429
0
0
0
0
0
0
0
0
0
0
0
0
0
0
0
0
0
0
0
0
0
0
0
0
0
0
0
0
0
0
0
0
0
0
0
0
0
0
0
0
0
0
0
21421
0
0
0
0
0
0
0
0
0
0
0
0
0
0
0
0
0
0
0
0
0
0
0
22608
0
22608
0
18925
0
22616
22642
22594
0
0
0
0
0
22597
0
22597
22642
0
0
0
22705
22879
0
22616
22659
22603
0
22705
0
0
0
0
22594
22623
0
22612
22605
0
0
0
0
0
22615
0
0
22642
0
0
22615
0
0
0
0
0
0
0
0
0
0
0
0
0
0
0
0
0
0
0
0
0
0
0
0
0
0
0
0
0
0
0
0
0
0
0
0
0
0
0
0
0
0
0
0
0
0
0
0
0
0
0
0
0
0
0
0
0
0
0
0
0
0
0
0
0
0
0
0
0
0
0
0
0
0
0
0
0
0
0
0
0
0
0
0
0
0
0
0
0
0
0
0
0
0
0
0
0
0
0
0
0
0
0
0
0
0
0
0
0
0
0
0
0
0
0
0
0
0
0
0
0
0
0
0
0
0
0
0
0
0
0
0
0
0
0
0
0
0
0
0
0
0
0
0
0
0
0
0
0
0
0
0
0
0
0
0
0
0
0
0
0
0
0
0
0
0
0
0
0
22818
0
0
0
0
0
0
22810
0
22805
0
0
0
0
0
0
0
0
22823
0
0
0
0
0
0
0
0
0
0
0
0
0
0
0
0
0
0
0
0
0
0
0
0
0
0
0
0
0
0
0
0
0
0
0
0
22809
0
0
0
0
22623
0
0
0
0
0
0
0
0
0
0
0
0
0
0
0
0
0
0
0
0
22897
0
22882
0
0
0
0
0
0
0
0
0
0
0
0
0
0
0
0
22900
0
0
0
0
0
0
0
0
0
0
0
0
0
0
0
0
22900
0
0
0
0
0
0
0
0
0
0
0
0
0
0
0
0
0
0
0
0
0
0
0
0
0
0
0
0
0
0
0
0
0
0
0
0
0
0
0
0
0
0
0
0
22981
0
0
0
0
0
0
0
0
0
0
0
0
0
0
0
0
0
0
0
0
0
0
0
0
0
0
0
0
0
0
0
0
0
0
0
0
0
0
0
0
0
0
0
0
0
0
0
23015
0
0
0
0
0
23390
0
0
0
0
0
0
0
0
23022
0
0
0
0
0
0
0
0
0
0
0
0
0
0
0
0
0
0
0
0
0
0
0
0
0
0
0
0
0
0
0
0
0
0
0
0
0
0
0
0
23058
0
23037
0
0
0
0
0
0
23096
0
0
0
0
0
0
0
0
0
0
0
0
0
0
0
0
0
0
0
0
0
0
0
0
0
0
0
23086
0
0
0
0
0
0
23283
0
23131
0
0
23121
0
0
23046
0
0
0
23290
0
23131
17814
23131
0
23134
17814
0
0
23177
23177
23271
0
0
0
0
23177
23210
0
23177
23158
23281
0
23624
0
0
23225
23158
0
23108
23032
0
0
0
0
23145
23177
0
0
0
23186
0
22756
23166
0
0
23219
0
23295
0
0
0
23131
23177
23073
23621
0
23282
0
0
23177
0
23319
23280
23177
23177
23210
23219
0
0
23282
23210
0
0
23177
0
23250
0
0
0
0
0
23210
0
0
0
0
0
0
0
23224
23158
0
23166
0
23330
23252
0
0
0
0
0
0
0
0
0
0
0
0
0
0
0
0
0
0
0
0
0
0
0
0
23315
0
0
0
0
0
23252
0
23050
0
0
0
0
0
23275
23057
0
0
0
23282
0
0
0
0
23168
23202
23275
0
0
0
0
0
0
0
0
0
23202
23295
0
23282
0
23280
0
23202
23308
0
0
0
0
23313
23313
23308
23313
23176
0
23096
23317
23316
23360
0
0
0
0
0
23344
0
23316
0
0
0
23355
0
0
0
0
0
0
23308
0
23096
0
0
0
0
0
23360
0
23096
0
23308
0
23086
0
0
23360
23355
0
0
0
0
0
0
0
0
0
0
0
0
23355
0
23360
0
0
0
23360
0
0
0
0
0
23308
0
0
0
0
0
0
0
0
0
0
23377
0
0
0
0
0
0
0
0
0
23396
0
0
0
0
0
0
0
0
0
0
0
0
0
0
0
23158
0
22919
0
0
0
0
0
0
0
0
0
0
0
0
0
0
0
0
0
0
0
0
0
0
0
0
0
0
0
0
0
0
0
0
23821
0
0
0
23518
0
0
0
0
0
0
0
0
0
0
0
0
0
0
0
0
0
0
0
0
0
0
0
0
23515
0
23505
23442
23601
0
0
0
0
0
0
0
0
0
23801
0
0
0
0
0
0
0
0
0
0
0
23520
0
0
23515
0
0
0
0
0
0
0
0
0
0
0
0
23515
23515
0
23997
0
0
0
0
0
0
0
0
0
0
23835
0
0
0
23546
0
0
0
0
0
0
0
0
0
0
23534
0
0
0
0
23564
0
0
0
0
0
0
0
0
0
0
0
0
0
0
23556
0
0
0
0
0
0
0
0
23869
0
0
0
0
0
0
0
0
0
0
0
0
0
0
0
0
0
0
0
0
0
0
0
0
0
0
0
0
0
0
0
0
0
0
0
0
0
0
0
0
0
0
23588
0
0
0
0
0
0
0
0
0
0
23145
0
0
0
0
0
0
0
0
0
0
0
0
0
0
0
0
0
0
0
23534
0
0
0
0
0
0
0
0
0
0
0
0
0
0
23663
0
0
0
0
0
0
0
0
0
0
0
0
0
0
0
0
0
0
0
0
0
0
0
0
0
23519
0
0
0
0
0
0
0
0
0
0
0
0
0
0
0
0
23707
0
23733
0
0
0
0
0
0
0
0
0
0
0
0
0
0
0
0
23886
23550
0
0
0
23897
0
0
0
0
0
23940
0
0
0
0
0
0
0
0
0
0
0
0
0
0
23754
0
0
0
0
0
0
0
0
0
0
0
0
23740
0
0
0
0
0
23770
0
0
0
0
0
0
0
0
0
23740
0
0
0
0
0
0
0
0
0
0
0
0
0
0
0
0
0
0
0
0
0
0
0
0
0
0
0
0
0
0
0
0
0
0
0
0
0
0
23486
0
0
0
0
0
0
0
0
0
0
0
0
0
0
23468
0
0
0
0
0
0
0
0
0
0
0
0
0
0
0
0
0
0
0
0
0
0
0
23886
0
0
0
0
0
0
24007
0
0
23846
0
0
0
0
0
0
0
0
0
23718
0
0
23716
0
0
0
0
0
0
0
23547
23547
0
0
0
0
0
0
23706
0
0
0
0
0
0
0
0
0
0
0
0
0
0
0
0
0
0
0
0
0
0
0
0
0
0
0
0
0
0
0
0
0
0
0
0
0
0
0
0
0
0
0
0
0
0
0
0
0
0
0
0
0
0
0
0
0
0
0
0
0
0
0
0
0
0
0
0
0
0
0
0
0
0
0
0
0
0
23940
0
0
0
0
0
0
0
23492
0
0
0
0
0
0
0
0
0
0
0
0
0
0
0
0
0
0
0
0
0
0
0
0
0
0
0
0
0
0
0
0
0
0
0
0
0
0
0
0
0
0
0
0
0
0
0
0
0
0
0
0
0
0
0
0
0
0
0
0
0
0
0
0
0
0
0
0
0
0
0
0
0
0
0
0
0
0
0
0
0
0
0
0
0
0
0
0
0
0
0
0
0
0
0
0
0
0
0
0
0
0
0
0
0
0
0
0
0
0
0
0
0
0
0
0
0
0
0
0
0
0
0
0
0
0
0
0
0
0
0
0
0
0
0
0
0
0
0
0
0
0
0
0
0
0
0
0
0
0
0
0
0
0
0
0
0
0
0
0
0
0
0
0
0
0
0
0
0
0
0
0
0
0
0
0
0
0
0
0
0
0
0
0
0
0
0
0
0
0
0
0
0
0
0
0
0
0
0
0
0
0
0
0
0
0
0
0
0
0
0
0
0
0
0
0
0
0
0
0
0
0
0
0
0
0
0
0
0
0
0
0
0
0
0
0
0
0
0
0
0
0
0
24373
0
0
0
0
0
0
0
0
0
0
0
0
0
0
0
0
0
0
0
0
0
0
0
0
0
0
0
0
0
0
0
0
0
0
0
0
0
0
0
0
0
0
0
0
0
0
0
0
0
0
0
0
0
0
0
0
24282
0
0
0
0
0
0
0
0
0
0
0
0
0
0
0
0
0
0
0
0
0
0
0
0
0
0
0
24306
0
0
0
0
0
0
0
0
0
0
0
24312
0
0
0
24306
0
0
0
0
0
0
0
0
0
0
0
0
0
0
0
0
0
0
0
0
0
0
0
0
0
0
0
24370
0
0
0
24091
0
0
0
0
0
24225
24233
24370
0
0
0
0
0
0
0
0
0
0
0
0
0
0
0
0
0
0
0
0
0
0
0
0
0
0
0
0
0
0
0
0
0
0
0
0
0
0
0
0
0
0
0
0
0
0
0
0
0
0
0
0
0
0
0
0
0
0
0
0
0
0
0
0
0
0
0
0
0
0
0
0
0
0
0
0
0
0
0
0
24184
0
0
0
0
0
0
0
0
0
0
0
0
0
0
0
0
0
0
0
0
0
0
0
0
0
0
0
0
0
0
0
0
0
0
0
0
0
24529
0
0
0
0
0
0
0
0
0
0
0
0
0
0
0
0
0
0
0
24539
0
24502
0
24512
24510
24512
0
0
0
0
0
0
0
0
0
0
0
0
0
0
0
0
0
0
0
0
0
0
0
0
0
0
24549
0
0
0
0
0
0
24578
0
0
0
0
0
0
0
0
0
0
0
0
0
0
0
24579
0
0
0
0
0
0
0
0
0
0
0
0
0
24671
0
24662
0
0
0
0
0
0
0
0
0
0
0
0
0
0
0
0
0
0
0
0
0
0
0
0
0
0
0
0
0
0
0
0
0
0
0
0
0
0
0
0
0
0
0
0
0
0
0
0
0
0
0
0
0
0
0
0
0
0
0
0
0
0
0
0
0
0
0
0
0
0
0
0
0
0
0
0
0
0
0
0
0
0
0
0
0
0
0
0
0
0
0
0
0
0
0
0
0
0
0
0
0
0
0
0
0
0
24662
0
0
0
0
23714
0
0
0
0
0
0
0
0
0
0
0
0
0
0
0
0
0
0
0
0
0
0
0
0
0
0
0
0
0
0
0
0
0
0
0
0
0
0
0
0
0
0
0
0
0
0
0
0
0
0
0
0
0
0
0
0
0
0
0
0
0
0
0
0
0
0
0
0
0
0
0
0
0
0
0
0
0
0
0
0
0
0
24729
0
0
0
0
0
0
0
0
0
0
0
0
0
0
0
0
0
0
24895
0
0
0
0
0
0
0
24799
0
0
0
0
0
0
0
0
0
0
0
0
0
0
0
0
0
0
0
0
0
0
0
0
0
0
0
0
0
0
0
0
0
0
0
0
0
24539
0
0
0
0
0
0
0
0
0
0
0
0
0
0
0
0
0
0
0
0
0
0
0
0
0
0
0
0
0
0
0
0
0
24514
0
0
24312
0
24312
0
0
0
0
0
0
0
0
0
0
0
0
0
0
0
0
0
0
0
0
0
0
0
0
0
0
0
0
0
0
0
0
0
0
0
0
0
0
0
0
0
0
0
0
0
0
0
0
0
0
0
0
0
0
0
0
0
0
0
0
0
0
0
0
0
0
0
0
0
0
0
0
0
0
0
0
0
0
0
0
0
0
0
0
0
0
0
0
0
0
0
0
0
24997
0
0
0
0
0
0
0
0
24998
0
0
0
0
24984
0
0
0
0
0
0
0
0
0
0
0
0
24997
0
0
0
0
0
0
0
0
0
0
0
0
0
0
0
0
0
0
0
0
0
0
0
0
0
0
0
0
0
0
0
0
0
0
0
0
0
0
0
0
0
0
0
0
0
0
0
0
0
0
0
0
0
0
0
0
0
0
0
0
0
0
0
0
0
0
0
0
0
0
0
0
0
0
0
0
0
0
0
0
0
0
0
0
0
0
0
0
0
0
0
0
0
0
0
0
0
0
0
0
0
0
0
0
0
0
0
0
0
0
0
0
0
0
0
0
25234
0
0
0
0
0
0
0
0
0
0
0
0
0
0
0
0
0
0
0
0
0
25189
0
0
0
0
0
0
0
0
0
0
0
0
0
0
0
0
0
0
0
0
0
0
0
0
0
0
0
0
0
0
0
25187
0
0
0
0
0
0
0
0
0
0
0
0
0
0
0
0
0
0
25184
0
0
0
0
0
0
0
0
0
0
0
0
0
0
0
0
0
0
0
0
0
0
0
0
0
0
0
0
0
0
0
0
0
0
0
0
0
0
0
0
0
0
0
0
0
0
0
0
0
0
0
0
0
0
0
0
0
0
0
0
0
0
0
0
0
0
0
0
0
0
0
0
0
0
0
0
0
0
0
0
0
0
0
0
0
0
0
0
0
0
0
0
0
0
0
0
0
0
0
0
0
0
0
0
0
0
0
0
0
0
0
0
0
0
0
0
0
0
0
0
0
0
0
0
0
0
0
0
0
0
0
0
0
0
0
0
0
0
0
0
0
0
0
0
0
0
0
0
0
0
0
0
0
0
0
0
0
0
25313
0
0
0
0
0
0
0
0
0
0
0
0
0
0
0
0
0
0
0
0
0
0
0
0
0
0
0
0
0
0
0
0
0
0
0
0
0
0
0
0
0
0
0
0
0
0
0
0
0
0
0
0
0
0
0
0
25426
0
0
0
0
0
0
0
0
0
0
25455
0
0
0
0
0
0
0
0
0
0
0
0
0
0
0
0
0
0
0
0
0
0
0
0
0
0
0
0
0
0
0
0
0
0
0
0
0
0
0
0
0
0
0
0
0
0
0
0
0
0
0
0
0
0
0
0
0
0
0
0
0
0
0
0
0
0
0
0
0
0
0
0
0
0
0
0
0
0
0
0
0
0
0
0
0
0
0
0
0
0
0
0
0
0
0
0
0
0
0
0
0
0
0
0
0
0
0
0
0
0
0
0
25532
25529
0
25532
0
0
0
0
0
0
0
0
0
0
0
0
0
0
0
0
0
0
0
0
0
0
0
0
0
0
0
0
0
0
0
0
0
0
0
0
0
0
0
0
0
0
0
0
0
0
0
0
0
0
0
0
0
0
0
0
0
0
0
0
0
0
0
0
0
0
0
0
0
0
0
0
0
0
0
0
0
0
0
0
0
0
0
0
0
0
0
0
0
0
0
0
0
0
0
0
0
0
0
0
0
0
0
0
0
0
0
0
0
0
0
0
0
0
0
0
0
0
0
0
0
0
0
0
0
0
0
0
0
0
0
0
0
0
0
0
0
0
0
0
0
0
0
0
0
0
0
0
0
0
0
0
0
0
0
0
0
0
0
0
0
0
0
0
0
0
0
0
0
0
0
0
0
0
0
0
0
0
0
0
0
0
0
0
0
0
0
0
0
0
0
0
0
0
0
0
0
0
0
0
0
0
0
0
0
0
0
0
