54.75400200  570.48498500  454.31500200  50.00000000  0  0  0 430  0.83699800  0.50112727  0.10144371  0.56957032  3  393  89.308559
54.68500100  570.36102300  454.75601200  50.00000000  0  0  0 284  0.77903100  0.61785060  0.18164260  0.82132706  3  521  90.658354
54.77800000  570.51098600  455.12200900  50.00000000  0  0  0 355  0.88396800  0.58141003  0.15649423  0.61173482  3  546  92.281735
54.66000000  570.40002400  455.76599100  50.00000000  0  0  0 297  1.23901600  0.66926190  0.15432254  0.74781667  3  949  87.251522
54.73199800  570.51898200  456.15499900  50.00000000  0  0  0 285  0.79699800  0.56982722  0.11009568  0.63842574  3  390  91.499279
54.54499800  569.58801300  457.31201200  40.37251659  0  0  0 163  1.29802000  0.52671693  0.21883503  0.52564896  3  424  40.361176
54.61999900  570.39599600  456.68100000  50.00000000  0  0  0 251  0.73999800  0.67182385  0.14872901  0.77426041  3  301  86.595562
54.68100000  570.53601100  457.10000600  50.00000000  0  0  0 309  0.71202000  0.61819930  0.11467825  0.56929504  3  264  92.422761
54.62300100  570.50500500  457.75000000  50.00000000  0  0  0 332  1.03301200  0.67490759  0.15716034  0.47856096  3  565  87.482748
53.91500100  569.00500500  457.44000200  40.96197702  0  0  0 211  1.50502700  0.69628752  0.17942732  0.37940657  3  190  6.455520
53.72100100  569.94000200  457.15899700  42.65548979  0  0  0 131  0.99698200  0.30265010  0.08881685  0.55282283  3  30  16.484529
55.75000000  570.22900400  455.90899700  40.50507316  0  0  0 176  1.51400000  0.46444807  0.18329492  0.68491259  3  567  7.428720
55.02600100  570.50598100  453.94900500  50.00000000  0  0  0 165  0.71897900  0.43031099  0.06282579  0.76372404  3  227  84.200512
56.08100100  570.78497300  455.88900800  50.00000000  0  0  0 158  0.94605300  0.70688624  0.18010491  0.17950578  3  36  27.079571
54.49599800  571.24902300  458.59899900  39.30826346  0  0  0 158  1.14900500  0.79206415  0.23806700  0.40001753  3  264  11.085844
54.58200100  570.77801500  461.59399400  50.00000000  0  0  0 291  0.76802000  0.45098687  0.10217591  0.55392439  3  415  87.477896
54.57199900  570.79199200  461.07400500  50.00000000  0  0  0 235  0.74900700  0.40980790  0.10040368  0.64851068  3  312  86.952511
54.59800000  570.91400100  462.46798700  50.00000000  0  0  0 248  1.14204400  0.54350421  0.08820730  0.32647100  3  785  99.400553
53.91199900  571.27197300  460.37500000  36.60717264  0  0  0 104  1.01700900  0.65085792  0.23617693  0.60344987  3  33  25.377896
53.92499900  569.98700000  462.43701200  21.02788278  0  0  0 73  1.62399000  0.66628222  0.23976458  0.30088815  3  648  25.036737
53.68000000  569.33599900  460.83099400  22.53077786  0  0  0 69  1.39200200  0.87924244  0.32175915  0.32861820  3  73  44.444128
53.68000000  569.71398900  461.62500000  36.25883127  0  0  0 122  1.24895700  0.35759726  0.10930942  0.53691249  3  66  25.201609
53.90599800  569.83398400  459.50201400  37.56839049  0  0  0 127  1.42499900  0.34543674  0.12617701  0.53517184  3  135  31.719793
54.54100000  570.56597900  459.06100500  50.00000000  0  0  0 297  1.13598600  0.62962084  0.12511492  0.61639403  3  653  85.076900
54.64899800  570.57501200  458.27700800  50.00000000  0  0  0 409  1.01604100  0.66593694  0.18775844  0.69876857  3  456  91.416988
54.51200100  570.60601800  459.66101100  50.00000000  0  0  0 350  1.02599800  0.64895960  0.16397084  0.40281228  3  521  85.170159
54.51900100  570.70001200  460.17001300  50.00000000  0  0  0 353  1.56703100  0.71380077  0.20272951  0.57437328  3  1352  99.548838
54.41799900  570.51702900  460.63000500  50.00000000  0  0  0 283  1.49800900  0.96692565  0.24229118  0.63523068  3  1337  92.313794
54.26800200  570.50799600  461.50299100  50.00000000  0  0  0 217  0.98200700  0.76561184  0.12821918  0.52055182  3  557  68.546138
54.29900000  570.68402100  462.31601000  50.00000000  0  0  0 320  1.31096600  0.50620339  0.10330797  0.45569329  3  1052  98.996034
55.06499900  571.14099100  461.67898600  37.10577697  0  0  0 107  1.36601600  0.88817948  0.21616483  0.77444819  3  654  82.487258
55.08499900  571.37902800  460.39599600  27.20099404  0  0  0 113  1.33997400  1.10329967  0.27145416  0.49197732  3  212  90.697179
55.70500200  570.23602300  461.89498900  28.86487825  0  0  0 77  1.61201100  0.32296869  0.32723487  0.79415120  3  92  12.205774
54.98600000  571.91302500  461.84100300  28.72049611  0  0  0 129  1.43797000  0.70864683  0.16968484  0.42199921  3  133  29.713535
54.22300000  569.84100300  465.97900400  35.62177566  0  0  0 91  1.45396000  0.57744298  0.13749274  0.20188006  3  327  24.827675
53.49000200  570.43499800  467.27099600  50.00000000  0  0  0 191  1.25000400  0.45172240  0.15721240  0.34679674  3  319  85.551638
53.27600100  569.69897500  466.61099200  30.62090842  0  0  0 113  1.27302200  1.01120679  0.24716634  0.71423967  3  66  55.537997
54.08300000  570.66101100  464.07400500  50.00000000  0  0  0 276  1.17599500  0.67584225  0.09677662  0.17470287  3  514  78.343370
53.76800200  570.46600300  466.20599400  50.00000000  0  0  0 198  1.62700600  0.43352144  0.22111179  0.41150704  3  746  84.079299
53.85699800  570.47900400  465.68600500  50.00000000  0  0  0 192  1.21601600  0.47008313  0.17053176  0.76924335  3  360  76.762687
54.08599900  570.38702400  465.02899200  50.00000000  0  0  0 263  1.44098700  0.77613259  0.22395684  0.68336680  3  600  90.398027
53.54800000  569.98498500  463.47900400  35.97397896  0  0  0 108  1.59597300  0.61374494  0.17995623  0.61452920  3  272  56.522032
53.60200100  571.24401900  463.77600100  20.68557684  0  0  0 43  1.07303900  0.35446270  0.15886424  0.36659907  3  46  4.442450
54.58499900  570.98400900  463.09298700  50.00000000  0  0  0 260  1.04199200  0.61061528  0.09035572  0.45413697  3  601  99.010116
54.24800100  570.70202600  463.21600300  50.00000000  0  0  0 369  1.58200000  0.63184896  0.11335942  0.38206812  3  1347  92.180281
54.38800000  571.14502000  466.53299000  50.00000000  0  0  0 180  1.65500600  0.42742697  0.11505448  0.86830885  3  956  86.220718
54.49000200  571.51202400  464.49200400  50.00000000  0  0  0 228  1.21496300  0.71342530  0.12079625  0.41735112  3  638  90.845016
54.50000000  571.09997600  464.35699500  50.00000000  0  0  0 210  1.67101600  0.65744259  0.13757730  0.79243824  3  1612  88.467576
54.55799900  571.23101800  465.61999500  50.00000000  0  0  0 203  1.25996000  0.61924323  0.10628262  0.54349838  3  632  97.922072
54.51599900  571.13201900  465.06399500  50.00000000  0  0  0 177  1.54901100  0.56151739  0.06729818  0.29303890  3  1346  81.863056
54.52600100  571.11901900  467.17898600  50.00000000  0  0  0 150  1.08898900  0.69090782  0.17911980  0.65435762  3  203  92.737498
54.54800000  571.28698700  463.69699100  50.00000000  0  0  0 258  0.95396900  0.59016551  0.14402104  0.63690511  3  335  112.779275
53.93800000  572.26800500  466.22000100  50.00000000  0  0  0 120  1.53400000  0.43771190  0.16107821  0.32574222  3  429  127.745575
53.69100200  571.97699000  466.97000100  31.04245139  0  0  0 115  1.43603200  0.63245132  0.20317360  0.12674831  3  371  4.947633
54.41400100  571.66198700  465.25500500  50.00000000  0  0  0 161  0.80501200  0.33714800  0.06091375  0.11384093  3  153  77.283519
54.33800100  571.85601800  466.00100700  50.00000000  0  0  0 172  0.94194500  0.52025597  0.10543733  0.37119953  3  153  104.941189
54.15000200  571.89599600  463.13699300  37.17903242  0  0  0 45  1.01499800  0.17250419  0.06570687  0.53893122  3  2  36.822017
54.45399900  572.45098900  464.97601300  28.44992889  0  0  0 104  1.27604000  0.87467299  0.35607076  0.41172968  3  338  58.791627
53.55799900  572.66198700  467.00799600  50.00000000  0  0  0 131  1.61901500  0.60717824  0.16466955  0.38423340  3  433  81.414142
53.75000000  572.84497100  465.11401400  34.76536803  0  0  0 233  1.57503800  0.67626836  0.20371479  0.89953506  3  98  49.344284
55.02100000  572.20001200  464.91101100  37.09656649  0  0  0 133  0.98799400  0.61979161  0.19375363  0.45535306  3  51  24.438336
55.86700100  572.54199200  464.99700900  31.95546258  0  0  0 122  1.24899200  0.85986686  0.22357382  0.30915800  3  76  50.268119
54.34000000  571.21301300  468.01800500  50.00000000  0  0  0 153  1.19002600  0.43953895  0.11498552  0.47489144  3  285  102.666625
52.99300000  571.26702900  471.23999000  50.00000000  0  0  0 147  1.71208200  0.90777649  0.13748112  0.39361291  3  487  67.194251
54.11100000  571.19702100  469.17800900  50.00000000  0  0  0 280  1.17498900  0.40617428  0.09240923  0.32294269  3  93  97.135573
53.85699800  571.35998500  470.85699500  50.00000000  0  0  0 131  0.99995800  0.30842153  0.09987827  0.17911919  3  69  100.186449
53.39699900  571.23700000  470.24700900  50.00000000  0  0  0 193  1.20100000  0.46727930  0.16373419  0.43692971  3  166  74.261966
52.42599900  570.12402300  469.80200200  29.59108095  0  0  0 140  1.25393700  0.96228071  0.24647379  0.77082400  3  276  17.219824
52.16600000  569.57598900  471.59799200  24.67410021  0  0  0 86  1.62296600  1.19295413  0.40797014  0.46549795  3  364  39.583548
52.50999800  570.09802200  471.02999900  50.00000000  0  0  0 210  1.51801400  0.69886863  0.23824320  0.79028952  3  286  72.716018
51.86399800  569.60199000  470.66598500  32.28213299  0  0  0 92  0.96894500  0.80498916  0.21240276  0.68999836  3  14  125.471018
53.87599900  570.64001500  469.81799300  18.81503380  0  0  0 42  1.56401100  0.66910169  0.38351486  0.51721371  3  593  52.306502
52.97700100  569.31799300  470.00201400  25.00448146  0  0  0 82  1.13798500  0.53023897  0.20269872  0.54539527  3  68  98.892263
52.84400200  570.18798800  470.23901400  50.00000000  0  0  0 148  1.41800800  0.89728005  0.15226032  0.89796809  3  422  79.302085
53.91099900  569.78198200  471.07598900  50.00000000  0  0  0 142  1.41598400  0.70155743  0.15256419  0.67589093  3  187  100.175655
53.08000200  570.17797900  469.29699700  50.00000000  0  0  0 166  0.98999500  0.60095388  0.13882155  0.31716070  3  95  80.097866
53.24700200  570.29498300  467.91799900  50.00000000  0  0  0 229  1.61199600  0.71173187  0.20666726  0.71501792  3  440  70.276702
54.09600100  570.25799600  467.47799700  50.00000000  0  0  0 267  1.29497600  0.74159847  0.10557037  0.06268685  3  318  93.130309
54.16199900  569.57800300  471.69400000  31.87812723  0  0  0 78  1.24998800  0.54205043  0.20424037  0.51980330  3  218  97.717556
54.13600200  569.97198500  469.99200400  50.00000000  0  0  0 169  1.52098700  0.84512442  0.32160094  0.66401207  3  336  81.442738
54.17300000  570.14502000  469.20999100  50.00000000  0  0  0 245  1.81604000  0.74891190  0.27348908  0.72164466  3  840  90.630815
53.93800000  568.91101100  467.70300300  50.00000000  0  0  0 53  1.21699900  0.13606822  0.08376923  0.51437236  3  7  28.767621
52.20700100  568.74798600  471.71600300  20.21754628  0  0  0 39  1.07601300  0.55189191  0.17987036  0.83973076  3  32  29.530574
52.20299900  568.60400400  470.87500000  17.32116481  0  0  0 34  1.24801300  1.08269056  0.22465743  0.38082182  3  35  84.722875
52.43299900  567.87500000  471.90899700  23.22313129  0  0  0 68  1.00700000  0.59954672  0.14454449  0.28460238  3  4  39.344038
56.00400200  570.78198200  470.75299100  10.17243754  0  0  0 6  0.30203400  0.45888060  0.41201647  0.21008501  2  0  30.145905
54.88999900  570.08099400  470.91799900  21.10395296  0  0  0 48  1.81700800  0.86076384  0.21113422  0.80219909  3  337  86.661356
54.81800100  569.91699200  468.66400100  38.94569337  0  0  0 125  1.28597200  0.51184480  0.16311832  0.48444901  3  140  113.308560
55.60599900  569.36999500  470.94500700  29.49465923  0  0  0 62  2.06898800  0.91480295  0.14926905  0.34472258  3  157  60.020303
55.68000000  568.91900600  471.39099100  20.00359918  0  0  0 66  1.91300600  1.11301006  0.35747276  0.65514071  3  100  32.445757
56.72900000  568.39502000  469.34201000  19.01243808  0  0  0 59  1.45294100  0.65053812  0.26006866  0.55966032  3  39  33.291988
55.83200100  568.55902100  469.24600200  22.74009820  0  0  0 88  1.80198300  0.39072549  0.18716175  0.23607783  3  43  42.719157
54.20900000  574.66198700  470.17001300  37.21039092  0  0  0 189  1.12703000  0.74205699  0.26210959  0.31973263  3  9  15.473725
53.36200000  574.53698700  471.75201400  30.04195838  0  0  0 105  1.21999700  0.75030816  0.21535768  0.77047000  3  44  128.786406
52.07899900  574.93402100  470.03201300  27.26023483  0  0  0 179  1.29199600  1.00675807  0.41154153  0.67755094  3  146  12.954351
51.98199800  575.59899900  469.82000700  34.93934894  0  0  0 99  1.02900200  1.05432071  0.18155904  0.55806890  3  27  69.176546
52.69300100  575.06097400  471.34100300  23.82069171  0  0  0 52  1.01198300  0.84967410  0.26147601  0.65779642  3  28  106.732960
52.54600100  574.37597700  468.79599000  26.62997570  0  0  0 175  1.65898900  1.07212407  0.21618984  0.37739457  3  385  89.269997
52.61899900  574.31298800  469.69500700  28.70646634  0  0  0 102  1.29797900  0.94939171  0.30953438  0.48301493  3  216  117.348673
52.01400000  573.00701900  468.27301000  40.52733441  0  0  0 79  1.05199500  0.37076630  0.09614274  0.24243608  3  11  26.467490
51.95000100  573.71801800  471.04800400  24.90365637  0  0  0 172  1.30195900  0.54619816  0.24761906  0.35586626  3  57  80.007245
52.64400100  572.58502200  469.57101400  50.00000000  0  0  0 270  2.09404000  0.91243784  0.19516972  0.63038072  3  714  52.338091
52.21300100  573.63897700  469.20999100  31.55786743  0  0  0 90  1.20403200  0.88505998  0.28967962  0.43408366  3  259  54.407907
52.33200100  572.58099400  470.52301000  28.54862030  0  0  0 239  1.38899000  1.13716742  0.36628069  0.72541498  3  120  46.040468
52.48400100  573.76202400  471.65799000  19.35546487  0  0  0 50  1.23400800  0.65534684  0.28327955  0.78748305  3  28  94.011617
52.68600100  573.77801500  468.68701200  50.00000000  0  0  0 198  1.06098200  0.83370122  0.18575145  0.66773994  3  114  111.566124
54.03500000  573.12200900  470.03601100  50.00000000  0  0  0 153  1.03900100  0.51781608  0.12940766  0.21493936  3  109  33.320679
53.77100000  572.66198700  469.27801500  50.00000000  0  0  0 141  0.94701500  0.76510175  0.09470643  0.56395119  3  81  98.009512
53.13600200  573.07397500  467.61801100  50.00000000  0  0  0 183  0.97897500  0.81940485  0.13550533  0.39706024  3  84  70.866640
53.54299900  573.28399700  470.39401200  39.95538773  0  0  0 157  1.40795600  0.99930888  0.24518734  0.50881147  3  230  16.207129
53.15800100  573.17498800  471.01199300  30.90710829  0  0  0 101  1.38601200  1.11517128  0.29461840  0.31793218  3  151  17.666894
52.91600000  573.56298800  467.83499100  34.26783782  0  0  0 142  1.33897400  1.17546195  0.26886929  0.66022091  3  224  3.003040
54.37500000  572.72699000  471.04998800  41.63611568  0  0  0 150  1.43404700  0.74202495  0.14869764  0.45241501  3  196  74.709194
54.15300000  573.06500200  468.18499800  27.42738863  0  0  0 92  1.14797600  0.48629407  0.19379190  0.33278096  3  52  41.954151
54.73799900  573.04400600  471.79000900  35.43303838  0  0  0 91  1.22796700  0.93708372  0.20100368  0.43079089  3  140  25.474127
54.67599900  571.57800300  468.09600800  50.00000000  0  0  0 163  0.98204000  0.71595630  0.11437762  0.11988001  3  91  103.006918
54.75199900  572.05902100  469.57901000  50.00000000  0  0  0 135  1.11603200  0.57091469  0.12537346  0.37815055  3  157  114.545985
54.59899900  572.09997600  470.26901200  50.00000000  0  0  0 138  1.25798400  0.44119147  0.07840756  0.34177977  3  215  93.956447
53.72800100  572.40197800  468.79199200  50.00000000  0  0  0 204  1.43396100  0.92417441  0.19413364  0.49140815  3  245  103.337216
53.83499900  571.83599900  471.76800500  28.27730277  0  0  0 162  1.60703600  1.15116837  0.38966302  0.71257985  3  313  32.661243
53.96500000  572.23199500  467.70800800  50.00000000  0  0  0 212  2.35000600  0.71899259  0.20843234  0.43769373  3  1519  77.292950
55.34700000  575.23498500  471.53100600  22.91026163  0  0  0 82  1.10697900  1.01664862  0.23471987  0.58128832  3  5  26.542163
54.98600000  574.43103000  471.18600500  34.81645401  0  0  0 104  1.85895600  0.32531004  0.19134610  0.41274680  3  213  45.473972
54.91199900  573.15100100  470.59100300  36.36594213  0  0  0 132  1.11598600  0.60969892  0.19532104  0.23769094  3  110  73.671727
55.55300100  573.15698200  470.33200100  17.79075507  0  0  0 55  1.20500600  0.80275041  0.24761760  0.51618059  3  74  32.522666
55.10699800  571.73101800  469.18200700  36.41459350  0  0  0 135  1.56503700  0.81909889  0.28201293  0.41755775  3  248  27.354399
55.19800200  572.36901900  470.90301500  21.42364947  0  0  0 68  1.48192900  0.74565728  0.25198844  0.33390913  3  252  53.903656
51.93100000  568.65502900  474.52899200  19.44719340  0  0  0 66  1.35596100  0.82837507  0.22733258  0.42034748  3  49  60.503987
51.92200100  567.97399900  474.04901100  30.10551696  0  0  0 64  1.20797300  0.60093665  0.18755944  0.31819596  3  16  44.093498
53.73199800  568.46398900  474.27499400  21.88123423  0  0  0 40  1.14303600  0.58894614  0.15775975  0.29820808  3  18  47.072041
54.23700000  568.15399200  472.82400500  14.01695699  0  0  0 33  1.46899400  0.65740423  0.25012512  0.35458917  3  30  61.044151
54.51100200  568.78497300  474.00698900  17.41841767  0  0  0 52  1.54899500  1.03872991  0.32653492  0.77738540  3  134  25.571534
54.75000000  569.92901600  472.01800500  19.34961191  0  0  0 86  1.63301100  0.77943055  0.34007338  0.37619270  3  210  57.090029
54.17699800  569.18103000  473.03299000  18.07092611  0  0  0 70  1.12102900  1.11772072  0.27745230  0.54265743  3  34  40.290183
54.58100100  569.79303000  474.04699700  24.16606283  0  0  0 95  1.26498400  0.65902364  0.24847547  0.88193505  3  58  93.687255
54.61200000  570.09497100  475.20700100  15.47017515  0  0  0 33  1.45898800  0.90840889  0.22776135  0.84348897  3  65  113.431608
53.65700100  569.61901900  472.03698700  50.00000000  0  0  0 102  1.05899500  0.58010269  0.13789536  0.55114240  3  116  72.919573
53.59899900  569.74499500  472.99798600  39.44593454  0  0  0 145  1.47600600  0.72589146  0.20143964  0.48081410  3  122  96.151416
53.23099900  569.51800500  475.19198600  20.97208278  0  0  0 69  1.39001100  0.84439560  0.29122764  0.44865425  3  58  79.400153
53.36899900  569.73999000  474.50000000  24.11637381  0  0  0 87  1.34801600  0.94544140  0.26913477  0.82208085  3  96  82.284430
52.52299900  569.07202100  472.29800400  23.25937361  0  0  0 44  1.02100000  0.47621300  0.20152029  0.65994107  3  40  107.551901
52.73199800  570.26898200  474.48001100  16.67276059  0  0  0 39  1.23905200  0.84030673  0.26563825  0.86811899  3  41  87.412142
52.02199900  570.17901600  473.42898600  22.50001961  0  0  0 51  1.46902000  0.29454532  0.14362957  0.51248939  3  102  64.225499
52.13100100  569.90002400  472.69601400  32.90430608  0  0  0 112  1.14800700  0.46553255  0.15486984  0.35395950  3  55  74.754839
52.50700000  568.95697000  473.33700600  30.71261317  0  0  0 57  1.16899100  0.30762601  0.12053753  0.34681264  3  26  78.107267
51.88800000  571.39599600  473.81298800  21.20011694  0  0  0 46  1.25299500  0.97092132  0.33568953  0.27879449  3  106  81.169124
52.04600100  570.94299300  474.64199800  19.44434867  0  0  0 83  1.78100100  1.00559073  0.29507167  0.49576430  3  84  75.868918
52.06600200  571.52899200  472.51199300  50.00000000  0  0  0 154  1.00198400  0.58177596  0.13994612  0.47853695  3  76  29.069520
52.68399800  571.21600300  473.01599100  35.56508435  0  0  0 132  1.54096100  0.78567790  0.29328546  0.82899281  3  356  34.125015
53.46600000  571.55798300  472.68499800  25.66377462  0  0  0 125  1.65398400  0.84046420  0.26637278  0.66634261  3  476  99.122090
52.87699900  571.28900100  472.03799400  33.79963148  0  0  0 166  2.07800700  0.83712451  0.24026929  0.49714995  3  782  76.221364
53.66400100  571.27801500  474.64898700  15.78119086  0  0  0 36  1.39100500  0.54044194  0.21856338  0.42753534  3  66  78.526525
53.26900100  571.26599100  475.54400600  21.38852450  0  0  0 94  1.93200200  0.94648015  0.36562414  0.48610686  3  85  55.470494
56.26499900  568.76397700  472.61499000  18.50497229  0  0  0 53  1.41099600  0.49071001  0.24129245  0.36150334  3  20  44.910612
57.48400100  569.11297600  473.61898800  19.26626425  0  0  0 53  1.14702200  0.77594620  0.20150300  0.28086169  3  14  46.592556
56.71300100  569.05102500  473.25698900  16.20773293  0  0  0 32  1.08400500  0.60023458  0.20123415  0.31062237  3  8  76.422310
55.70700100  569.90100100  474.49600200  16.82168508  0  0  0 37  0.89398200  0.91988643  0.25615818  0.45069475  3  7  70.552134
55.16400100  569.07098400  474.86700400  17.44678810  0  0  0 76  1.50900800  0.87726711  0.29498412  0.34612490  3  40  95.081680
54.99599800  570.01300000  473.35598800  19.72126505  0  0  0 85  1.30595800  1.04178885  0.27435760  0.73721707  3  99  72.581775
55.40700100  569.95098900  473.85699500  21.98580660  0  0  0 58  1.20804600  0.96660918  0.20515268  0.50809667  3  86  28.051592
55.38100100  570.55102500  475.25201400  17.45492411  0  0  0 36  1.05003400  0.90803232  0.26325009  0.61358762  3  7  104.873533
55.43100000  571.01098600  473.97299200  24.03425360  0  0  0 39  1.37299700  0.49079890  0.27034328  0.31203969  3  44  128.404165
51.87599900  572.00402800  473.46200600  35.39591379  0  0  0 106  1.46494800  0.65473125  0.15923951  0.32667023  3  126  66.508115
53.54000100  572.27899200  475.32400500  14.64785535  0  0  0 37  1.19896800  1.26383938  0.33666696  0.47322567  3  65  105.258917
53.84700000  571.77600100  473.48901400  23.10084621  0  0  0 116  1.35801400  0.59510981  0.27354464  0.52281081  3  176  102.386471
53.45500200  571.96600300  473.18100000  26.15542170  0  0  0 125  1.55196000  0.80104897  0.30894397  0.22343366  3  260  72.322700
54.29499800  572.05798300  474.89498900  13.99493037  0  0  0 60  1.61800700  1.00763400  0.27519128  0.31797995  3  97  81.379069
54.24399900  573.70599400  474.28100600  13.69876325  0  0  0 35  1.78398500  0.84144106  0.50419153  0.26300542  3  208  65.784028
54.69300100  573.26397700  474.93798800  17.22554775  0  0  0 38  1.38699800  0.83671949  0.19686088  0.67123303  3  28  55.212020
53.95200000  574.05401600  472.63800000  26.43764183  0  0  0 96  1.13902100  1.10033692  0.21820553  0.50883616  3  118  40.578558
53.76699800  573.39801000  473.92898600  15.55680279  0  0  0 50  1.15699100  0.98384064  0.24937042  0.27884609  3  57  25.925670
53.37500000  573.24499500  472.72500600  18.48477954  0  0  0 31  2.26499500  0.92761741  0.26350744  0.67506923  3  920  61.024685
53.60200100  572.75000000  475.54299900  18.44433471  0  0  0 37  1.48000400  0.69064543  0.22290794  0.33857866  3  110  103.316950
53.24200100  573.08197000  474.85900900  33.41214054  0  0  0 104  1.26500300  0.62188708  0.30602270  0.60481382  3  61  90.592578
53.92499900  573.81500200  473.21899400  31.27724556  0  0  0 87  1.09999700  0.81965234  0.22078131  0.41162398  3  78  84.419260
54.03799800  573.28399700  472.09799200  32.41586124  0  0  0 63  1.70298100  0.56601346  0.17138986  0.58824892  3  292  132.892429
53.36200000  572.69299300  474.02499400  19.97617785  0  0  0 82  1.40295400  0.66905544  0.23922015  0.57933069  3  134  104.296652
52.13900000  573.45202600  473.89801000  24.44412150  0  0  0 98  1.20001500  0.60065699  0.19267898  0.64731591  3  13  65.894675
51.70700100  572.50598100  474.95999100  17.98355097  0  0  0 36  1.61201000  0.67947615  0.22927071  0.98653539  3  52  111.581259
51.89600000  573.19500700  472.55899000  23.76839225  0  0  0 81  1.34298300  0.65479181  0.24017416  0.32602403  3  60  104.278570
51.82500100  573.90100100  473.12600700  23.12246354  0  0  0 61  0.98898300  0.87395356  0.19954707  0.61242589  3  28  60.089975
52.08300000  574.44799800  472.29199200  23.28706964  0  0  0 51  0.92999300  0.83805089  0.16993313  0.75610198  3  20  53.367361
52.57000000  574.20697000  472.97000100  20.78167026  0  0  0 55  1.02996900  0.83778081  0.20309198  0.72170923  3  49  99.186464
52.36200000  575.06500200  472.46301300  25.66533153  0  0  0 126  1.09298600  1.09112721  0.28147649  0.95810210  3  82  74.845604
52.83499900  575.53601100  472.35000600  29.41699669  0  0  0 87  1.05001400  0.58752471  0.20105302  0.80092443  3  60  117.917360
53.40599800  574.49102800  473.49499500  20.95544252  0  0  0 107  1.42897100  0.96887066  0.30090972  0.63929545  3  99  130.805235
54.14300200  574.72998000  472.98498500  23.59061728  0  0  0 84  1.48395100  0.68715842  0.20528287  0.65451499  3  140  118.462768
55.11299900  572.60900900  472.13299600  21.27985552  0  0  0 96  1.93398700  0.69433826  0.23246542  0.32533956  3  319  90.526949
54.96099900  573.39099100  473.53900100  24.13338239  0  0  0 69  1.64800100  0.41948553  0.18573418  0.17823754  3  92  43.297411
55.18000000  573.87200900  472.57000700  22.28487253  0  0  0 57  1.37798400  0.50468719  0.19508196  0.51151743  3  69  96.810770
