43
44
0
0
46
30
0
0
14
30
30
30
30
0
0
13
0
38
19
0
0
0
0
0
0
76
0
44
0
51
0
38
38
62
3498
44
30
44
0
0
0
44
0
0
0
3537
0
0
60
30
30
0
0
101
21
3508
0
0
30
0
0
30
0
0
30
0
3541
44
0
0
2222
2207
0
0
30
82
0
82
0
0
84
0
0
2364
0
0
76
79
2211
120
123
0
0
0
91
0
2339
59
107
0
79
0
2211
114
107
123
0
0
0
114
123
107
0
0
0
120
113
107
120
0
0
82
0
0
65
0
0
0
135
0
0
212
1760
126
135
0
138
0
0
0
0
0
149
3664
149
223
193
209
0
0
0
0
213
275
0
0
193
267
0
0
155
0
224
237
258
0
0
176
174
0
0
174
258
232
0
0
0
0
230
181
181
0
230
267
181
0
0
0
0
247
252
1738
155
0
263
3652
283
0
193
127
3650
3645
0
210
285
0
221
2070
1745
0
0
0
0
0
2053
3706
0
0
1760
0
3667
0
0
0
0
210
213
233
0
228
0
0
0
0
258
0
247
0
210
0
0
249
0
510
0
158
0
0
176
0
0
0
0
0
252
3652
155
223
0
205
150
0
0
0
213
3650
3706
0
223
0
2070
283
1760
2055
149
0
202
0
0
138
126
0
210
0
2053
0
0
0
2077
0
0
503
949
949
505
505
0
499
503
685
949
949
2093
949
505
503
2093
2171
1016
2127
2099
2125
2125
2085
532
533
535
532
919
532
2099
533
919
919
919
548
533
533
919
919
919
533
533
1300
919
565
2116
565
2128
2087
2128
565
533
577
577
823
2089
2105
784
2092
823
815
565
2092
815
784
1083
815
791
2087
1165
792
1247
1083
815
901
890
1165
734
815
2107
784
795
1083
1247
955
2107
1300
1065
1300
890
955
1247
955
823
2079
1029
2135
1300
2107
1300
919
949
685
973
919
919
919
694
503
694
706
937
764
685
919
694
694
937
706
764
694
828
937
805
706
706
1300
694
919
685
1005
1029
949
685
1300
805
728
730
1247
732
733
734
1165
1083
770
1247
792
2079
770
795
864
1083
901
772
864
795
772
806
784
795
1247
823
1371
805
741
823
1356
706
685
976
2136
828
1005
2107
919
781
567
1029
1029
1062
1021
1029
1036
1074
1021
1021
1021
1029
1029
1078
1062
1074
1062
869
1074
583
505
2099
2099
2099
533
685
2099
919
503
505
505
1029
0
2093
2093
949
0
949
0
2187
0
522
0
0
0
521
510
0
0
0
0
0
1771
522
0
0
815
2127
2099
2099
2125
2125
2089
2124
2085
0
0
2087
0
548
532
919
532
2099
2085
533
499
919
919
919
2099
0
533
533
2099
919
919
919
2114
2099
533
565
533
1300
2128
919
565
2116
0
2128
0
0
533
919
2087
2128
565
533
577
577
0
823
2089
2105
784
2087
0
2092
823
815
565
2092
2079
2092
2124
815
770
784
1083
1083
815
791
2124
2087
1165
792
1247
1083
815
901
890
1165
734
815
864
2107
784
795
1083
792
806
1247
955
2107
1300
1065
1300
890
955
1247
955
823
2079
1029
890
2135
1300
2107
1300
685
685
2099
949
949
706
919
919
503
2093
505
949
685
949
685
685
973
2099
919
685
2093
2093
919
505
919
694
503
919
694
949
706
503
2093
1005
503
505
694
567
706
937
976
949
2093
706
966
966
764
706
567
0
966
919
976
2093
966
694
567
2093
0
937
706
1005
764
694
828
937
949
805
706
706
0
1005
1300
694
919
949
2093
685
2093
1005
764
1029
949
760
949
685
1423
1300
736
949
1155
805
0
567
0
1247
0
0
0
1050
0
0
826
973
0
0
737
760
781
1188
1165
741
830
1083
781
770
792
1159
1247
792
2079
770
795
864
0
826
1083
1165
0
901
772
1099
864
1247
0
795
0
907
770
1159
806
694
792
772
1165
0
907
791
0
1117
795
791
795
806
864
0
0
815
806
0
1371
791
1247
1101
823
1165
1371
901
806
0
0
741
795
741
741
733
733
760
806
0
1116
760
829
869
1132
815
732
0
733
734
0
764
0
0
0
829
1356
1320
1143
864
1064
1152
1188
2136
842
1143
0
1139
770
1362
795
792
792
792
1448
1132
864
901
1271
770
1271
864
907
907
1271
1236
1159
864
0
791
894
925
894
0
907
1165
1264
1241
1236
1110
1110
1264
1259
1247
760
1674
1241
894
1159
901
1096
925
1259
1464
0
894
925
925
0
894
1675
1236
1680
706
685
0
1674
894
815
955
976
0
2136
1674
1675
1516
1165
976
828
1005
2107
949
955
0
567
740
781
937
976
0
781
955
567
976
567
955
730
976
740
955
1674
0
842
583
1320
730
730
1136
2136
741
741
842
732
0
1211
1152
740
1063
730
0
976
937
966
976
1005
1063
1320
728
828
728
0
976
1320
1211
567
1211
842
0
955
842
0
1222
937
976
1222
828
955
955
1222
1362
823
949
1005
937
1362
1005
1320
1356
976
973
1227
1601
1662
1063
1356
1356
1356
0
1025
0
937
1029
1029
1029
1227
1026
0
1029
1040
2171
0
973
1029
2077
1062
0
1029
1021
1074
0
0
2171
1050
0
1040
1032
0
1079
730
1696
0
2186
0
1074
0
1097
1021
1021
1021
1085
1029
1040
2214
1050
0
1129
1029
1078
1062
1040
1078
1074
1068
1050
1032
1078
0
0
0
0
0
0
0
1079
1068
1063
1040
869
0
0
1079
1735
0
0
583
1109
1067
0
1078
0
1116
2134
1698
1111
1672
1109
925
1129
1145
2171
0
0
1672
0
0
0
1672
1111
1065
1116
1717
1085
1115
0
0
0
1702
1116
1115
0
0
0
1096
1684
1688
815
1116
1731
1078
1516
736
1132
1672
0
1188
829
0
733
1136
781
0
1116
830
0
1155
733
732
0
2134
0
1100
1143
1159
1136
781
1050
0
1672
907
0
741
1264
1259
0
1241
1075
894
791
1241
0
792
1247
1448
1570
1271
1672
1264
795
791
1417
907
0
901
830
1516
1264
1111
1448
1241
1241
1264
1117
0
1264
901
1247
1236
1464
1516
1271
806
1165
901
806
1241
890
1516
1424
815
1259
736
1423
1227
741
1394
0
741
1394
1271
869
1222
795
1005
1139
1476
1412
0
1236
1498
1418
1408
0
1474
1259
0
1155
1159
1785
1264
1117
0
1410
1464
1139
1241
0
901
1552
826
1159
1159
0
1479
1516
901
1474
1264
1264
1271
1793
1264
1271
1479
0
1117
1264
1448
1448
0
1259
1474
1236
1241
806
1247
0
890
1448
1879
1500
1474
1739
1739
1241
1879
1271
1241
1259
1912
901
1247
1241
823
955
1448
828
901
1552
976
1601
1300
1675
1732
1247
0
1320
1005
919
976
1241
842
1552
966
694
1136
1362
842
1320
1271
1358
976
764
1601
1300
0
1986
1371
1222
1601
1358
1986
1139
1601
1139
740
1320
1362
1601
937
1230
1402
815
1358
1552
1136
1362
1320
1662
1601
1413
1552
1222
1986
1320
1362
1371
1675
1320
2019
1320
0
966
0
1413
973
1402
0
1230
966
973
1552
1230
1320
1362
1152
0
1211
1601
1152
1152
1552
1222
1230
973
1152
1986
1993
1986
1371
1488
1498
1601
1005
1993
1483
1498
1488
1857
0
2021
1498
1371
973
1735
1488
1371
0
1139
1590
0
1774
1487
0
1402
0
973
0
0
1241
1488
1230
0
0
1590
1509
1498
1687
0
0
1857
1264
1680
1509
1687
1570
2052
1492
1271
1698
1479
901
1926
1474
1236
1500
1500
1912
1271
1479
1264
1259
1509
0
1696
1259
1926
1879
1793
1479
1926
1474
1410
1479
1993
1211
1509
1500
1464
0
1516
925
2501
1474
1857
1479
1509
1509
1487
0
1474
0
1155
1758
0
925
2405
1749
0
1504
1844
1758
0
0
2459
0
0
0
1487
1929
0
2396
1515
0
0
0
1880
1394
1509
0
1516
0
1410
1487
0
1857
1857
1474
1516
1516
0
0
894
894
0
890
1926
1872
1509
1515
2501
894
894
1271
1515
0
1236
1793
925
1880
1509
1912
894
1516
1516
1570
2501
1926
2501
1479
1552
1227
1552
1570
1552
1552
1488
0
1247
1516
1610
1371
1934
1515
1610
1601
1601
1610
1492
1300
1492
966
1300
2541
1408
0
1491
1989
1504
1211
1552
1371
1413
1211
1601
976
1590
1499
1222
1676
1590
1488
1500
1320
2541
0
1993
1413
1488
976
1590
1601
1993
1211
2019
1590
0
1412
1410
1610
1413
1590
1402
890
1230
0
2013
1610
1498
1320
1590
890
1662
1552
1601
1610
1300
1601
1504
1601
1488
1610
1759
1601
1993
1498
1371
1504
1371
1371
1662
1681
1681
1488
1993
1498
1498
1519
1498
1986
1986
1519
1662
1676
1488
1504
1519
1986
1504
1506
1662
1590
1762
1488
1676
1681
1993
0
1492
1492
1695
1986
1488
1488
1109
1986
1681
0
1101
0
0
0
1036
1680
1050
0
0
1681
1688
0
1662
1993
0
0
1732
1117
0
1519
1036
1394
0
0
1702
0
1731
1672
1945
0
1038
0
1101
0
1672
1732
1672
1732
0
1680
0
0
1945
1752
0
0
2062
1731
1726
1097
1744
0
1050
0
0
0
0
1929
0
0
0
0
0
0
0
0
0
2068
2070
0
1371
0
0
1702
1423
2665
0
0
0
0
1760
0
0
0
0
0
0
0
0
0
0
0
0
1672
0
2636
0
0
0
1770
1371
0
1777
1900
0
0
0
1778
1227
0
1934
1410
0
2482
1793
1782
1782
1464
1515
1880
0
1211
2052
1859
2459
1515
1750
2699
2061
1934
1417
1934
0
1552
1570
1552
1516
1926
1570
1247
1879
2058
1570
2690
1872
1912
1247
2061
1872
2068
1739
2689
1509
1516
1934
2067
1872
2691
1552
2496
1417
2501
2721
1516
1247
1857
1990
1872
2478
1509
1880
0
1990
1990
1777
1570
2044
1774
2071
2721
1782
1912
1951
1777
0
1857
0
0
2013
1782
2049
0
1868
0
1868
0
0
1448
2667
0
0
2071
1872
2049
1926
1879
0
0
2501
1912
2689
2709
1868
0
2484
2049
2661
2478
2501
1912
2501
1926
2044
2453
1880
1515
1912
0
2396
1934
1900
2665
2052
2668
2071
1300
1934
1912
2501
0
1912
1857
1793
1516
2496
1880
1934
2824
2721
1371
0
0
2501
0
1552
1498
0
2067
1371
1662
1986
0
1371
1601
1993
1498
2501
1993
1498
1601
0
1986
0
2572
2019
1499
1989
1601
0
1499
1993
1356
1530
1986
1410
2541
1993
1993
2572
2019
1986
2561
2019
1989
2013
1662
2541
2830
1662
1993
1362
2518
1989
1356
2518
1857
2019
2044
1504
1990
1488
1990
1990
0
1498
2518
0
0
2013
2518
0
2561
2013
1990
2518
2013
2518
2561
2561
2019
2518
2013
2636
2019
1601
1869
1989
1869
2013
2561
0
2721
2383
2572
1986
1868
0
2541
0
2635
2019
1986
2635
2385
1866
1986
2635
2561
1869
1951
2019
2830
1943
2630
1774
2019
1782
2572
2561
1859
1993
0
1868
2405
2518
2666
0
2478
2385
0
0
0
0
2063
240
0
1760
0
0
0
0
1757
2673
2699
0
0
2664
0
0
0
0
1760
1926
2197
0
2079
0
2099
2085
535
535
2085
0
2087
0
535
0
532
2087
0
0
685
2099
499
706
706
0
499
499
499
499
0
0
1083
0
0
0
565
2128
568
0
0
0
0
2119
0
0
2124
577
2125
2125
0
0
2125
0
0
2116
733
760
760
760
0
0
0
0
0
2118
0
3480
108
2164
505
2167
1016
2170
1016
1912
2170
0
0
2177
2170
2260
2077
2181
2186
287
2187
2197
2187
2197
0
2164
505
0
0
1016
0
0
1016
1016
2170
2176
0
0
2170
2077
287
0
2176
2187
2224
2187
0
0
2152
2347
287
2349
2351
91
2197
2187
2197
0
2181
0
286
0
2201
1016
2218
2077
0
0
0
2201
0
0
0
2222
0
0
2219
0
0
0
0
3429
0
2218
0
2322
0
2240
2282
92
2293
0
0
2240
2373
0
2240
2260
0
0
0
2322
79
2224
0
84
2168
0
2255
0
2254
2295
2328
0
0
0
2271
2330
0
2240
0
0
0
2277
3480
0
2253
3480
2302
2294
0
0
3405
0
0
2282
2294
0
2277
0
2265
2247
0
2282
2293
2295
2253
2253
2226
2327
0
2298
2261
0
0
0
2302
0
0
0
0
0
0
0
2293
2312
2168
0
3
2339
91
2261
0
0
122
2261
78
2211
0
0
0
2290
0
2312
0
2254
2293
0
0
2231
0
2298
0
3501
3502
2290
2366
2347
2349
0
2240
2351
2347
0
0
2349
2298
0
0
0
0
0
2294
2366
2366
2294
2364
0
2370
0
0
2360
2349
81
0
2370
0
2366
0
2344
0
2366
2370
0
0
2541
1782
2496
2905
1424
1778
1774
0
0
2507
0
0
2385
2704
2453
1515
1509
2071
2071
2019
2666
0
1464
1872
2709
2478
1500
0
2721
2405
0
1509
1872
2690
2721
2664
2501
2496
2396
1509
2662
1793
2764
1509
2501
1926
1509
2478
2902
2478
1857
1857
2704
2721
2478
2648
2704
1924
1857
2699
0
2630
2478
0
0
2482
2501
0
0
2478
2383
0
0
2690
0
2727
2459
2689
0
2662
2405
2383
2484
2902
0
1926
0
0
1857
2478
2049
1793
2396
1934
2915
2900
2484
2915
2662
0
2988
2668
2690
0
2915
2496
1880
0
2689
0
2496
3022
2501
2709
2396
2478
2501
2915
1857
2915
2507
0
2636
2689
2518
2902
0
0
2518
2518
2013
0
0
2636
1924
2518
2636
2013
2449
2518
1924
2636
2709
0
1924
1924
2518
1912
1880
2518
1990
2013
2636
2636
2013
2013
2561
2383
2013
2561
1990
2561
2561
2019
2459
1951
0
2459
2019
2013
2459
3121
2019
2019
2385
2572
2561
1934
3115
2443
2635
2635
2561
1951
3115
2443
0
2830
2572
3123
2635
3121
2635
2648
2049
1989
2518
0
2830
2890
1951
2019
2561
1951
1990
1951
2830
1990
3085
3085
3111
1570
1868
2461
1990
3111
1990
1912
2013
2561
2013
1912
2013
1912
2636
2636
1570
1912
2541
2449
2383
2449
2635
2518
2518
2561
2019
2019
2881
2459
1869
2541
2746
2572
2021
2459
2021
2561
2518
2449
2881
2648
2561
3161
2518
0
3123
2019
2635
2019
0
0
2824
2459
1868
3121
2881
2021
2648
2890
2881
2635
2561
0
3177
2019
2824
2830
2447
2648
3121
2890
2572
3177
2830
0
0
0
2482
0
0
0
0
0
2721
0
2764
3587
0
0
0
0
0
2700
0
0
0
0
0
0
0
0
2753
3226
0
0
0
2690
2667
2482
1926
2709
2665
2449
0
0
2704
2478
2502
0
2721
2900
2904
1857
0
2764
2496
2731
2709
2902
2478
0
3205
1872
2709
2731
0
3022
0
3022
2501
2902
0
3117
2915
2482
0
0
2690
0
2478
2501
0
0
0
0
2958
0
0
0
3209
0
2764
0
0
2755
0
1934
0
2496
0
3206
2727
3022
2988
2689
2764
0
2501
0
1900
3022
1900
2691
2704
2988
2731
1934
2664
2914
3209
2914
0
2902
3085
2636
0
1912
2636
3206
1912
1990
2561
3085
1990
2438
2439
2518
3111
2777
3085
1990
2449
2746
3111
1990
2013
3085
1990
2918
2743
3111
2748
2013
2881
3177
3123
2982
1990
2746
2881
2459
2881
2385
3085
2881
2746
2721
2749
0
2830
2737
2561
3123
3111
0
2824
2824
2749
3111
2881
2749
3123
2648
2749
2648
2541
2749
3177
2635
2824
2635
2824
2383
2385
2635
2960
3117
2824
2749
2890
3111
2721
2385
3123
2737
2462
3111
2824
3026
2824
2777
2518
2746
3085
2383
2746
1990
3026
3025
2518
2746
2960
2561
1990
2459
0
3123
3115
2982
3161
2881
2561
2890
2959
0
2474
2636
2959
2976
2959
2972
2890
3236
0
0
2899
0
0
0
0
2704
3209
2988
2764
2915
2914
3016
2691
0
0
2988
2727
0
3016
2507
2764
2746
3029
2561
2904
3026
2904
3085
3026
2904
3085
3085
2967
2967
3343
3085
2904
3213
3026
3029
3026
3029
3121
3121
2501
2443
3115
3213
2890
3142
2443
2959
3029
3043
3123
3115
2435
0
0
0
3142
2737
6187
3115
3115
3307
0
2446
2992
0
2967
0
2904
2902
3220
0
3351
2704
3206
2959
3022
0
3355
2967
2405
3155
3216
0
3381
2691
2988
0
2764
3208
3040
2970
3041
2902
3208
2988
2764
2478
3339
3040
2914
2484
3356
3333
3022
2496
3206
2988
3290
3236
2914
0
3016
3026
2709
2496
2484
0
3026
3205
0
0
3401
3212
0
3355
3212
3212
0
2704
3216
3213
3401
3066
3214
0
0
3277
0
3238
3326
3040
3208
3356
3333
3345
3611
3356
3073
3323
3230
3206
3333
3073
3235
2478
3236
3235
3230
6141
3345
0
3236
3226
3617
3333
0
3345
0
3333
3297
3033
3117
0
3117
2967
3085
6186
2721
2744
0
2749
3111
2721
6186
2744
3033
3085
3078
3033
3117
6250
3078
2746
2636
2744
2636
6186
2746
3319
2967
3117
3117
2749
2749
3016
0
3111
6173
2751
0
3121
0
3111
2749
2748
0
2762
0
3188
2959
3300
3121
6187
3319
3161
2830
2751
6190
3188
3188
3388
3177
3142
3188
2748
6199
0
2958
2960
3121
3033
6230
3161
6190
3297
6250
3111
6252
3297
0
3255
3204
3366
6250
2749
0
2749
6258
3255
3190
3291
3248
6230
2746
6250
3255
3366
3256
6242
6235
3291
0
3291
3992
6230
3255
0
6143
2737
3033
4601
3188
0
3200
0
3255
0
3259
3259
3192
2737
2972
3267
6199
0
4514
2737
5836
0
0
0
0
0
0
3302
0
0
0
0
3216
0
2960
3066
3214
0
3220
3345
3236
3333
3333
0
3230
3356
6136
0
0
0
3347
3290
0
0
3232
0
0
3033
6143
3033
3366
2915
3366
3992
3248
0
3255
3255
3366
3182
3291
6143
0
0
3259
2742
0
0
3992
0
3321
0
2970
3260
0
3270
0
0
3301
3177
3043
3073
3066
6136
0
3238
3211
3319
3230
3073
3230
3345
3231
3232
3232
3230
3333
0
0
2915
3343
3343
3343
2915
0
3033
3343
0
0
0
3306
3306
3306
0
0
3220
2905
0
3043
3211
0
0
3307
3230
3343
3033
0
3238
0
3226
0
3355
3356
0
3375
3238
3333
3343
2915
3230
0
3033
0
3230
6173
3333
0
3333
0
0
0
3355
0
3022
0
2905
3040
6122
0
5803
6242
3230
0
0
3343
6231
3375
3361
0
3361
6235
5833
3111
0
6231
3361
3111
6231
3319
0
3384
3372
0
0
3384
3401
5822
0
0
0
0
0
0
0
6163
0
0
3216
0
3361
3212
0
0
0
5900
0
6163
0
0
3555
0
0
0
0
2679
3554
0
3429
3592
0
3439
0
0
0
3438
3508
3428
3497
0
3590
0
0
0
0
3444
0
0
3448
0
0
0
0
0
0
0
0
0
0
3493
0
0
0
0
0
3448
0
2676
0
3470
3436
0
0
3450
3446
3569
3490
3470
2676
0
3467
3467
3424
0
3510
0
3424
3444
0
3476
3475
0
3444
0
0
3497
3496
3583
0
3491
3490
3494
0
3493
3510
0
0
3424
0
0
3470
0
0
0
0
0
0
0
0
0
0
3549
3428
0
0
3436
0
0
0
0
0
3509
0
3519
0
0
0
0
0
0
0
0
0
0
3421
0
0
0
2207
0
0
0
0
3423
0
0
0
3544
0
0
0
3544
0
3544
3555
3491
0
0
0
3555
3559
3491
0
0
0
0
0
0
0
0
3405
91
3544
3480
3491
3544
3554
0
3559
3495
3549
0
3555
3494
0
76
0
3436
3424
0
3491
0
0
3549
3406
0
3589
0
0
0
0
0
0
3992
3255
3684
4496
0
0
0
3604
3604
0
0
0
0
0
0
4598
0
0
0
6138
4027
0
0
3594
0
3255
0
3611
0
3625
0
3230
0
4508
0
0
3630
219
0
3751
0
0
3720
3737
3643
3669
0
3674
0
263
0
3657
3669
3650
0
0
0
0
0
3674
0
3653
0
3685
277
263
3652
244
3706
0
0
210
0
210
0
3681
263
252
0
0
0
0
3678
0
0
202
0
210
3673
0
0
3742
3699
3594
0
0
3705
3742
3705
3742
3742
3699
3699
3699
0
3699
3737
0
3742
0
0
0
0
3731
3742
3742
3742
3735
3705
3707
3699
3751
3720
3719
0
0
3742
0
0
3751
0
0
3742
3737
3699
0
0
3722
0
0
0
3705
0
150
3705
3742
3705
0
3742
3707
3734
3707
138
3751
3722
0
0
0
0
0
0
7335
0
3801
0
0
3801
0
3802
0
0
0
0
3769
0
0
0
3798
0
0
0
0
0
3789
3777
0
3788
0
0
0
3797
3815
0
0
0
0
0
4589
0
0
0
7673
0
0
0
0
0
0
0
3754
0
0
0
7673
0
0
3801
3755
0
0
0
3806
5228
11571
6651
4448
6980
4077
0
5003
4007
0
5455
5221
5117
4791
0
5117
0
0
0
0
0
0
0
0
5274
0
5295
4542
0
0
0
0
0
0
4639
0
4666
0
6986
0
7608
0
0
5285
0
0
0
0
0
0
5255
0
0
0
5112
0
0
6680
3907
3907
6608
3754
3907
10208
3900
3904
6666
3900
9852
3912
7214
3981
3977
6486
6662
3977
3916
3904
6608
3904
6680
6856
4846
0
6688
3912
6608
0
3904
4865
0
3916
3904
4865
6665
0
4926
0
6678
0
5112
6608
11518
6732
3977
7605
5112
6762
3904
3941
3907
3904
4383
6677
6762
4754
3943
4865
6662
6635
3900
6665
7583
3904
0
6669
0
0
6659
6669
3943
0
0
7583
7385
5145
0
0
3964
0
0
0
0
3966
3971
0
0
0
0
0
7604
3981
0
5132
0
4425
7385
3969
0
3977
0
3981
10216
10098
0
3981
11518
0
11518
7497
7497
9852
3981
7402
7583
0
3977
7402
9852
3997
0
7402
3977
7402
7402
0
7402
7545
10059
7290
0
0
5077
4934
7582
0
9868
0
4934
4934
11588
10139
4940
4029
7571
4112
10139
0
4112
9856
0
4333
0
0
10173
4990
4112
11562
9856
4112
7598
5040
7449
7598
4048
4048
0
5077
4934
4908
0
0
0
4310
4310
4908
4969
4179
7404
7500
3984
5174
4310
0
7500
4901
7756
10045
4179
3984
11518
5214
11596
0
4070
7583
0
4791
4060
4077
0
7776
4763
4906
4096
4159
4983
0
4098
0
0
0
0
4159
0
4618
0
0
4623
0
0
0
5345
0
4103
4100
0
4114
0
4108
0
0
9852
0
4240
0
0
0
0
4128
4100
0
0
0
0
4472
4149
4132
0
0
0
0
0
4134
0
0
4126
0
0
0
4147
4147
4126
0
0
0
4132
0
0
0
0
0
0
4383
4383
4171
4161
0
0
0
0
0
0
0
0
4301
3981
4007
4923
7604
4159
4240
4157
0
0
4179
0
4926
7214
0
4452
0
0
5187
5187
7199
7199
4310
5187
5221
11568
0
5018
4906
6861
11588
7402
7115
7620
7606
0
5335
0
0
7606
0
3854
0
7583
0
4197
0
7164
4861
3941
5192
5192
6657
6678
5192
0
4791
6552
6852
6858
3854
6797
7015
5191
5198
6852
6939
4341
6790
6662
6853
4906
6853
7583
0
7938
6939
7608
0
4523
4096
4837
5046
4999
4171
7169
7115
4341
7133
4906
4977
4333
4791
5044
4275
7400
4522
0
4965
0
7179
5117
7004
7237
7179
4791
4992
3835
4982
0
0
4990
4992
0
4791
0
3835
5018
4791
5117
0
4086
7006
4660
4965
4452
5221
0
0
0
4070
4990
7282
4999
7756
0
3977
9852
0
0
4837
11596
4197
4452
4837
4999
3984
4197
0
3854
7636
3835
7054
3941
7280
4760
5214
7276
0
7392
3854
5051
3835
4965
6729
3835
6795
5040
4982
6729
6729
0
4982
5214
4333
6795
4760
6729
4806
0
4982
0
4861
5255
4861
4236
5214
4259
5274
6792
7020
6853
5184
6792
5255
4259
6879
3943
6688
4854
3944
6856
3943
6608
6662
5255
4869
4865
7003
3944
4872
4383
4387
4383
0
4387
4391
0
4388
4394
4388
0
4394
4391
4394
0
0
4379
4388
0
4491
5143
0
4387
4379
4854
4872
6665
3907
3912
5191
4869
6844
5283
4854
4846
3912
5283
4854
3912
0
5214
0
0
0
0
0
0
0
0
0
0
4425
0
4429
4418
4437
0
4435
0
0
4432
4435
0
4432
0
0
7641
4781
7641
5040
7641
4975
4981
7635
4791
0
4333
0
0
0
5003
4998
0
7605
3981
7776
4289
5211
4492
5000
4965
3977
0
0
7500
4981
4992
5044
0
0
0
0
0
4475
4490
0
4482
0
4487
0
0
0
4487
4483
0
0
4517
0
0
0
0
4571
0
0
4501
4496
0
0
0
0
4517
4524
0
0
0
0
4517
0
3630
0
0
0
3630
4760
0
4813
0
0
4517
0
0
0
0
0
4821
0
0
0
0
0
0
0
0
0
4813
0
0
0
0
0
0
0
0
0
0
0
0
4496
4577
0
0
0
0
0
4559
0
0
4616
0
0
4583
0
0
4587
0
0
0
4585
0
0
4572
0
3869
0
0
0
0
0
4536
0
0
0
0
0
0
0
0
0
4540
0
0
0
0
0
3848
0
0
0
0
0
4087
4514
0
0
4087
4157
0
4639
4161
0
0
0
4605
0
0
0
4154
5333
4623
0
0
0
4160
0
0
5307
0
4639
0
0
0
0
3809
0
0
0
0
0
0
0
0
0
0
0
0
0
4650
0
0
0
0
0
0
0
0
0
0
0
4663
0
0
4692
4639
0
4663
0
0
0
0
0
0
4689
4655
0
0
4744
0
0
4689
0
4731
4655
4653
0
0
0
0
0
0
0
3789
4679
0
0
0
0
0
0
0
0
0
0
0
0
0
0
0
4702
3762
4542
0
4715
0
0
0
0
4720
0
0
0
0
0
0
0
0
0
0
0
0
0
0
0
0
0
0
0
0
0
0
0
4713
0
4741
4690
3791
4679
0
0
0
0
0
0
0
0
4754
0
4934
0
4940
7545
0
5077
5214
4934
4940
7280
4781
5214
4981
4981
5077
7641
7559
4965
5000
4965
5000
4965
0
4934
4981
7280
5040
7641
5000
4982
0
5050
0
7641
0
7286
0
0
0
0
0
0
0
0
0
6902
3916
0
0
4801
0
0
6729
6729
0
6729
0
4806
6749
0
3842
0
0
3848
0
7608
6850
7126
7605
4275
4975
6946
3854
4906
7606
4660
7199
4977
0
4236
10215
4977
3941
6818
4981
7606
4884
0
5272
3907
6942
4846
3943
7016
4854
0
4865
7000
3900
3907
4869
7121
0
7016
5283
4854
0
6852
5175
5175
0
4261
7224
0
7004
7016
6939
5233
5187
3912
4884
5269
5233
7121
6986
0
4343
4259
7007
6986
5197
5191
7007
5228
5191
5197
4902
4908
4901
0
0
7605
0
0
0
4902
4898
0
4901
0
5000
7350
4901
7606
4926
7605
7608
4965
5040
4975
4901
4901
7247
4947
0
4947
9856
0
4781
4940
4965
4070
5040
4934
7582
0
4934
4781
4781
4981
7280
0
0
5077
0
4934
4906
5000
0
4940
4965
5000
5000
4969
4990
4982
4969
4901
4975
7562
7240
11588
5077
7247
4781
3835
0
4981
4781
4275
0
4977
4981
5000
5000
4760
0
4977
0
7247
5040
7605
0
0
0
4992
4781
5000
7126
4947
0
0
4086
0
4998
4965
4906
4906
7126
0
0
0
0
4906
0
4448
7237
5018
5221
4965
4837
4992
4977
5187
4989
7362
9856
4965
7582
0
7559
7592
9868
7164
4047
4906
4906
9856
5187
5003
5077
5214
7164
11586
5214
7164
5003
5221
5214
7636
7199
0
0
4492
5214
0
7199
0
4297
5050
5044
0
0
4965
7199
4965
5214
4297
5117
4981
4981
4492
5117
5187
11588
7199
4934
7545
7214
4029
5187
7199
4940
5051
10150
5000
7199
5187
0
4975
11586
4908
7214
4908
5112
6368
4965
5187
6456
5197
5175
7164
5044
5174
5174
5175
6669
5197
7214
4341
7199
5191
5191
5269
5269
5112
6669
6665
3907
6456
3904
3907
3912
0
6346
7021
7007
6346
0
5198
5187
5197
5175
5175
4388
5143
5151
5147
5147
5161
5147
3907
5137
0
5132
5163
0
5143
0
5161
5145
0
0
5161
0
5161
0
5156
0
0
0
5149
0
5162
5156
5148
5156
0
5162
5162
0
5159
0
0
0
4754
5162
0
5161
5162
5159
5162
5156
5156
5117
0
0
5175
5187
5197
7224
5191
11562
7224
7224
0
5197
5197
0
5191
6980
5174
0
0
5174
5044
5191
5191
0
0
4282
5175
4217
4188
4448
4320
4975
5003
11586
4188
5221
5051
0
7565
5187
0
5269
5184
0
7224
5187
0
0
5187
7559
5228
0
5228
5228
0
5228
5228
5228
5228
0
5217
5233
10173
5174
5191
4872
7214
7224
5228
7608
4989
5228
5228
5228
7214
5228
5228
6685
5228
7214
5228
0
5228
4872
4872
7007
4999
5255
5228
5228
5228
5228
4998
5255
7214
0
7606
4999
0
5228
0
5228
5184
0
4455
4999
7013
5003
7385
0
7013
0
5307
0
0
0
0
0
0
5356
0
0
0
5296
5312
5305
0
0
5350
0
5332
0
5305
0
5312
0
5309
5315
0
5350
0
0
5309
5326
0
0
0
5322
0
0
5292
0
0
0
5292
0
5312
5344
0
0
5333
0
5354
5339
5454
0
5354
5342
0
0
0
0
5335
5294
5335
0
0
0
5371
0
0
5367
0
0
0
5343
0
5300
0
5360
0
4199
5339
0
0
0
5371
0
0
0
0
0
0
5756
5559
0
7435
0
5580
5665
0
0
0
0
5518
5569
0
5392
0
0
0
5392
5429
0
0
0
5414
5411
0
5402
5411
0
5411
5559
5402
0
5409
0
5665
5414
0
0
5427
5420
5409
7659
0
0
5438
5429
5427
0
5445
0
5409
0
5420
5420
5427
5409
5427
5436
0
5409
0
0
5445
0
5531
0
5447
0
5445
0
5445
5425
5631
0
6651
0
0
0
0
0
5453
0
0
0
0
0
0
0
0
0
0
5465
0
0
0
3953
0
0
0
0
0
0
0
0
0
0
0
0
0
0
0
0
0
7738
5589
0
0
0
0
5503
5502
0
0
5503
0
0
0
0
5517
0
0
0
0
0
0
0
5636
5531
0
0
0
0
0
5518
0
0
5520
5527
0
0
5510
5526
5517
0
0
0
5539
0
5439
0
5719
0
0
0
5598
0
0
0
5651
0
5547
5560
0
0
0
0
0
5598
5553
0
0
0
0
5565
5663
0
7652
0
5569
5661
7493
0
0
5526
5665
5526
5569
0
5653
0
5544
5569
0
0
5651
5663
5928
0
5535
0
5598
0
5618
0
5618
0
5539
0
5558
5724
0
5705
7321
0
0
0
0
5732
7314
0
0
5453
0
5726
7738
5003
7492
5732
0
5717
0
5560
5724
0
5693
5724
5693
5632
5558
5385
0
5738
5686
0
0
0
5739
5385
0
5633
5636
0
0
0
5503
5640
5651
5661
0
0
5647
0
5684
0
5658
0
5651
0
0
5661
0
0
5749
0
5659
0
0
0
0
0
5421
0
0
5755
5454
7659
5607
5636
5531
6410
0
5531
5738
0
7315
5559
0
0
0
7315
5575
0
0
0
5681
0
5631
7314
0
6910
5693
6979
0
5705
0
0
0
0
0
0
5593
0
5704
0
0
0
0
0
0
0
0
0
0
5018
7346
0
0
0
0
0
5604
0
0
0
0
0
5729
5732
5386
0
0
0
5381
0
7314
5747
5545
5545
7432
0
7662
0
5545
5616
7601
5749
5689
0
0
0
5792
0
0
6233
0
5792
5777
0
0
0
0
5825
0
0
0
0
0
0
6132
0
0
5792
0
0
5825
5803
5792
5954
0
3333
5759
5977
5952
5977
0
6115
3321
5762
5773
5803
6474
3355
5792
6474
0
0
6232
6474
0
5792
0
5773
5781
0
5957
0
6474
5803
5811
5956
0
0
5934
0
0
0
0
0
0
6242
5836
5771
6221
5806
6186
0
5867
6252
0
5960
6186
5772
6001
5893
5772
6252
5772
5772
5802
5897
5802
6111
6388
5772
6001
6230
5780
5806
6526
6186
5875
3343
6556
5893
6260
5897
5875
5893
6350
0
5960
6260
5955
6190
6001
5867
5897
0
5893
5893
5836
6098
6260
5806
5893
5772
6260
5772
5802
5931
5836
5897
6098
6199
5900
0
6240
3388
6117
0
6556
5867
0
5806
5867
5970
5792
5957
6237
6474
6474
6398
0
0
5803
0
6474
6474
6396
5667
6411
6411
6474
5963
5977
5957
6474
0
5977
5759
0
5825
6474
0
6118
5957
0
6240
5957
5781
6474
6218
5957
5966
5947
5961
5952
5773
6474
0
5966
0
0
0
0
0
0
0
0
0
0
0
0
0
6475
0
6488
5970
0
0
5875
0
0
6368
0
5803
6239
5950
5803
0
5803
6677
5803
5803
6260
0
5803
5931
6595
6250
6230
6098
0
6001
6504
6242
5803
5803
6474
6250
6346
5960
5960
0
5893
6556
6067
5970
6218
5803
5970
5931
6242
6242
6260
6260
5931
5772
5875
5893
6001
6098
6242
5955
6242
6186
5970
6001
6260
5893
6242
6098
5931
6067
5893
6067
6552
6260
6260
6552
6476
5772
5772
6098
5893
6067
6260
6456
6001
5893
6368
6368
6226
5781
6552
6488
6452
6635
6488
5806
6368
5893
6388
5806
6635
6242
5956
6260
6388
0
5836
6552
5836
5990
0
6526
6260
5893
6098
5893
6556
6260
6488
5836
6067
6368
6504
5772
5836
5867
5867
6250
6488
6608
5970
6067
6608
6098
5806
5836
0
6488
5867
6350
5951
6067
5972
6488
6488
0
0
6110
0
0
6232
0
5781
0
2749
0
0
6260
6108
0
0
3307
6155
5867
6218
6129
6118
0
6147
6147
0
6136
6138
6117
0
6108
0
6239
6247
0
3231
0
0
5836
4491
0
0
6143
3235
6230
0
0
6143
0
6260
3111
3314
3043
3085
5875
3115
0
3314
6143
3313
6250
6186
6173
6258
3214
6173
0
6258
6144
3314
6173
6186
6186
6258
3142
6221
5836
3161
3142
0
0
6232
6199
0
6122
3212
6221
6187
3314
6210
3306
3085
0
6121
6113
3161
3307
3161
6111
0
6108
4508
6220
0
5963
0
0
4508
3356
6221
6143
0
6117
0
0
5773
0
0
5760
0
5762
5970
0
0
0
0
0
0
0
3616
0
2970
0
0
0
0
5823
0
0
5949
0
0
0
0
5875
0
6098
6250
5771
5771
3314
0
6067
0
3310
6252
6173
6235
5875
6173
6221
6122
5875
5780
3161
6221
6187
5780
5893
6187
5780
5960
3142
0
6187
0
0
0
0
0
0
0
0
0
0
0
0
0
6301
0
0
7734
0
0
0
0
0
0
0
0
0
0
0
0
6635
6677
6677
6677
4754
0
0
0
0
0
3854
0
0
6328
0
0
0
0
0
0
0
0
0
5756
0
0
6336
5983
5977
5977
5963
6513
5953
6473
6677
0
5803
6350
6504
0
5960
6526
6368
6504
6504
6595
6526
6098
5867
6595
5960
6486
6552
6098
5955
5836
6552
0
6608
6608
6368
5960
6098
6252
6388
6526
6635
5972
6067
6635
6368
6552
6635
6388
6467
0
0
0
0
0
6647
6513
6635
6400
0
0
0
0
6705
0
0
0
6442
6389
6513
5959
6809
6705
0
0
0
6389
6803
6474
6474
6400
6389
0
6432
0
6449
6494
6319
6513
6429
6494
6434
6882
0
6449
0
0
6316
0
0
6705
5961
6411
6825
6323
6449
0
5659
0
0
0
6387
0
0
6402
6664
0
6785
0
6473
0
0
0
5961
5961
0
6475
6732
6476
5952
6659
0
6467
6475
0
6476
0
0
0
0
0
6350
0
6513
6504
6814
6727
0
6678
6504
0
6814
0
6556
6504
6494
6738
0
0
6350
6900
6556
5990
6556
6474
6461
6556
6504
0
6504
6402
6310
6504
6513
6818
6721
6705
0
6894
6310
6309
6818
6721
6483
6400
6504
6001
6526
6595
6402
0
6595
6350
6595
6721
5960
6098
6634
5977
3941
6526
6552
6818
3944
6452
6368
6659
6556
6368
5931
6452
6452
6486
6552
6098
4197
0
3944
6880
6608
0
6634
6595
6350
6595
6486
6595
6486
6608
5970
6552
6486
6634
6595
3944
6456
6526
6346
6552
6659
6665
6635
6454
6552
6456
6608
3941
6388
6666
6388
6346
6669
6666
3944
6880
6486
6608
6098
4197
0
5970
6732
6456
6880
6595
6608
4197
6346
6098
6659
6388
5112
0
6608
6098
6552
6467
6388
6659
6798
6798
6749
6388
6729
6608
6552
6749
6749
3916
3916
6388
6388
6662
6634
6729
6666
6595
6608
0
0
3916
4343
4343
0
0
6411
6785
0
5957
6722
0
0
0
0
6648
0
0
0
6646
6945
6879
0
6722
0
6653
0
0
0
0
0
0
0
0
0
6659
0
0
6486
6677
6693
6664
0
0
6683
0
6664
0
0
5702
0
6863
6723
0
0
6746
0
6902
0
6689
6657
6703
0
6902
6749
6705
6746
0
0
6513
0
0
6688
0
4806
0
6746
6746
6689
6710
6749
6721
4806
6746
0
6723
0
0
0
0
6727
6729
0
6863
0
0
0
0
0
0
0
0
6902
0
0
6309
0
6900
6738
0
6883
0
6818
4806
0
6749
3916
6729
3916
6729
6749
6634
6634
6795
6732
6732
4343
0
4754
6795
0
0
0
0
0
0
0
0
6771
6917
0
0
0
0
0
0
0
6915
0
6648
0
0
0
0
6672
0
6664
0
6929
6683
0
0
0
0
6900
7054
6350
6513
0
6889
6818
6894
6894
6814
0
6744
7064
6513
6861
0
7054
7063
6744
0
6818
6721
0
0
0
6831
0
0
0
0
6834
6788
0
0
6788
0
6832
6976
0
0
0
0
6996
6473
6844
0
6879
6683
7151
0
6839
0
0
0
0
6848
0
0
5233
0
6879
6319
0
6683
0
6504
7017
6818
0
6504
6900
6874
6850
6883
0
0
6880
7036
6880
6883
0
0
6886
0
0
6814
6850
0
6900
6705
0
7054
6943
6513
6943
0
6894
7054
7111
4806
6902
0
6727
0
7064
7063
6727
6653
0
5707
0
0
0
6923
6917
0
0
0
0
6928
7031
0
0
0
0
0
6934
0
6814
0
0
0
6837
0
0
0
0
0
0
4872
0
3943
7006
0
0
6851
0
0
7006
6861
6932
6727
7043
6932
6894
7036
6818
6705
6703
6814
7043
6894
7091
6738
6814
7036
6814
7036
7029
7120
7117
7043
6738
7017
0
0
0
0
0
0
0
0
0
0
0
0
6988
0
6998
0
0
0
0
0
0
0
6996
0
4343
0
0
0
7031
0
0
0
0
0
0
7006
0
5184
4275
6879
0
7015
0
0
0
6900
7133
0
0
6900
0
7029
6738
7241
7054
7054
0
6856
0
6809
6867
7036
6946
0
6787
7113
7240
7324
7324
7063
0
6814
7362
7091
7120
7043
7054
6894
6861
6943
7064
0
7107
6818
6880
6880
7240
7043
6932
7126
0
0
0
7362
6818
6978
7120
4760
7375
7400
7064
7237
7444
6818
6818
7107
7129
7063
7107
7237
7063
7107
4837
6933
7332
7092
7362
7280
0
0
7280
7107
7444
6880
4837
7566
7164
6936
7123
7559
7123
4806
4781
7123
0
4297
7164
4297
0
0
0
7129
0
0
0
0
0
0
0
7003
0
0
0
0
0
0
0
0
7133
0
0
0
0
0
0
7273
0
7270
7282
0
4947
7606
7352
6879
7346
0
6984
0
0
0
0
7021
5447
7158
0
0
0
7198
0
0
7286
0
0
7281
7342
6983
0
7281
6989
7123
0
0
7531
7198
7125
7444
0
6978
6983
4240
7545
7265
7401
7583
7265
4297
6933
4289
7214
7199
4297
0
5187
5187
4297
0
0
7123
7402
7326
7400
7132
7214
7199
4977
5351
5438
4523
4301
7237
5174
0
4301
7164
7500
5018
4977
7199
7199
7169
7292
0
5197
4301
5174
7214
0
5175
7164
5228
5174
7240
7488
7241
0
4760
4923
0
0
7333
7214
7284
7107
7497
0
7224
5255
7199
7605
7583
7338
7036
5255
7492
7129
3977
4926
7497
7492
0
0
0
0
0
0
0
0
0
0
0
0
0
0
0
0
0
4272
0
0
0
0
0
0
0
0
0
4781
0
5018
0
7269
7363
7282
0
0
6110
4030
0
7640
0
0
0
0
0
0
0
0
0
0
0
0
0
0
0
0
0
6909
0
0
0
0
0
0
0
4301
0
7043
0
0
0
0
0
0
0
0
0
0
0
7747
0
0
7398
0
0
7364
0
0
0
7450
0
7320
7392
7091
0
0
7583
7603
7592
4934
0
0
0
7571
5051
4760
7375
7401
7362
5044
7606
4947
7444
0
0
7583
7571
7385
3981
0
0
0
4926
0
7280
7401
0
7340
0
4275
0
5641
4934
4926
7029
7530
0
7401
0
0
0
0
0
0
0
0
0
0
0
0
0
0
0
0
0
0
0
0
0
0
0
7653
7427
5390
7437
0
5741
7653
7435
7435
0
7653
7437
0
7437
0
6335
5217
0
7601
7527
5000
0
7658
7744
0
4007
0
0
7536
0
0
7567
0
7363
0
7462
0
4170
0
0
0
4179
7159
7472
7472
7340
7339
3984
7472
0
7247
0
7971
7392
7562
4047
0
7774
7404
7404
7472
4060
7237
3984
7500
0
0
10215
7606
0
0
7527
11518
4969
0
7401
0
0
0
7756
3981
7385
7547
7756
3984
4926
4923
3981
7807
0
7107
0
7346
7606
7179
7376
7497
0
7761
5044
4049
7527
0
7525
0
7525
7332
0
0
7332
0
5077
7754
0
7754
4070
3984
8055
7198
0
7392
0
0
7603
0
7938
0
3984
7500
7512
0
5565
0
0
4981
7332
0
5715
7362
0
7179
0
0
0
0
7043
0
7492
0
4992
7283
7276
7604
7549
7571
0
7265
7512
7544
0
0
7582
7404
0
7565
0
4992
7608
7547
0
7604
3835
3835
7565
7583
0
5040
4760
0
7583
0
0
0
0
7265
0
5283
7592
7385
7013
4934
7605
7807
0
7565
7286
7636
0
7385
0
7606
7598
7404
7237
7605
7385
4901
7337
7385
0
4990
5272
0
0
0
0
4049
0
0
0
0
0
7240
0
0
0
0
6336
5390
0
0
0
7457
5559
7649
0
0
5741
0
0
0
6410
0
0
5755
5667
5545
7435
0
0
0
7637
3814
0
0
7673
7726
0
0
7731
0
7729
0
0
7685
0
7729
7637
0
3807
0
7699
0
0
0
0
0
7727
7702
0
0
7681
7695
7702
0
0
7722
0
7712
0
0
0
0
0
0
0
7727
7727
0
0
7713
0
3807
0
0
0
0
7681
0
0
0
0
7738
0
7736
0
0
0
8073
8073
0
0
10176
7527
0
0
7364
10157
7462
7774
0
0
7938
0
7756
7911
7928
7939
0
0
0
9863
9860
0
7900
0
0
7444
7991
9278
0
0
7991
0
8893
8992
8836
9170
7892
8907
7766
7797
7871
0
7776
8990
0
0
0
8529
7822
0
0
0
0
7807
0
8529
0
0
0
0
10237
7977
0
10065
4176
0
0
7992
9863
0
0
0
7969
8138
0
10142
8690
0
0
0
0
7822
0
0
0
0
7879
0
0
8010
7830
7794
0
7879
0
9170
0
0
0
9170
8527
8010
8070
9009
7900
9009
7794
7776
9179
0
8010
0
8007
7776
8690
9022
7854
0
7879
8889
7981
7879
7854
0
7754
7938
0
11997
7875
0
0
9158
7881
7875
0
7881
0
0
7879
8899
9171
7797
20712
10037
8850
7959
8850
0
8316
7959
8950
8316
7959
0
7994
0
8893
7939
8870
0
0
8839
8335
9402
8990
8922
0
0
0
10066
7959
7743
8950
0
0
8949
0
0
0
0
0
0
0
0
0
0
0
0
0
0
0
0
0
0
0
0
7756
7462
0
7892
7404
7911
0
0
0
7571
0
7774
0
7571
9856
7842
8690
7776
0
0
9856
0
7512
7774
0
7992
7774
7776
0
7512
0
11588
7776
0
0
11586
0
10026
8006
0
0
0
0
8007
0
10141
0
0
8846
9170
0
0
11868
0
9170
8007
7761
11588
0
8200
7948
7766
8690
8033
7527
0
0
7871
0
0
8006
7842
0
0
8702
0
0
0
0
0
0
0
0
0
8086
8017
0
0
0
0
0
0
0
7922
0
8023
0
0
0
8083
8019
8047
0
8018
8043
8018
0
8047
8018
8018
8052
0
8052
0
0
10142
8127
0
0
0
0
0
8127
0
0
0
0
9402
8899
0
7948
7776
0
8018
0
0
7743
8047
0
8089
8023
0
0
0
8086
0
8089
0
0
8052
7592
0
8163
7879
8009
0
0
0
0
0
0
0
0
0
0
0
0
0
0
0
0
8061
0
0
0
0
0
0
7862
8032
0
0
11152
0
0
0
0
0
10013
10013
8946
0
0
7922
7922
0
7939
0
0
9005
8162
0
0
0
9020
8992
8834
11228
8998
0
0
0
0
0
9170
0
0
9044
0
8993
0
0
0
0
0
0
0
8171
0
8172
0
0
0
0
0
0
0
0
0
0
0
0
0
0
0
8188
0
0
0
0
8183
0
0
0
8199
0
0
9252
0
0
0
9269
0
0
0
0
0
0
0
0
0
0
0
0
9276
8663
9297
8556
0
8556
8557
0
0
0
0
9295
0
0
0
0
0
0
8566
0
0
0
0
0
0
0
8682
8567
0
7930
0
0
8643
0
9226
0
8867
0
0
9158
8257
8572
0
19259
8292
8348
8451
8274
8269
19177
19178
0
8351
8572
0
20705
8290
8284
8292
0
8266
8451
0
8309
8395
0
8284
0
8432
0
8309
8277
0
8309
8398
0
8304
0
8430
20147
8348
8266
8391
8309
0
8402
8432
8348
8459
0
8331
8525
0
8266
0
0
8309
8313
0
0
0
0
8314
9585
0
0
7938
8391
7530
12059
0
7951
0
19186
8432
0
0
7969
9107
8348
0
8290
8937
8128
19566
7913
8353
0
0
0
8314
9278
20122
0
0
8330
0
7790
0
0
0
0
8284
0
0
0
20109
0
8459
0
7987
8899
19180
9291
0
0
0
9283
8371
0
11827
9289
0
0
0
8395
8475
9052
8402
0
9289
7994
7969
8404
8875
9009
0
8451
8528
8351
0
8404
8391
0
8274
8391
8429
0
0
0
0
8404
19177
0
8314
0
8309
0
0
8429
8955
19177
8404
0
9144
8314
8274
0
8925
8402
7985
0
8429
0
0
0
8525
0
0
0
0
0
8391
0
0
0
0
0
8395
8439
0
8290
8525
8451
0
8284
0
8395
8391
8274
8391
0
8395
8475
0
19177
8405
8921
8274
0
8432
0
0
8962
8834
8405
9052
0
8266
0
0
0
0
0
8459
7841
8398
0
0
0
7841
0
9170
8834
8527
8007
0
8014
11313
7841
9087
9055
8007
8523
9179
8139
7841
8528
8412
8528
8863
9158
8014
8007
8863
8412
8834
8412
8529
8834
0
9144
0
8528
8921
0
0
8921
0
8992
0
8007
0
0
0
0
0
0
0
0
0
0
0
0
0
0
0
0
8785
8783
8695
8859
8023
0
9239
0
0
8899
0
7900
8875
0
0
8907
0
0
8943
8560
0
0
0
0
0
0
0
7900
8856
0
7939
9566
0
0
8583
8374
8870
7939
10620
7900
0
9570
9209
0
9536
8926
0
8117
0
8576
0
8869
0
0
7739
9226
9226
0
0
8699
0
0
8688
0
0
0
0
0
8856
9188
9189
8065
9536
0
8867
10620
0
8867
0
0
0
0
0
0
0
0
0
0
0
0
0
0
0
0
0
0
0
0
8635
0
0
0
0
9297
0
0
8219
9305
0
0
0
8653
0
0
0
0
0
0
0
0
0
0
0
0
8671
7882
7875
9393
0
8916
7882
0
0
0
0
0
0
0
0
0
8678
0
0
8374
8820
0
8010
0
9250
0
0
8681
0
8820
0
0
0
0
0
0
0
8737
0
0
0
0
0
0
0
8609
0
0
0
8764
8697
0
0
0
8710
0
0
0
0
0
0
0
8744
0
0
0
0
0
0
0
0
0
8601
0
0
0
0
0
0
0
0
0
0
0
0
0
0
0
0
0
8744
0
0
8732
0
0
8772
0
0
0
0
8753
0
0
8775
0
0
0
0
8637
0
0
0
8237
0
0
0
0
0
0
0
0
0
0
0
0
8079
0
8553
8807
8785
0
0
8792
8830
8225
0
8316
7879
9022
0
0
0
8814
9087
8921
8974
0
8529
8921
9105
0
0
0
8934
0
0
0
8824
8809
0
0
8830
0
20136
8893
8876
0
8863
0
20720
8899
0
9269
7827
8124
8572
8846
11809
0
8572
7985
8335
0
8569
8870
8690
8834
8974
0
8896
8412
0
8899
7773
8124
0
7882
8139
8873
0
0
0
0
8593
9543
0
7874
0
0
20677
8974
8867
0
8974
9543
8886
8316
7856
0
8335
8870
0
9111
10906
8139
0
8529
8896
0
8859
9144
0
8412
0
0
8941
7905
9029
9158
0
20719
9584
9456
9029
8941
9112
9035
10037
0
9416
8150
8893
0
0
0
9061
8058
0
0
9553
0
8523
8977
8948
8920
0
0
0
8992
0
9107
8869
8412
0
0
0
0
9252
0
0
0
0
0
8061
8398
0
8404
0
8896
8921
8863
0
0
0
0
0
0
0
0
0
0
8839
9052
9058
8475
8007
0
0
8977
0
8850
0
0
0
8159
9029
9105
8942
0
7871
8551
9186
0
8893
0
0
8977
0
7991
0
0
8102
8977
9013
8977
8523
9105
0
0
7871
7991
0
0
0
7991
0
8977
8998
7991
8990
9013
7991
0
8977
0
9011
9029
0
0
0
7871
0
8977
9171
7991
9216
9250
0
8171
9029
9044
8990
8169
9171
9044
8169
0
8169
0
8963
9061
9061
9077
9061
0
9061
9058
0
9061
9061
0
9138
9061
0
9055
9079
9092
9127
0
9077
9061
9092
9046
9077
9136
9061
9061
9127
9061
0
9127
0
9134
9132
9141
0
9083
9077
8157
0
9111
9079
9091
0
0
9119
9142
9092
9083
9119
9557
9092
9105
9083
0
9119
9132
0
9111
0
9189
9079
9111
0
0
9117
9079
0
9557
0
9566
0
0
9117
0
9102
9105
9107
0
0
9134
9569
0
0
0
0
0
0
0
9187
0
8974
9233
0
0
9112
0
8154
0
0
0
0
0
0
0
0
0
0
9170
7797
0
0
10725
9250
0
8875
0
9144
7794
7871
20149
8889
0
0
0
0
0
7856
8530
7879
9186
0
8679
8679
8946
8166
9186
8166
0
0
0
0
8974
9189
8974
9584
8319
9189
9553
9198
0
9189
9548
9189
8926
0
0
7797
8943
8153
9198
0
9209
0
0
9006
9216
9216
0
9218
0
9233
9584
8143
9233
9570
9144
9233
0
9584
9226
9553
9585
9548
0
0
9233
8986
8133
9022
0
0
0
0
9226
0
8203
9553
9186
8152
0
8942
0
0
0
0
0
0
0
0
0
0
0
8656
8818
8193
8128
8214
9283
0
0
0
8926
8935
0
8193
9216
9295
0
9289
0
10630
10825
0
9296
0
9296
9557
9289
10825
10630
0
7892
0
8680
9289
8820
0
0
0
11868
9402
0
0
0
0
9557
0
0
9305
9309
0
9309
0
0
0
0
0
0
0
0
0
0
0
0
0
9342
0
18294
0
0
0
18283
0
9809
0
18280
0
9340
18297
0
18280
0
0
0
9329
9341
0
9341
0
0
0
0
9398
9397
8966
0
0
9394
9428
9385
0
0
0
9366
0
0
0
0
0
0
0
9367
0
9359
9371
0
0
0
0
0
0
9379
9379
9388
0
0
0
0
0
0
0
0
9396
9398
0
0
0
0
0
0
8070
11243
11155
0
11243
8113
11241
11236
10037
9457
9457
11907
9419
0
11241
11907
11865
0
9419
8822
0
11865
11907
8150
8822
0
0
9428
0
0
0
0
0
0
0
0
0
0
0
11221
0
0
0
0
0
0
0
0
11907
8150
11868
8822
11243
10632
9456
9457
8822
0
0
0
0
0
0
0
0
0
0
0
0
0
9490
0
0
0
0
0
0
0
9485
9470
0
0
9463
9485
9487
0
0
0
0
12392
0
0
9489
0
0
9486
0
0
9783
0
0
0
0
0
9507
9507
11130
9987
0
0
0
0
0
9703
9671
9517
0
9517
0
9704
0
0
9791
9520
9536
9107
8859
9107
8065
9570
9540
0
9530
9536
9540
9543
9536
0
8820
9092
8907
0
8820
9540
0
0
9283
9189
9566
0
11454
8974
9584
9548
0
9557
11454
9189
0
9566
9189
9566
9570
9119
0
9563
9087
0
9189
9283
0
0
0
9055
0
0
0
9584
0
0
9584
0
0
0
9566
0
0
9107
9087
0
0
0
0
9595
0
11130
0
11130
11130
9309
9309
9309
9309
9623
0
0
9725
9603
0
9603
9736
9309
9309
9613
0
9623
9623
9604
9604
9613
9622
9634
9622
0
0
9623
9309
0
0
9623
0
9622
9839
9629
9603
0
0
9309
9744
0
9731
9745
9635
9309
0
0
0
0
0
9638
9744
9659
0
0
9662
9656
9784
0
9792
9784
0
0
0
0
0
9593
9520
0
9780
9673
9791
9791
0
9671
0
9517
0
9738
9517
9680
9680
0
9682
0
0
0
9682
0
9735
9718
9735
0
9718
9703
9703
9703
9696
0
9690
9704
9682
9718
9696
9737
0
0
9703
0
9749
9703
9737
9749
9703
9752
9751
9718
9752
9690
9749
0
9749
9718
9749
9749
9749
9752
0
0
9749
9738
0
0
0
9749
9749
9749
0
0
0
0
9743
9743
9737
9743
0
0
0
9738
0
9752
0
9749
0
0
0
0
0
9790
9735
9751
0
9342
0
0
0
0
0
0
9790
0
9770
0
0
0
0
0
0
12541
0
0
9341
0
0
9671
0
0
9792
0
0
9342
9784
0
0
0
9329
9329
9341
9799
9778
9778
0
9799
9810
9340
9338
9809
9329
9778
9810
9341
0
0
18297
9799
0
9778
8391
0
0
9822
0
0
0
0
0
0
0
0
0
0
0
0
0
0
0
0
0
0
0
0
0
0
7776
3984
12087
10248
11518
9852
12082
10208
10234
10013
3981
0
0
0
11566
0
11586
11588
4981
0
4965
0
0
10142
5003
9868
5000
0
9872
9872
11957
0
11870
0
11877
9872
10725
11460
9902
10695
11259
11030
11007
0
9884
0
10653
0
10840
10716
10653
9886
9919
11295
10550
11259
11060
9884
11035
11026
10653
0
11018
11207
9902
9956
10550
10550
9913
10750
10752
11699
0
10485
11436
9913
9913
11207
0
10719
9958
10840
0
11277
9923
10556
11197
9902
9941
9973
9902
11197
11277
9939
0
9973
9956
11266
0
9939
0
11414
11417
10791
11266
11295
11311
11026
11417
10444
11699
11007
10791
11104
11201
0
11277
0
9884
11304
10750
0
10767
0
11419
11412
0
10803
9923
11415
11402
11410
0
10806
0
11436
11205
0
11114
0
10395
0
11404
0
9987
9663
0
11108
9990
0
11396
11404
9997
0
11410
0
0
0
10978
12087
9354
10011
11238
11862
10011
10045
12069
11865
9852
7747
0
10248
0
9354
9852
10716
11907
10045
9852
11867
11867
7982
11239
0
11907
0
10208
9416
10216
11907
11243
10890
10096
11236
0
10216
0
9402
0
0
0
10055
12076
9863
0
10055
10175
0
11818
10930
12074
0
11903
12074
0
10055
0
10048
0
7977
10145
4176
10055
7928
0
0
10175
11833
10917
10059
12074
10057
10176
7969
8010
10098
9412
11239
7936
10096
10039
11237
11243
3981
10215
7747
11228
3981
10248
11236
10066
11518
10039
11867
8113
0
10098
0
10098
10216
0
10132
10110
7766
10128
10123
4029
11573
10110
0
11557
10110
10133
11557
10128
10124
10123
12047
12067
10128
11809
11557
0
0
10133
11562
10124
0
10139
3914
10128
0
0
11809
4029
3914
7598
10139
0
10173
0
0
7969
10150
0
5051
8006
10055
8055
0
11809
10035
10171
12076
9856
9856
0
8006
5214
10110
11809
10173
11935
7969
0
0
0
0
0
0
0
10174
0
0
0
0
12048
0
10175
11083
11586
11588
11588
10139
11843
11580
0
7774
0
7774
0
0
10157
0
9856
11273
11526
0
0
9856
0
10171
0
10176
7862
11596
7982
0
11554
3981
10216
10065
11518
11518
0
0
9852
3981
0
11518
11596
0
0
0
9852
0
0
0
10821
10248
0
0
0
0
0
0
0
0
0
0
0
0
0
0
0
0
0
0
0
0
11518
10216
0
0
0
0
0
0
9852
0
10403
0
0
11653
0
0
0
0
0
0
0
11347
0
0
0
10279
0
0
0
0
10317
0
0
10279
0
0
10300
0
10300
0
0
11347
0
10318
10224
0
10262
0
11326
0
0
10318
10406
0
10311
11651
0
0
11461
10307
0
11383
11461
10316
10556
0
0
0
0
9780
9780
11113
9780
9780
9780
9791
9663
9781
9661
9663
9994
9661
9517
10738
9791
9517
11108
9593
9507
9660
11130
11026
9662
9661
11130
9595
9781
0
11496
10361
0
0
10903
10483
10361
11360
0
0
10024
0
0
9935
9884
10539
10560
10348
0
11496
10262
11360
7843
7773
10317
11326
10406
11325
11102
11325
10317
10237
11509
11326
11326
10279
10393
11321
16893
11323
10406
10402
10401
11684
0
11628
0
10750
10653
10560
16693
10401
0
0
0
10408
16896
0
10403
0
11328
11642
11628
10406
11338
10308
11516
0
11621
0
11329
0
10300
10426
0
0
0
0
10430
0
0
0
0
0
0
0
0
0
0
10746
0
10751
0
0
0
0
0
0
10840
10910
10840
10472
10878
10024
10738
10490
10468
10461
0
0
10444
0
0
10485
0
10486
10485
10485
10483
0
10773
0
0
0
10899
0
10024
10579
10536
10597
0
10597
0
0
0
9884
0
0
0
0
0
0
0
0
0
10441
0
10511
10661
0
0
0
11800
10653
0
0
11460
10959
10653
10668
10957
11466
0
10511
0
10943
11835
10513
11460
10653
0
0
0
0
10528
0
0
0
0
0
10543
0
10486
0
0
10637
0
0
0
0
0
10761
0
9919
0
10539
10539
9902
9902
9902
11004
0
11843
0
9884
0
0
0
10840
10539
10539
0
9884
10651
8113
0
0
0
10541
0
0
0
10556
0
10946
10899
10579
10579
10597
10599
0
10597
10840
10511
10470
10621
10470
10444
10599
10979
10839
10470
9939
0
0
0
0
10737
0
10539
0
10597
10444
10470
10474
10348
10950
10632
9886
10474
10911
11007
11007
0
10651
0
10986
0
10691
0
11018
0
0
0
10749
9548
10725
10986
10971
11447
10637
0
10470
0
11216
10961
11311
10961
0
10756
10539
10620
0
10653
9902
11460
11311
10946
11311
11460
10488
10616
0
10490
0
10756
11157
10485
10943
11799
11259
10668
0
11155
10489
0
0
10668
10661
0
0
11835
11259
10664
10471
10669
10669
10669
11277
10651
10661
10999
11259
11007
10840
10878
0
10481
10556
10500
10661
10893
0
10481
10893
10930
0
11454
11454
10703
11304
10637
10695
10720
0
10716
10695
10669
11304
11312
10720
0
0
10716
0
10719
10716
0
10716
10751
0
0
11072
10711
10725
11016
0
11016
10719
10751
10661
9919
0
10832
11016
11466
10750
10761
0
0
9886
10750
11093
11295
10685
10746
10871
0
10612
10738
0
0
0
0
11026
11500
10761
0
11170
10361
11026
0
0
10738
10756
0
10761
11333
0
10752
10761
0
0
0
0
11344
10771
0
0
11084
10738
10799
10821
11496
11327
10799
10767
0
11083
0
10311
0
0
0
0
11018
11161
10713
11295
11085
0
0
11409
9935
0
11418
10800
0
0
0
0
11307
10860
11277
10669
11259
10903
10486
11259
10911
11466
10665
0
10485
10821
10597
0
11304
0
11496
10361
10632
10597
0
10348
10899
10839
10890
10621
12054
0
0
10821
0
10471
10950
10665
10361
10906
10903
10621
10888
10903
10911
10908
10560
10878
10821
10908
11929
12068
0
8113
10950
0
11922
11808
10903
10951
10906
0
11318
0
10485
10556
10888
10893
11790
10513
0
12001
0
10776
10893
11800
10832
10556
12068
10539
0
10906
0
0
0
0
11922
10821
10664
11790
11867
0
10840
11864
11955
0
10612
10621
0
11236
0
10839
0
0
10926
10825
0
0
10511
0
10903
11228
10621
10665
11241
11268
10943
10621
0
10825
10908
11266
0
11868
10024
10871
10543
11835
10903
11466
11827
10903
11808
11304
10695
0
10488
11827
0
10543
11808
10930
0
0
11935
10961
10878
11940
10485
0
0
0
10961
0
11843
10539
10612
0
0
0
10616
10612
10685
0
0
10703
0
0
0
0
0
0
10978
11865
11867
10996
0
10971
0
11154
10996
0
0
0
11862
11007
0
0
0
10840
10616
0
0
10946
11007
0
0
0
0
0
0
11277
0
0
11018
0
10793
10761
0
11060
0
0
10716
0
11035
11044
11162
11161
0
9584
11166
11161
0
9888
9584
11059
9584
0
11161
11166
11104
10791
11035
11018
10716
0
0
10716
11059
10713
11019
11104
11019
10738
11056
11059
11166
9902
0
11104
11161
0
0
11060
8143
9585
11059
10738
11076
10773
0
9585
10750
11016
0
11074
0
11372
0
10799
11085
8157
0
10767
10750
0
0
0
11166
11094
11699
0
0
10767
0
0
0
11151
0
0
11333
0
0
0
0
0
0
11295
10799
0
0
11102
11326
11026
10750
0
0
0
10395
11202
9783
9593
0
11115
9684
11179
11131
0
11125
11179
11131
11195
0
0
0
0
0
0
0
11149
11143
0
0
0
0
0
0
0
11150
0
11143
0
0
0
0
11246
0
0
0
0
0
11172
11161
0
0
0
9589
0
0
10761
11172
11326
0
11172
0
0
0
0
11385
0
0
0
0
11266
9941
9939
11130
9595
10840
9884
11131
11199
11195
11195
9595
0
11199
0
9975
0
11395
0
11131
0
0
11131
11402
0
0
0
7977
10959
0
11246
0
11246
12078
12074
0
11238
8109
11212
11212
0
11221
11238
11862
11238
11230
8096
0
11233
0
8037
11238
0
11237
11237
0
0
0
0
11864
0
9402
0
11862
11898
0
10888
11915
11829
11888
10513
11835
11888
11318
11762
11762
11699
11699
0
0
11266
0
0
9939
12034
0
0
0
0
11699
0
0
0
0
0
0
0
11288
0
10203
0
11284
0
0
11275
11456
11263
0
11699
0
11304
10791
10906
10821
0
10485
11089
11059
9939
9962
11307
10746
10746
0
10821
9939
0
10637
10511
10986
0
0
0
11835
11829
11762
11835
0
0
0
0
11104
0
0
0
0
0
0
0
9591
0
11170
0
0
11104
11606
10543
0
11621
11331
11011
11006
0
0
11331
11621
0
10403
11360
11331
11628
11006
11621
11621
10402
10408
11343
11360
10279
0
10403
10311
10279
11011
10403
10279
11076
11664
11510
11510
11385
0
11385
11509
11504
11510
11467
11463
11504
11404
10307
10308
0
11504
0
11372
10307
9787
11201
10311
11201
11178
0
0
0
0
10311
0
11394
11414
11402
0
0
0
11201
0
11441
11394
0
0
11418
0
11441
0
0
11395
0
0
0
11409
0
11414
11436
11711
0
11412
0
0
11417
0
11436
10731
11735
0
11428
0
0
11428
11404
9656
0
11710
0
10536
11628
0
0
11516
10903
11131
9902
0
10352
0
0
0
11499
11516
11456
0
0
0
0
11509
10511
0
0
11328
0
10550
0
0
10711
0
0
0
10485
0
10483
10597
10943
11500
0
11502
10908
11489
9484
0
0
10908
11502
10911
11502
0
10899
0
11026
11502
0
0
0
0
10444
0
0
10361
0
0
0
0
9852
3981
10215
4926
11469
0
0
0
11868
11868
11509
0
0
11868
11263
0
11268
0
10026
0
7604
7500
0
4965
10203
0
3977
11471
0
10869
4999
0
11276
0
0
0
0
10123
12165
11263
0
0
10132
0
0
4048
0
0
0
0
10123
0
0
7598
5117
0
10035
0
0
11588
0
9854
0
10176
11588
4975
4981
4981
0
0
11586
0
10045
11586
5044
0
5000
0
10142
5040
12059
12074
0
0
0
0
10013
0
0
11518
9872
0
0
11870
11684
0
11872
0
0
11872
0
7827
0
0
11872
0
11664
11684
11621
0
0
11664
11455
11510
11642
11670
16877
0
10318
11676
16902
11651
11621
11664
11684
16907
11682
16290
16907
16290
10237
0
16893
0
16876
11667
11651
10416
16876
11667
0
16896
0
16896
11667
11676
16676
16877
11456
16676
16681
0
11467
0
10260
0
0
0
0
0
16876
0
0
0
0
0
0
16913
0
0
0
0
0
0
11669
0
0
11683
11674
0
0
0
0
0
16593
0
0
11259
0
10799
11092
10536
0
10556
10556
10653
11018
0
11414
0
0
0
10511
10485
11425
11418
10536
0
0
0
11720
0
9656
0
10486
0
0
11720
11735
0
0
0
11609
0
0
11870
0
11749
0
11739
0
0
11749
11749
11749
11749
0
11749
0
11737
11749
11749
9656
11749
0
11749
0
11891
11829
11886
11829
0
11318
10668
11835
10513
12001
11779
12001
12001
11318
11318
11929
12001
11832
11834
11829
11835
0
11779
11891
11790
11779
11779
11829
11887
11318
11997
11779
0
11912
10906
11800
10504
11929
10951
11811
11318
0
0
10504
11829
11800
10950
0
11835
11811
0
0
0
0
11922
11808
11790
10906
10871
7790
0
11156
11935
11843
0
11827
0
0
11978
0
10903
0
0
11829
0
0
0
0
11834
11889
10504
12069
7766
11843
11827
0
0
12059
0
0
11904
0
0
0
10930
11246
11833
10979
10971
10035
11818
10175
12059
10979
0
12082
0
0
11907
0
0
11870
0
11870
0
11870
0
0
11870
0
0
0
0
7790
11896
0
10957
11894
0
0
0
0
11318
0
10175
0
0
10142
0
0
0
10930
0
11818
0
0
0
12059
7977
0
10979
8822
12087
10055
0
11940
11318
0
0
11915
11915
0
11835
11835
0
0
11571
0
10055
0
0
0
11832
11941
11894
10930
11894
0
11940
10959
11912
11991
0
0
11912
0
9863
11940
0
11940
12058
10930
0
11891
0
0
0
0
0
0
0
0
0
0
0
0
11968
0
0
11980
0
11805
11943
0
0
0
10930
0
0
11582
0
11916
0
0
12058
0
0
11800
11981
11880
0
11998
11988
0
11981
12001
11928
11834
11978
0
0
10035
11991
0
11997
12034
11834
11888
11834
12023
11929
11886
11883
11997
10055
11980
12042
11318
11835
10055
12034
7799
11886
11878
11919
0
11569
8010
11835
12042
11889
11834
10128
11922
8316
11889
0
11922
7939
7953
10150
11955
7959
11919
0
11922
10128
11897
7959
0
0
0
11154
0
11940
12069
0
12078
10946
0
0
0
10175
12069
10914
7948
0
11851
7842
0
0
0
12071
0
12076
12059
0
12078
0
12054
0
12071
10979
11212
0
11864
12087
11867
10978
0
0
0
0
0
0
0
0
12114
0
0
0
0
0
0
0
0
0
0
0
0
0
0
0
0
0
0
0
0
0
0
0
0
0
0
0
0
0
0
0
0
0
0
0
0
0
0
0
0
0
0
0
0
0
0
0
0
0
12136
0
0
0
12156
0
12159
0
0
12210
12144
0
12158
0
0
0
0
0
0
0
0
0
12153
0
0
0
0
0
0
0
0
0
0
0
0
0
0
0
0
0
0
0
12205
0
0
0
0
12172
0
0
12141
0
0
0
12160
0
0
0
0
0
0
12128
0
12150
0
0
12215
0
0
0
0
12223
0
12223
0
12286
0
0
0
0
0
0
12252
0
0
0
0
0
0
0
0
0
0
0
0
0
0
0
0
0
12253
12253
12253
12308
12253
12260
12252
0
0
0
0
10258
0
0
0
0
0
0
0
0
0
0
10238
0
0
0
0
0
0
0
0
0
0
0
0
0
0
0
0
0
0
0
11737
0
0
0
0
0
0
0
0
12286
0
11559
0
0
12260
0
12308
0
12223
0
0
0
0
0
0
0
0
0
0
12223
0
0
0
0
0
0
0
12260
0
0
0
0
12665
12665
0
0
12665
12353
0
0
12331
0
12665
12668
0
12331
12640
0
0
12349
12345
12353
0
12352
0
0
0
12669
12260
12349
0
12293
0
0
0
12459
12474
0
12364
12364
12467
12374
12467
0
12467
12467
12374
0
12380
0
12378
0
12380
0
12378
0
0
0
0
12378
0
0
0
12414
12413
0
9473
9476
12425
12414
12410
9486
9471
12416
12409
12345
9473
9470
9470
12410
9480
12349
0
0
12415
0
0
0
0
0
12450
0
0
12349
0
0
0
0
0
0
9738
9735
0
12486
12448
12453
9737
0
12453
0
9751
12413
0
0
9737
0
0
0
0
0
12446
0
0
0
0
12521
0
12466
12466
12459
0
12414
0
9738
0
12383
12364
12383
0
0
0
12459
12364
12364
0
0
12467
0
12474
12370
12502
12479
0
0
12502
0
0
12483
0
0
0
0
9754
0
12370
0
12535
0
12467
12523
12459
12378
12364
12492
0
0
0
0
0
12516
0
12521
12535
12521
12507
12479
0
0
0
0
12384
12380
12565
12565
0
0
0
12521
0
0
0
0
12547
12523
12541
12378
12547
0
0
0
0
12548
12525
12556
0
0
12472
12570
12370
12574
0
0
0
0
0
0
0
12553
12552
0
12567
12574
0
0
12552
12582
12567
0
0
12560
0
12570
12553
0
0
0
12574
0
0
0
12380
0
0
0
0
0
0
0
0
0
0
12559
0
0
0
0
0
0
0
0
0
0
0
0
0
0
0
12534
0
0
0
0
0
12389
0
0
0
12585
0
0
0
12616
12341
12664
12663
0
12630
0
12665
12615
0
12631
12664
0
0
0
12662
12631
12665
0
12665
0
0
0
0
12353
0
0
12657
0
12327
0
0
12660
12617
12643
0
0
12627
0
0
12657
0
0
12665
0
0
0
0
0
0
0
0
0
0
0
0
0
0
0
0
12685
0
0
0
0
0
0
0
0
0
0
12690
0
0
12690
0
0
0
0
0
0
0
0
0
0
12935
12709
0
0
0
0
0
12700
0
0
0
0
0
0
0
12969
0
12732
12742
12742
0
12774
12732
0
12972
12758
0
12738
12729
0
0
12738
12774
12738
12729
0
0
12753
0
0
12746
12758
12739
0
12753
0
0
0
12758
0
0
13008
0
12732
12753
0
12753
0
0
12770
12782
12753
0
12758
0
12772
12798
0
13006
0
12788
0
12785
0
12798
12772
0
12798
12785
0
0
12760
0
12770
0
0
12772
0
0
0
12782
12732
0
0
12837
0
12807
12726
0
0
0
0
0
0
0
12716
0
0
0
0
0
0
12813
0
0
0
0
0
12823
0
0
0
0
0
0
0
0
13012
0
0
0
0
0
0
0
0
0
0
0
0
0
0
0
0
0
0
0
0
0
0
0
0
0
0
0
0
0
0
0
0
0
0
0
12862
0
12862
0
16067
16067
12881
0
12881
12882
0
12882
0
16095
16068
0
0
12882
12881
12881
16095
12902
16067
0
16067
16039
12896
16095
16064
12921
0
16069
16068
12896
16095
16068
0
12921
0
0
12881
12921
0
12902
16067
0
12928
15789
0
0
0
0
0
12928
12688
0
0
16039
0
0
12917
0
0
0
0
0
12700
0
0
0
0
0
0
12706
0
12882
0
0
0
0
0
0
0
0
0
0
0
0
0
0
0
12945
0
0
14998
12965
0
14998
0
0
12955
0
0
0
0
12949
0
12969
12972
0
12998
0
12988
0
0
0
0
12977
0
0
0
0
0
0
0
0
12981
0
0
12987
0
12994
0
12750
0
0
12994
0
0
0
0
0
0
0
13047
0
0
0
0
13499
13014
0
0
0
0
13020
13033
14907
0
13024
14907
0
15615
0
13035
14907
0
0
13040
0
14907
13035
0
0
0
0
0
0
0
0
13544
0
13047
0
13045
13047
13063
13609
13600
13063
0
13058
0
13616
13044
13056
13532
0
0
0
0
0
0
0
0
0
0
0
0
0
0
0
0
0
0
0
0
0
0
0
0
0
0
0
0
0
0
0
0
0
0
0
0
0
13107
0
0
0
0
0
25654
0
0
0
0
0
13113
0
14475
14475
0
0
14475
13122
13590
0
0
13122
0
0
13128
0
0
0
0
13128
0
0
13136
0
0
0
13300
0
0
13151
0
0
0
0
0
0
13311
0
0
0
0
0
0
0
0
0
0
0
0
0
0
0
13300
0
0
0
0
0
0
13179
0
0
0
13191
0
0
0
0
0
0
0
0
0
0
13182
0
0
0
0
0
13173
0
13199
13147
13199
0
0
0
0
13199
0
0
13541
13199
0
0
13425
0
13538
0
0
13431
0
0
0
13425
13538
13211
0
13414
13241
0
13216
0
13424
0
0
13236
0
13433
13431
0
0
0
0
0
0
0
0
0
0
0
13233
0
13423
0
13235
0
0
0
13277
0
0
0
0
0
0
0
0
0
0
0
0
0
0
13228
0
0
13258
0
0
0
0
0
0
0
0
0
0
0
0
0
0
0
0
0
13300
0
0
0
13404
0
13305
13404
0
0
0
0
0
0
0
13525
0
0
0
0
0
0
0
0
0
0
13338
0
0
0
0
0
0
0
0
0
0
0
0
0
0
13331
0
0
0
0
0
0
0
0
0
0
0
0
0
0
0
0
0
0
0
0
0
0
0
13351
0
0
0
0
0
0
0
0
0
0
0
0
0
0
0
0
0
0
0
0
0
0
0
13289
0
0
0
0
0
13286
0
0
0
13339
0
13290
0
0
0
13546
0
0
0
0
0
0
13402
0
0
0
0
13406
0
13481
0
0
0
0
0
13422
0
0
0
0
13161
0
0
0
0
0
0
0
13423
0
0
0
0
0
0
0
0
13423
0
0
13590
13457
0
13449
0
13425
0
0
0
0
0
0
0
0
0
0
0
0
0
0
0
0
0
0
13414
13466
0
0
0
0
0
0
0
0
0
13469
0
0
0
0
0
0
0
0
0
0
0
0
0
0
0
0
0
0
0
0
0
0
0
13298
13338
0
0
0
13590
13546
13590
0
13117
0
0
0
13568
13569
0
0
13117
13513
13507
13525
0
13518
0
13546
13590
0
0
0
13518
0
0
0
0
13587
0
13544
0
13587
13537
0
0
0
0
0
13117
0
0
0
0
13556
0
0
0
0
13585
0
13063
0
0
0
0
13557
13121
13557
13590
13585
0
0
0
13548
0
0
13509
0
13568
0
13569
13385
0
0
13571
0
13584
13278
13555
13556
0
0
0
0
0
13546
0
0
0
0
0
0
0
0
0
0
0
0
13494
0
13097
0
0
0
0
0
13614
13608
13546
0
0
0
0
13626
0
0
0
13097
13590
0
0
0
0
13590
13117
0
0
0
0
0
0
13626
0
0
0
0
0
13464
14658
0
0
0
0
0
0
0
0
0
0
0
0
0
0
0
0
0
0
0
0
0
0
0
0
0
0
0
0
0
0
13683
13672
13683
13677
0
13677
13683
0
13680
0
0
13682
0
13685
0
0
0
13734
13768
13682
0
0
13694
0
0
0
0
0
13698
0
0
13699
0
0
0
13737
13710
0
13719
13715
13719
13715
0
13723
0
13719
0
13719
0
0
0
0
0
0
13739
13762
0
13726
0
0
13732
0
0
13752
0
0
0
0
13762
0
0
0
0
0
0
0
0
0
0
0
0
0
13735
0
0
0
13731
13710
0
0
0
0
15479
13768
13768
0
15473
0
13773
13770
0
0
13773
14568
13774
13773
13782
13782
0
0
13782
0
0
0
0
0
0
13786
0
0
0
0
13802
13805
0
0
0
13805
13807
0
0
13803
0
0
0
13811
0
13794
0
0
0
0
0
0
0
0
0
0
0
13821
0
0
0
13855
13828
0
13846
0
0
13846
13857
13870
0
13817
0
13840
13879
0
0
13840
0
13835
0
0
13840
0
13846
13879
0
0
13837
0
0
0
0
13821
0
0
0
0
0
0
0
13870
0
0
0
0
0
0
0
0
13867
14430
0
0
0
0
0
13863
0
13888
13871
13546
13883
0
0
13841
0
0
0
0
0
0
13906
0
0
13893
13894
0
0
0
0
0
0
0
13913
0
0
0
0
0
0
0
0
13892
0
0
14408
13924
13924
0
13926
0
13940
0
0
13929
13469
0
13665
0
13934
0
0
0
0
0
13937
0
0
0
0
18391
17367
13953
17367
0
0
0
0
0
0
13954
0
13952
0
0
0
0
13952
0
0
0
13984
0
0
0
0
0
0
0
0
0
13982
13976
0
0
0
0
0
0
0
0
0
0
0
0
0
0
0
0
0
0
0
0
13994
0
0
0
0
0
0
0
0
0
0
0
0
0
14027
0
0
0
14247
0
0
0
0
0
14033
0
0
0
0
0
0
14040
14034
0
0
0
0
0
14044
0
0
0
0
14028
0
0
0
14044
0
14028
14055
0
0
0
14055
0
0
14047
14024
0
0
0
0
0
14068
14059
14074
0
0
0
0
0
0
0
0
0
0
0
14147
17367
13953
0
14083
0
0
0
0
13953
13953
14439
0
0
0
0
14076
17362
14119
14147
17370
14164
14084
0
0
14100
14130
0
14439
14104
14140
14104
14234
14119
14119
14119
14140
14117
14119
0
0
13953
0
0
0
14128
0
14126
0
0
18383
0
14134
0
14134
14119
0
0
14217
0
14141
14141
14128
0
0
0
14158
14152
0
14152
0
14156
14163
14152
14226
0
14156
14155
0
0
0
0
14134
14164
15091
0
0
0
0
0
14192
0
0
15091
0
14116
0
0
0
0
0
0
0
14186
0
0
0
0
0
0
0
0
0
0
0
0
0
14202
0
0
0
0
0
0
0
0
0
0
0
0
0
14204
0
0
14217
14007
13970
14265
0
0
0
13981
14239
0
14245
13972
14266
14239
14229
0
0
0
0
14239
14239
14239
14251
0
14251
14229
14246
14246
0
14261
0
14217
14255
0
0
0
0
14239
0
14261
0
14251
0
0
0
0
14374
0
0
0
0
14246
14270
0
0
0
14227
0
0
0
0
0
0
14264
0
0
14265
0
0
0
0
0
0
0
14310
0
0
14270
0
14308
0
0
0
14270
0
0
0
0
0
0
0
14446
0
0
0
0
0
0
0
0
0
0
0
14327
0
0
0
0
0
0
0
0
0
0
0
0
0
0
0
0
0
0
14355
0
14355
14344
14355
0
0
0
14015
0
0
0
0
0
0
0
0
0
0
0
0
0
0
0
0
0
0
0
0
0
0
0
0
0
0
0
0
0
0
0
0
0
0
0
0
0
14348
0
0
14372
0
0
0
0
0
0
14391
0
0
0
0
0
0
0
15441
13929
0
0
0
13940
0
0
14408
0
0
0
0
0
13924
0
0
14524
0
14520
0
0
0
0
13924
0
14523
0
0
0
0
0
0
0
0
0
0
0
0
0
0
0
0
14092
13953
0
0
0
0
0
0
0
0
0
0
0
0
0
0
0
0
0
0
0
14462
0
0
14458
0
0
14517
0
0
0
0
0
0
14473
0
0
13924
13924
14481
14523
0
14476
14475
14496
13920
0
14523
0
0
14413
14494
14510
0
0
14523
0
14549
14496
14523
14510
14415
14506
14412
14549
14506
0
14510
14510
0
0
14506
13920
14415
14523
0
14520
0
14523
13819
0
14506
0
0
0
14554
0
14554
0
14560
13782
14408
14510
13782
0
0
0
0
0
0
0
0
0
0
14567
13782
13782
13782
13782
0
14554
0
14567
13782
0
14554
14560
13782
14565
13835
0
14565
14560
14568
14554
0
14568
0
0
13782
13782
13855
13926
13331
13924
0
0
0
14581
0
0
0
14586
14586
14592
0
0
14607
14603
14592
14642
0
0
14595
14618
0
0
0
0
14602
14585
14603
0
0
0
14604
14603
0
0
14604
14607
14607
14616
0
14070
0
0
14613
0
0
0
0
0
0
0
0
0
0
0
0
0
0
0
0
0
14643
14643
0
0
0
14642
0
0
0
14643
14633
14648
0
0
14643
0
0
0
0
0
0
0
0
0
0
15414
0
0
14666
0
15145
0
15145
14662
0
0
15414
0
0
0
0
0
12556
15129
15129
0
14687
0
0
14682
15136
14680
0
14706
0
0
15273
0
14694
0
0
15105
14699
14787
0
14699
15155
15119
14694
14706
14707
0
0
15414
14738
14858
14738
0
0
0
14858
14714
0
14787
14734
14712
15155
14748
0
14723
14723
14689
14991
14744
14787
14717
0
0
14731
0
14707
14732
14738
0
14773
14812
14707
15127
14786
0
0
0
14775
0
14869
0
14723
14869
15691
0
0
0
0
0
0
0
0
0
0
0
0
0
0
0
0
0
0
0
0
0
0
14838
14869
0
0
14781
0
14812
14773
15301
0
0
0
14787
0
0
0
14869
0
0
14952
0
0
15439
15197
0
14915
14915
0
13019
15553
13019
13019
13019
14732
14790
0
0
14781
0
14829
14838
14773
0
13033
15577
15693
15688
14829
14919
14915
0
15577
13033
0
14832
14812
0
15693
14908
0
14580
13019
0
14877
0
14844
0
14844
0
0
14840
15273
14840
0
14829
14812
14838
14838
14869
14869
14869
14812
0
14869
14877
14786
14875
14838
15304
14829
14858
14812
14875
0
14858
0
0
14882
15309
0
0
0
0
15321
15394
14882
0
14908
0
0
14919
14897
15694
14890
0
14906
0
0
0
14832
0
0
13019
15698
17359
17332
0
0
0
14906
0
0
0
15693
15697
0
14937
14915
15577
0
14915
14933
17348
0
0
15610
0
15613
14933
0
17356
14930
17357
17349
0
15660
17355
0
14939
17356
14941
0
14992
0
0
0
15666
14973
14952
14992
14952
14092
0
17359
14963
14092
0
14996
0
13953
17362
0
13953
0
15199
15666
0
0
17359
14996
15666
14092
17362
14785
15658
17359
17359
0
14973
0
0
14973
0
0
0
0
14937
0
0
15087
0
15440
15039
14990
0
0
0
14994
0
15022
0
0
0
14907
15553
0
13024
0
0
14915
0
13033
0
0
0
0
0
0
0
0
0
0
15009
0
0
0
0
0
15022
0
15022
0
15666
0
15091
0
15091
0
0
13656
0
0
15037
0
15037
15459
14683
0
15050
0
0
15087
15124
0
0
0
0
15043
17678
17678
17678
15043
0
0
15063
0
15043
0
0
0
15103
0
15109
15058
0
0
15046
0
0
0
0
15078
0
0
0
0
15085
14125
0
0
0
0
14174
15061
17367
0
0
0
0
0
0
0
15103
0
0
0
15101
0
0
0
15119
0
0
0
15109
15093
0
0
0
0
0
0
15414
0
0
15109
15109
0
0
0
0
0
0
0
15136
15136
15146
15252
15011
15437
0
15236
0
0
15654
15136
15252
0
15459
0
0
13661
0
15444
15012
15153
0
0
0
0
15168
0
15157
0
0
15168
0
0
0
0
15168
15168
0
0
15406
0
15197
0
0
0
15177
0
15442
15656
0
15011
15187
0
0
0
15459
0
15003
0
15193
15162
0
0
0
0
0
0
15195
0
0
0
0
0
0
0
15177
0
0
0
0
15199
0
12382
15247
0
0
0
0
0
15230
15209
0
0
15185
15439
15443
0
0
0
0
15272
0
12383
0
13649
0
0
0
0
0
0
0
0
0
0
0
0
0
15010
0
0
0
0
0
15012
0
0
0
0
0
0
0
0
15262
0
0
0
0
0
0
0
0
0
0
0
0
0
0
0
0
0
15202
0
0
0
0
15109
0
0
0
0
0
15109
0
0
14694
0
0
15304
0
0
0
15314
0
0
0
0
0
0
15363
0
0
0
0
15327
0
15313
15327
0
0
0
0
0
15363
0
0
0
0
0
0
0
0
15351
0
0
15321
0
0
0
0
0
15327
0
15313
15325
0
0
0
0
0
0
15327
0
0
0
0
0
0
0
0
15203
0
0
0
14882
0
0
0
0
0
0
0
0
0
0
0
0
0
0
0
0
15576
0
15325
15572
15321
0
0
15322
0
0
0
15391
0
0
0
0
0
0
0
15244
0
0
0
15244
0
0
0
14996
0
0
0
0
0
0
15878
0
0
15429
0
15442
15444
15589
0
15457
15429
15429
15436
0
15445
15444
14911
15494
15441
0
0
0
14911
0
0
0
0
0
0
0
0
0
0
15456
0
0
0
15452
0
15452
0
0
15443
0
0
15622
0
0
15498
15473
15473
15498
15498
0
15473
0
15479
0
14565
0
0
15471
0
0
15495
15622
15216
13821
15216
13782
0
15237
0
13821
13821
14996
13782
12382
0
0
0
0
0
0
0
0
0
15878
0
0
0
0
0
0
0
0
0
0
0
0
0
0
0
0
0
0
0
0
0
0
14919
0
0
0
14840
15533
15913
0
0
0
0
15486
15579
0
0
0
0
0
0
0
0
0
0
0
0
15553
0
0
0
15615
15576
15576
0
15561
0
0
15650
15553
15577
15615
0
15553
0
0
15553
15569
0
15569
15569
15566
0
0
0
0
0
0
0
0
0
15590
15588
0
0
0
0
0
15589
15486
0
0
0
0
0
0
14930
0
14930
0
0
0
0
0
0
0
0
0
0
0
0
0
0
0
0
0
14410
15162
0
15146
14662
0
0
0
0
0
0
0
15230
0
0
0
0
0
15637
0
15644
0
15637
15867
0
0
0
13032
0
15351
0
0
0
15615
0
0
0
15666
0
15003
0
14952
14952
15666
15031
0
0
0
0
16199
0
0
15883
0
0
0
0
0
0
15692
0
0
15700
15700
0
0
16017
15782
0
0
15692
0
0
0
0
0
14835
0
0
15697
0
0
15756
0
0
0
0
0
0
15692
0
0
0
0
15898
0
16071
0
15751
15730
0
15668
15668
15730
0
15720
15724
15738
16701
15712
0
15756
15741
15919
15724
0
15735
15741
0
15919
0
0
15918
15741
0
0
15712
0
0
0
0
0
0
0
0
0
0
0
0
0
15761
0
0
0
0
15715
0
15768
0
0
0
0
0
15715
16015
0
0
15785
0
0
0
16126
0
0
16126
0
0
16126
0
0
0
0
15795
0
15798
0
15799
0
0
0
15805
0
0
0
0
0
0
0
15807
15803
16126
0
15853
0
0
0
17045
15853
17061
0
0
0
16169
15848
0
0
15778
0
15830
15713
0
0
16169
0
0
0
0
15798
0
15833
15910
0
0
0
15845
0
0
0
0
0
15797
0
0
0
15909
0
15851
17061
0
0
0
15799
0
15938
15838
15938
0
0
0
0
12739
15680
0
15875
15675
0
0
0
0
15674
0
0
0
0
16543
16547
0
0
16177
15900
0
0
0
0
15900
15898
0
15901
0
0
0
0
0
0
0
15597
0
0
0
0
0
0
15875
0
0
0
15918
0
0
0
0
15925
15920
15925
15917
0
0
15926
0
0
15928
0
15926
15931
0
15928
0
15936
0
0
0
15951
0
15951
15955
0
0
15951
15955
15955
15951
0
15956
0
15956
0
0
0
0
0
0
0
0
15968
0
0
16207
0
0
16067
15982
15982
15982
0
15982
15982
15900
15990
15990
0
15880
15887
0
0
16009
15993
15993
15988
0
15993
0
16008
16009
0
16008
15778
16012
0
0
0
16181
0
16009
0
15959
0
0
0
0
0
16012
0
0
0
0
0
0
0
0
0
0
16059
16001
0
0
0
16023
0
16031
0
0
0
0
0
16064
0
0
16031
16033
0
15946
16036
0
0
15955
0
0
0
0
0
16064
0
0
0
0
0
0
0
16064
0
16069
16064
16064
16069
0
0
16064
0
0
0
12882
0
16065
24850
0
16068
16068
0
0
0
16068
16069
0
16095
16067
16095
16095
0
0
16095
16095
0
0
0
0
0
0
0
0
0
16107
0
0
16107
0
0
0
0
0
0
0
0
0
0
0
0
0
0
0
0
0
0
0
16096
15789
16136
0
0
15913
16151
0
0
0
0
0
0
0
16133
15675
0
0
0
16139
0
0
0
0
0
16153
0
24393
0
0
0
16153
15772
0
24393
0
16146
16133
0
16165
0
0
0
0
16173
16169
0
15798
0
15909
0
15798
0
16177
0
0
0
0
0
0
0
0
0
0
0
0
0
0
16190
16198
0
0
16199
16207
16207
0
0
16207
16207
16207
16198
16207
16198
0
0
16198
0
0
0
0
0
0
0
16236
0
0
16252
0
0
0
16221
0
16221
0
16221
0
0
0
0
0
16235
0
0
0
0
0
0
0
0
0
0
0
0
0
0
0
0
0
0
0
0
0
0
0
0
0
16269
0
16281
0
0
16266
0
0
0
16267
0
0
0
0
0
0
0
0
0
0
0
16284
0
0
16282
0
0
0
0
0
16635
0
16907
0
17240
16428
0
0
0
16907
16433
11602
16543
16750
16744
16540
16847
16379
16761
16745
0
0
16796
16309
16790
16750
16796
0
0
16881
16480
16625
17213
16330
16625
17184
16329
16330
16358
0
0
0
16341
16341
16349
16588
0
16358
16615
17203
17203
17184
0
16628
17199
0
0
0
0
0
0
17184
17184
0
0
16341
0
17213
16309
0
16767
16468
16368
0
0
16363
16371
0
16455
0
0
16379
0
16957
16362
16366
16957
16349
16379
16957
0
0
0
0
16269
0
0
0
0
0
0
0
0
0
16266
0
0
0
0
0
0
0
0
0
0
0
16401
16401
0
0
0
0
16904
0
16881
16480
16480
0
16881
0
16436
16488
16922
11703
16881
16416
16922
16427
0
0
16569
16412
16412
0
0
0
16475
0
16569
16922
17673
17433
16449
16449
17433
17433
17433
16635
16449
16452
0
16449
16640
0
16635
16449
0
16635
16460
0
16468
0
16371
16455
16468
16368
16371
0
16368
0
17433
16466
16371
16768
16603
16436
0
16480
16427
16488
16416
0
16618
16488
16427
0
0
16582
16475
0
16574
0
0
0
17126
0
16558
16932
16693
17141
16591
16932
16880
16898
16898
16569
16634
16514
16519
16591
16690
0
16563
16566
16523
0
16634
16880
16634
16523
0
16523
16572
0
0
16605
16527
16563
0
0
0
17123
0
0
0
16531
0
0
0
0
16399
0
0
0
0
16823
16543
0
0
16850
16541
0
0
16635
16556
0
16635
0
0
0
16558
16522
16556
0
0
16563
16696
0
16556
16591
0
16563
16876
0
16556
0
16434
0
16562
0
0
16635
16893
0
0
0
0
16584
0
0
16529
16558
0
16608
0
0
16584
0
16528
0
16584
16608
0
16624
0
17179
0
0
0
0
0
16648
16616
0
0
0
0
0
0
0
0
0
0
0
0
0
0
0
0
0
17231
0
17231
0
0
0
0
0
0
0
16640
0
16449
16449
16290
0
17229
0
0
0
0
0
16112
16661
0
0
0
16658
0
0
0
0
0
0
0
0
0
0
0
0
0
0
0
0
16912
7823
0
0
16676
0
11653
16676
0
11673
0
16904
0
0
10393
16881
11683
0
10393
0
0
16690
16676
0
16676
16934
0
0
0
0
0
0
0
0
0
0
0
17180
0
0
0
0
17153
0
0
0
0
0
0
17089
0
0
0
18245
16734
0
0
0
18245
0
18245
0
0
16734
16970
18208
16740
0
16773
16760
16379
0
0
16773
16760
16744
16379
0
16772
16744
16740
16760
16775
16757
0
16760
16775
0
0
16775
16781
16776
16776
16760
0
0
16781
16776
16781
0
0
16823
0
0
0
16760
16783
16745
0
16775
0
0
0
0
16801
16790
0
0
16309
16776
0
0
16790
0
16801
16401
16850
16540
0
0
16823
16777
16402
0
16840
0
0
16823
16964
16550
16309
16757
16830
16776
17022
0
0
16819
16819
16866
0
16635
16635
16635
16634
16452
16635
0
17955
18245
16781
16635
17141
18245
16734
17433
16541
0
16634
17141
16449
17126
0
0
0
16819
17000
0
16866
16866
16866
16860
16866
16860
17051
17052
16860
0
16866
17055
16866
17032
17032
0
0
16362
16871
16874
0
16871
16379
0
0
0
0
0
16523
0
0
16522
0
16898
16566
16432
16292
16290
11651
16591
16297
11653
0
11682
16432
0
16898
0
16290
16932
16907
0
16690
0
16912
16907
0
16290
16902
16913
16932
0
0
16934
16563
16918
16432
0
0
16432
0
0
0
0
0
0
16412
16574
16878
16913
0
0
0
0
16922
0
0
0
0
18208
18213
17140
17466
16947
0
0
0
16947
0
0
0
0
0
0
0
16775
0
0
16744
16819
16964
16964
0
0
0
0
0
17000
18112
0
0
0
0
0
0
0
17000
16986
0
0
0
0
0
0
0
0
16986
0
0
0
0
0
0
16986
17000
0
0
0
0
0
17000
0
17000
16986
16866
16866
16866
16866
16866
0
17037
17037
16707
17000
17037
17037
16866
0
17049
17055
17055
0
17037
0
17077
17049
0
17055
17037
17043
17032
0
17051
17056
17045
16181
0
17056
17032
17052
15881
0
0
0
0
17045
0
17047
0
17059
0
0
16663
17047
0
0
0
17084
0
17022
0
17047
17070
0
17047
17061
17061
17070
15858
0
0
0
0
17045
15845
17047
0
0
0
0
0
17090
17090
0
0
0
17090
17090
0
0
17090
0
0
0
0
0
0
0
0
0
0
17098
0
0
0
0
0
0
0
0
0
0
0
0
0
0
0
0
17123
16569
17126
17147
0
17126
17137
0
17179
16591
17147
17150
0
17140
0
17157
17126
17474
0
0
0
0
0
17147
0
0
17945
17147
0
17141
17123
0
17123
17147
0
17157
0
0
0
16640
0
0
0
0
17141
0
16640
0
17140
16449
17955
17673
16452
0
16449
17141
17137
16449
16449
0
0
0
17184
17147
17433
0
17218
17141
17126
0
17184
17226
17184
16636
17433
16330
17198
16628
17198
0
0
17213
16625
17198
0
17198
17213
16468
16615
16460
0
16633
17673
0
0
0
0
0
0
0
0
0
0
0
0
0
0
0
0
0
0
0
0
0
0
0
16907
17240
16907
0
16290
0
11651
16898
17244
0
17306
0
17306
17246
18336
17306
0
18332
17783
17783
17653
0
17696
18317
17304
17793
17783
17782
17780
17793
17290
18325
14937
17290
18325
17273
17696
18325
0
17696
17290
0
17696
17696
17696
17696
17276
17696
14991
14975
0
14975
17696
15064
17696
0
17276
0
0
18327
0
17290
0
18327
17870
17883
18327
17307
17312
0
17312
0
0
17251
0
17295
0
0
17307
0
0
0
17307
17357
0
0
17251
17307
17307
0
0
0
0
17661
0
0
17332
0
0
17370
17273
0
0
17336
17333
17336
17337
14084
17290
15085
17357
0
0
0
0
0
17352
0
0
17370
0
0
0
17696
0
0
14963
0
17359
17332
0
13953
0
0
14089
0
0
18412
0
0
0
0
0
17596
0
0
17402
0
0
17402
0
18057
0
17580
0
0
0
0
0
0
0
17663
0
19178
0
0
0
0
17580
0
0
0
0
17276
0
17416
17426
17416
17416
17416
16734
0
0
17426
0
17447
0
17746
0
17416
17463
0
17578
17426
0
17437
0
17436
0
16958
17656
0
0
17445
0
0
0
0
17656
0
0
17628
0
18310
0
17416
0
17463
0
0
0
17285
17137
0
18108
0
17436
0
0
17437
17437
0
17285
0
0
16452
0
16958
17285
0
0
17696
17290
0
0
0
17482
0
17753
0
0
0
18218
17324
0
0
0
16290
0
0
0
18117
0
0
18075
17511
0
17503
0
17503
0
0
17985
0
0
17515
0
18073
18195
17529
0
17519
0
17584
0
0
17530
0
0
0
17529
0
0
18055
0
0
18075
17979
0
0
0
0
17909
0
0
17522
0
0
0
0
0
0
0
0
17878
17588
18000
0
0
17557
18079
0
0
17002
0
17578
17557
0
17559
17557
18109
17578
17559
17578
0
0
17578
17002
0
17577
0
17578
0
0
0
0
0
17535
0
0
0
0
0
0
0
0
0
0
0
0
0
0
18493
0
0
0
0
17610
17607
17607
17624
17649
0
17607
17646
0
17649
17646
17621
17646
17621
17621
17646
17646
17649
17628
0
17610
17649
0
17628
17624
0
0
17650
17965
17607
17650
17650
18231
18231
17960
17624
17649
17650
17650
17624
17624
18231
18231
17965
0
17650
17646
0
0
17624
17624
0
0
17696
0
17691
0
0
17522
0
18279
0
17482
17661
0
0
0
0
18426
18426
0
0
17471
17463
18245
18245
0
18428
0
0
0
0
18413
18103
17916
18084
0
17795
17863
0
17696
17796
17864
18501
0
17796
17891
17708
17708
18124
17722
18084
17726
17708
17722
17139
0
18124
17708
17722
18103
17708
17753
17718
17569
17753
0
17734
17559
0
0
17734
17734
17726
0
17718
0
17726
0
0
18427
0
0
17748
0
17753
17761
0
17730
17940
16970
17746
17748
17761
0
17718
0
18012
17734
17746
17761
0
0
17557
17746
17726
16997
17748
18091
0
0
17748
17753
0
0
0
0
17993
17276
17479
0
17784
17767
17784
0
17480
0
17276
0
17793
0
0
0
0
0
0
18330
17776
17780
17772
17793
0
0
0
0
17672
0
17795
17870
0
17780
23161
17915
0
17883
17691
18330
0
0
17876
18452
0
0
18330
0
0
0
0
0
17805
0
0
0
17862
18154
17862
17992
0
18154
17862
17999
17992
17878
0
0
0
0
0
0
17845
17845
17610
17610
0
17848
17954
0
17845
17610
17963
0
0
17845
18154
0
17852
17610
17588
17610
0
0
0
0
17548
17139
17139
17559
17139
0
18211
17139
17782
18330
17776
0
18194
0
18325
17910
18168
17862
0
17943
15096
17993
0
17910
17910
17926
0
0
17708
17993
17862
17285
0
18283
0
17878
17943
0
17993
17999
17915
17910
0
0
0
0
0
0
17891
17891
0
0
17862
17891
0
0
17940
18154
17910
17548
17940
0
17115
17973
17926
17891
17940
17940
17891
16711
0
17978
0
18126
16711
0
17891
17891
0
17940
0
18168
18083
18007
0
0
17910
17957
16569
0
0
17861
0
17861
17969
0
17967
0
0
17962
0
17965
0
18225
0
0
17861
18117
0
17999
18211
18195
0
0
0
18211
0
17999
18099
18007
0
17973
18154
0
18083
23607
0
0
0
17290
0
0
0
0
0
0
0
0
17910
18012
0
0
0
0
0
18086
23607
0
0
23535
0
0
0
0
0
17580
18028
18029
18035
17569
0
18030
17569
0
0
0
17404
17535
18057
18054
0
17402
0
17402
18028
18035
0
18057
0
0
18057
18037
0
18312
17404
18035
0
18061
18037
0
0
0
0
0
0
18317
0
0
0
0
0
0
0
0
0
0
0
0
0
0
0
0
0
0
0
17824
17421
18083
0
0
0
0
18099
0
0
17950
0
0
0
16711
0
0
18126
0
0
18103
23864
0
0
17950
18116
17824
0
0
0
17878
0
0
18079
18245
17416
0
0
18120
0
0
17891
0
18130
0
0
0
18103
0
18126
0
17153
0
0
0
0
0
17999
18225
18130
18211
18211
18130
17508
17862
17862
18211
18211
18195
18211
18130
17973
0
17973
0
17973
17973
17862
17992
18195
0
0
17999
0
17992
0
0
17529
0
0
18231
17992
0
18237
17628
17650
18211
18194
17529
17992
0
18195
0
18119
17445
18202
0
18202
17628
18195
0
0
17515
0
0
0
17650
0
17837
18006
0
0
0
18202
18117
18194
0
0
0
18194
18195
0
17981
0
0
18202
18195
17437
0
15658
18202
18225
18302
18225
18231
0
18231
18237
18231
18302
18302
0
18302
17650
18237
18302
18302
0
18202
18231
18231
17650
18202
18302
17471
0
17416
18245
18245
17471
0
0
0
0
0
0
15417
18254
0
18280
0
0
18274
0
0
18263
18274
0
18258
0
18254
0
18280
15417
0
18258
18258
18254
18274
0
0
18274
18258
0
18322
0
17485
9338
15407
0
0
0
15407
18289
0
18297
0
0
18130
17992
0
17463
0
0
17999
17973
18303
18213
18117
17992
0
0
0
0
0
0
18312
0
0
0
0
0
0
18325
18330
0
18325
0
17246
17304
0
18332
0
17246
18332
17793
0
17304
0
0
0
0
0
0
0
18403
0
0
0
0
0
0
0
0
0
18349
0
0
0
0
13953
18350
0
17997
0
15658
13953
0
0
0
0
0
0
0
0
0
0
0
0
0
0
0
0
0
0
0
0
0
0
0
0
0
0
0
0
0
0
0
0
0
0
0
0
0
0
0
0
0
0
18396
0
0
0
0
0
0
0
0
0
0
0
0
0
0
18418
0
0
0
0
0
18445
0
0
0
18429
18432
18495
18451
0
0
18432
0
18445
0
18432
0
0
0
18432
0
18452
0
0
18502
23149
0
0
13762
0
18460
0
0
0
0
0
0
0
0
0
18350
0
0
0
0
0
0
0
0
0
0
0
0
0
0
0
0
0
0
0
0
0
0
0
0
18505
0
18501
0
23203
0
0
0
0
0
0
0
0
0
0
0
0
0
0
0
18767
0
18767
0
18515
0
18703
0
18941
0
0
0
0
0
0
0
0
19039
0
0
0
0
0
0
0
0
0
0
0
18546
0
18871
0
0
18871
0
0
0
0
18523
0
0
0
0
0
0
0
0
0
0
0
0
0
0
0
0
0
18574
0
19887
0
0
19375
18710
0
0
0
0
18578
18507
0
19884
19887
19882
0
19134
0
18572
0
19887
18871
19520
0
18530
18626
0
0
0
0
18601
0
0
0
0
19081
0
18690
0
0
0
0
18666
0
0
18513
18691
0
0
0
0
0
0
0
18698
0
0
0
0
0
0
0
0
18693
0
18689
18693
0
18693
0
0
0
0
0
0
0
0
0
0
0
0
0
18611
18611
0
0
0
0
0
18664
0
0
0
0
0
0
0
0
0
0
0
0
0
0
0
0
0
0
0
0
18626
18701
18691
18690
18702
18682
0
0
0
18694
0
0
18703
0
0
0
18703
0
0
0
0
18702
18698
0
0
0
0
0
0
18709
0
0
0
0
0
0
0
0
18713
0
0
0
0
0
0
0
0
0
0
0
18737
0
18732
0
0
0
19042
0
0
0
0
19108
0
18765
0
0
0
0
0
0
0
0
0
0
18761
0
18530
18965
0
0
0
18761
0
0
0
0
19532
0
18765
0
0
0
0
0
18814
0
0
0
0
18791
0
0
0
0
0
18778
0
0
0
0
0
0
18936
0
18781
18780
0
0
0
0
0
0
0
0
0
18806
18806
18806
18844
18806
18844
0
18806
18834
0
18806
0
0
18844
18806
18834
18806
22569
22569
18834
0
18817
22854
0
18820
18844
0
18851
18817
18924
22877
18871
0
18834
18847
18847
0
18931
0
0
18931
18834
18806
0
18851
22624
18834
0
18868
18868
18855
18871
0
18884
18814
0
18644
19046
18986
18863
0
18871
0
0
0
18885
0
18872
18645
18976
18976
18976
0
0
18969
18868
0
0
19905
18988
18965
0
18868
18905
0
0
0
18913
0
18919
18896
0
18905
18793
18916
18919
18940
0
19128
18936
18926
18919
18940
18899
18896
0
18923
18923
0
0
19010
0
0
19121
0
0
0
0
0
18922
18896
18820
0
0
18528
0
18920
0
0
0
18847
18772
0
0
18846
0
0
0
18926
0
0
0
0
0
19517
19522
19057
0
0
18964
0
0
18578
19057
0
18964
0
0
19526
0
0
0
0
18959
0
0
18986
18985
0
18992
0
18988
18964
18985
0
0
0
0
0
19015
0
0
18983
0
0
0
19108
18763
18917
18992
0
0
0
0
0
0
18965
18772
0
0
0
19038
0
19101
18992
18917
19537
0
18917
19108
0
0
0
18964
0
19103
18964
18965
0
0
19521
0
0
0
0
19125
19038
0
18578
0
0
0
0
0
0
0
0
0
0
18732
18541
0
0
0
19092
0
0
0
0
0
18964
19483
0
0
0
19520
0
0
0
0
0
19529
0
0
0
18755
0
0
0
0
0
0
18661
0
0
0
19526
18930
0
18529
0
0
0
0
0
19101
19121
0
0
0
19097
0
19126
0
19111
0
0
0
0
19128
0
18657
19126
0
19103
0
0
19126
0
19126
19126
0
0
0
19031
0
19128
0
0
0
0
19128
19128
19155
0
0
0
19149
0
0
0
18538
19380
0
0
18550
18964
0
0
18965
18964
0
0
0
0
0
0
0
19308
19186
8274
8284
8901
20705
8284
8351
20705
19308
8325
19566
19178
8274
19178
0
8274
8284
8404
8901
0
0
0
8351
0
8313
0
0
8314
19178
0
8280
8325
0
0
0
0
0
0
0
0
0
0
0
19196
8349
8351
8309
0
0
0
0
0
0
0
0
0
0
0
0
0
0
0
0
20198
20198
19223
0
0
0
0
0
20114
0
8290
19315
0
0
19512
19512
20034
20597
19551
19287
19512
19233
0
0
19551
19551
19551
20597
20597
19250
0
19250
20597
19233
19291
20031
19274
19292
19284
0
0
0
19278
0
0
0
19284
0
0
0
0
19284
0
0
0
19291
0
19261
0
19285
20020
0
20013
0
0
0
0
0
0
0
19312
0
0
0
0
0
0
0
0
0
0
0
0
19293
19311
0
20200
19913
0
0
0
0
0
19315
19305
0
18549
0
0
0
0
0
0
0
0
0
0
0
0
0
0
0
0
0
0
0
0
0
0
0
19341
0
0
0
0
0
0
19827
0
19361
20577
19428
19431
19360
19368
20652
19428
19459
19455
20524
0
0
19368
19368
19360
19367
19431
0
0
20577
19933
19963
19380
19388
18660
0
19393
19963
18660
19483
0
19375
0
19382
19404
19963
19411
19382
0
19382
0
19903
0
0
19380
19382
19388
0
0
0
19382
19380
0
18657
0
0
19903
19419
19413
0
0
0
19903
0
0
0
0
0
0
0
0
19419
0
0
0
19424
19463
20657
0
20652
20652
0
20337
0
0
0
0
0
0
0
0
0
0
0
19478
0
0
19465
0
19451
0
0
19465
20571
0
0
0
0
0
0
0
0
0
0
0
0
0
0
19470
19460
0
20310
20313
20310
19478
0
19465
19464
0
19490
0
0
0
0
0
18664
19517
0
19483
19555
0
19537
0
0
0
0
0
0
0
0
0
0
0
0
0
0
0
0
19547
0
19511
0
0
0
0
0
19555
0
19026
19905
0
0
0
0
0
0
0
0
0
0
0
0
0
19526
0
0
0
0
0
0
0
0
0
0
0
0
0
0
20637
20637
0
0
20620
0
0
0
19558
0
0
19191
0
0
0
0
0
0
0
0
20138
0
0
0
0
0
0
0
19575
0
0
0
0
0
0
19594
19653
0
0
0
19604
0
0
19572
0
19710
0
19686
19708
19686
19708
19689
19686
19608
0
19702
0
0
0
0
0
19700
19706
0
0
0
0
0
0
0
0
19708
0
0
0
19627
19628
0
19711
0
0
0
0
0
0
19629
0
0
0
19572
0
19641
19612
0
0
0
0
0
0
19701
19650
19710
0
0
19852
0
0
0
0
0
0
0
0
19673
0
0
0
0
0
0
0
0
0
0
19677
0
0
19659
0
0
19770
19676
19657
0
19657
0
0
0
0
0
19687
0
19700
19689
19689
19700
0
0
19653
19700
0
0
0
0
0
0
0
0
0
0
0
0
0
0
0
0
0
0
20311
0
19721
20318
0
0
19721
0
0
0
0
19465
19496
0
0
0
0
0
0
0
0
0
0
0
0
0
0
0
19864
19750
19864
0
0
0
0
19668
0
19764
19764
0
19755
19755
0
0
0
0
0
0
0
0
0
0
19860
0
0
0
19771
0
0
19308
19301
8325
8430
8309
0
19308
8325
19780
20200
20200
0
0
0
0
0
21055
21055
21055
0
0
0
0
0
0
0
0
0
0
0
0
19797
0
19817
0
0
0
0
0
0
0
0
0
0
0
0
0
0
0
0
0
0
0
0
19827
0
20028
0
19835
19844
0
0
20016
20016
19841
19843
0
20012
0
0
19270
20012
19844
19832
20028
19843
0
0
19380
0
19924
0
0
0
0
0
19764
19860
19872
0
19873
19872
19873
19872
19771
19973
19860
0
0
19817
19878
19887
19390
0
19950
19903
0
0
19902
0
19878
19747
0
19878
19936
19878
19950
0
19887
19902
19404
0
19952
19947
19902
0
19887
0
0
19887
0
0
19963
18657
19382
19903
19930
19520
0
0
19916
0
0
0
0
19380
19854
19933
19963
0
18657
19413
20028
19932
0
0
0
0
0
0
19942
0
0
0
19956
0
0
0
18510
19958
0
19404
0
0
19903
0
19963
0
0
18657
0
0
0
0
19973
0
20740
0
0
19903
19339
0
19972
19972
18556
0
19972
0
0
18578
18510
19884
0
0
0
0
0
20075
0
0
19966
0
0
0
19459
0
0
0
0
0
0
0
0
0
0
0
0
0
0
0
0
0
19315
0
0
0
0
0
0
20016
20025
0
20012
0
20025
0
20016
19832
19274
19832
0
20031
20028
0
20031
0
0
20750
20777
0
20070
20668
20046
20042
20041
20020
0
0
20049
20042
0
0
20042
0
0
0
0
20046
0
20336
0
20046
0
0
0
20059
0
0
20059
20059
0
0
20065
20070
0
0
20070
20075
20065
20059
0
8314
19308
20087
19309
20087
20109
19301
0
20202
20122
19315
0
20202
0
8309
20204
19315
20119
20202
0
20119
20119
20119
8314
20109
19309
20083
20122
20122
20109
19301
20119
19315
0
19296
0
8287
19301
0
0
20087
8314
0
0
19233
0
0
0
20122
0
20122
0
0
0
0
0
8287
20119
8893
0
0
20161
0
0
0
8901
19566
8977
8351
8266
0
0
0
0
0
0
19177
0
20161
0
20161
0
20165
0
0
0
17474
20151
20161
0
0
0
0
20174
20114
17423
0
0
0
19511
0
0
0
20161
0
0
20155
0
0
0
0
20122
20087
0
20087
20202
20202
20202
20122
20119
20083
21071
0
0
0
20122
0
20204
0
8977
19557
19308
21030
20683
0
0
20745
20759
0
0
0
0
0
0
0
0
0
0
0
0
0
0
0
0
0
20350
20480
20485
20692
0
0
0
20637
0
20304
0
0
0
20405
0
20557
20405
0
0
0
20265
0
20263
20289
20313
20286
20286
0
0
20275
20266
0
0
20275
0
0
0
20286
0
20258
20269
20265
20286
20279
0
0
20258
0
0
20282
20289
0
20278
0
20738
0
20282
20289
0
0
0
0
20395
20435
0
0
0
0
0
0
0
0
0
0
0
0
0
0
0
0
0
0
0
0
0
0
0
0
0
0
0
0
0
0
0
20750
20307
20475
20307
0
20668
20557
20307
20480
0
0
0
19368
0
0
0
0
20739
20410
20342
0
20336
0
0
0
0
0
0
0
0
0
0
20375
0
0
0
20557
20550
0
0
0
0
0
0
0
0
0
0
0
0
20392
0
0
0
20392
0
0
0
0
0
0
0
0
19703
20379
0
0
0
0
0
0
0
0
0
0
0
0
0
0
0
20487
20458
0
20236
0
0
0
0
0
0
0
0
0
0
0
0
0
20627
0
0
0
20740
0
0
0
0
0
0
0
0
0
0
0
20443
0
0
0
0
0
0
0
0
20480
0
0
0
0
0
0
0
20739
0
0
0
0
0
0
0
0
0
20668
0
0
20487
0
0
20622
0
0
0
20485
20668
20405
20637
0
20637
20236
19553
20405
0
20668
0
20228
20042
20487
19278
20668
0
0
19553
0
20042
0
20646
0
19553
0
0
0
0
0
0
0
0
20545
0
0
0
0
0
0
0
20553
20357
0
0
0
0
0
0
0
20526
20552
0
20524
0
0
0
0
0
19827
0
20532
0
20525
20545
0
20545
0
0
20552
0
20545
20420
0
20552
0
0
20568
20553
20562
0
20568
20405
0
0
0
0
20342
0
20230
20604
0
21030
21030
0
0
0
20521
0
20575
0
0
20575
0
20180
0
0
0
0
0
0
0
0
0
0
20645
0
0
0
0
0
20496
20485
20470
20597
19509
20620
0
20668
20604
19233
19293
0
20604
0
19428
20618
20618
0
0
0
0
20419
0
20553
0
20649
20749
20419
0
0
20339
0
20650
0
0
0
0
0
20336
0
20669
19287
20620
20034
0
20668
0
0
0
20669
0
0
0
20734
0
0
0
0
20657
0
0
0
0
0
0
0
0
0
0
20045
0
0
20646
19509
19233
0
0
0
0
0
21030
0
0
0
0
0
0
0
21028
0
20523
21030
20717
8850
0
20717
20720
0
20700
0
0
17423
0
0
19511
0
9035
0
0
0
0
0
0
20151
0
0
0
0
0
0
0
0
0
20761
20731
20740
19962
20225
20728
20731
0
0
20749
0
0
20761
0
0
0
20734
0
0
0
20735
0
0
20735
0
20743
20218
20211
0
0
20650
0
0
20742
20211
20225
19962
20211
0
0
0
0
0
20753
0
19962
19509
0
0
20305
20405
19509
20783
19509
0
19550
0
20115
0
0
0
0
0
0
0
20225
0
0
0
0
0
0
20795
0
0
20829
0
0
0
0
20829
0
20834
0
0
0
20808
0
0
0
0
0
20819
0
0
20830
20838
0
0
0
0
0
0
20830
0
0
0
0
0
0
20838
20781
20834
0
20838
20829
20838
0
0
0
0
0
0
0
0
21016
0
20864
0
0
0
0
0
20828
0
0
0
0
0
0
20797
0
0
0
0
0
0
0
0
0
0
0
0
20794
0
0
0
20977
20904
0
0
0
0
20881
0
0
0
20911
0
20906
0
0
20911
0
0
0
20909
0
0
0
0
0
20902
0
0
0
0
0
0
0
0
20963
0
0
0
0
0
0
0
0
20920
20920
21012
0
0
0
0
0
0
0
0
0
0
0
0
0
0
0
0
0
0
0
0
0
0
0
0
20962
0
0
0
0
0
0
0
0
0
0
0
0
0
0
0
21015
0
0
0
0
0
0
0
0
0
21015
0
0
0
0
0
0
21014
20989
20933
0
20969
21000
0
0
0
0
20987
0
0
0
0
0
0
21000
0
0
0
20984
0
0
0
0
0
21006
0
20996
0
0
21007
0
0
0
0
0
0
0
0
0
21000
0
21027
21027
0
0
21030
0
21030
0
21030
0
21071
0
0
0
0
0
0
0
0
0
0
0
0
0
21030
0
0
0
21030
21030
0
21071
21071
21030
0
0
0
21071
21071
0
21071
21059
0
21083
21030
21071
0
21071
21083
0
0
0
0
21083
21071
0
0
0
0
21030
21030
0
0
0
0
21092
0
0
0
0
0
0
0
0
0
0
0
0
0
0
0
0
0
0
0
0
0
0
0
0
0
0
0
0
0
0
0
0
21113
0
0
0
0
0
0
0
0
0
0
0
0
21133
0
0
0
0
0
21144
21140
0
0
0
0
21127
0
0
0
0
0
0
21172
21347
0
21349
0
0
21157
21157
0
0
0
0
0
0
0
21159
0
0
0
0
0
0
0
0
22783
0
0
0
0
0
0
0
0
0
0
0
0
0
0
0
0
0
0
0
0
0
0
21258
0
0
21214
0
0
0
0
0
0
0
21217
0
21216
0
0
0
0
0
0
0
21216
0
0
21228
0
0
0
0
21234
0
0
0
0
0
21238
0
0
0
0
0
21247
0
21251
0
0
0
0
0
0
0
0
0
0
0
21198
0
0
0
0
0
0
0
0
0
0
0
0
0
0
0
0
0
0
0
0
21286
0
0
0
0
0
0
21286
0
21286
0
0
0
0
0
0
0
0
0
0
0
0
21286
0
0
21276
0
0
0
0
22830
0
0
0
21217
0
22830
0
0
0
0
0
21322
0
0
0
21349
0
0
0
0
21349
0
0
0
0
0
0
0
21349
0
0
0
0
21328
0
0
21349
0
0
0
0
0
0
0
0
0
0
0
21356
0
0
0
0
0
0
0
0
0
0
0
0
21379
0
0
0
0
0
0
21379
21373
0
0
0
0
0
0
0
0
0
0
0
21428
0
0
0
0
0
0
0
0
0
0
0
0
0
0
0
0
0
21422
0
0
0
0
0
0
0
0
0
0
21401
0
0
0
0
0
0
0
0
0
0
0
0
0
21373
0
0
0
0
0
0
0
0
0
0
0
0
0
0
21442
0
0
0
0
0
0
0
0
0
0
0
0
0
0
0
0
0
0
0
0
0
0
0
0
0
0
0
0
21479
0
0
21523
0
21523
21466
0
0
0
0
0
21490
0
0
0
21492
0
0
0
0
0
0
0
0
0
0
0
21515
0
0
0
0
0
0
0
0
0
0
21442
0
0
21479
0
0
21479
0
21479
0
0
0
0
0
0
0
0
0
0
0
0
0
0
0
0
0
0
0
0
0
0
0
0
0
0
0
0
0
0
0
0
0
0
0
0
0
0
0
0
21568
0
0
0
0
0
21562
0
0
0
0
0
0
0
0
0
21588
0
0
0
21588
21588
0
0
21587
0
0
0
0
0
0
0
0
0
21591
0
0
21596
0
0
0
0
0
0
0
0
0
0
0
0
0
0
0
0
0
0
0
0
21624
0
0
0
0
0
0
0
0
0
0
0
0
0
0
0
0
0
0
0
0
0
0
0
0
0
21651
21651
0
0
0
0
0
0
0
0
0
0
0
0
0
0
0
0
0
0
0
0
0
0
0
0
0
0
0
0
0
0
0
0
0
0
0
0
0
0
0
21687
0
0
0
21712
0
0
0
0
0
0
0
0
0
0
0
0
0
0
21712
0
0
0
0
0
0
0
0
0
0
0
0
21724
0
0
0
0
0
0
0
0
0
21743
0
21742
0
0
0
0
21737
0
0
0
0
0
0
0
21714
22172
0
0
0
0
0
0
0
21765
0
0
0
0
0
0
21765
0
0
0
0
0
0
21504
0
0
0
0
0
0
0
0
21787
0
0
0
0
0
0
0
0
21772
0
0
0
0
0
0
0
0
0
0
0
0
0
0
0
0
0
0
0
0
0
0
0
0
0
0
0
0
0
0
0
0
21841
0
0
0
0
0
0
0
0
0
0
0
0
0
0
0
0
0
0
0
0
0
0
0
22115
0
0
0
0
0
0
0
21851
0
21852
0
0
0
0
0
0
0
0
0
0
0
0
0
22007
0
0
0
0
0
0
0
0
0
22009
22017
0
0
0
0
0
0
0
0
0
0
21895
0
0
0
0
0
0
0
0
0
0
0
0
0
0
0
0
0
0
0
0
0
21907
0
0
0
0
0
0
0
0
0
0
0
0
0
0
0
0
0
0
0
0
0
0
0
0
0
0
0
0
0
0
0
0
0
21977
0
0
0
0
0
0
0
0
0
0
0
21946
0
0
0
21965
0
0
0
0
21980
0
0
0
0
0
0
0
0
0
24120
0
0
0
0
0
0
0
0
22005
0
0
0
0
0
0
0
0
0
21996
0
0
0
21882
21886
22011
0
0
0
0
22005
0
0
0
0
0
0
0
0
0
0
0
0
0
0
0
0
0
0
0
0
0
0
0
0
0
0
0
0
0
0
0
22133
22043
0
0
21781
0
0
22059
22059
0
0
0
0
0
0
0
0
0
0
0
22062
0
0
0
22062
0
0
0
0
0
0
0
0
0
0
0
0
0
0
0
0
0
0
0
0
0
0
0
0
0
0
0
0
0
0
0
0
0
0
0
0
0
0
0
0
0
0
0
22110
0
0
0
0
0
0
0
0
0
0
0
0
0
0
0
0
0
0
0
0
0
0
0
0
0
22043
22178
0
0
0
0
0
0
0
0
0
0
0
0
0
0
0
0
0
0
0
0
0
0
0
0
0
0
0
0
0
0
0
22170
0
0
0
0
0
0
0
0
0
0
0
0
0
0
0
0
0
0
0
0
0
0
22481
0
0
0
0
0
0
0
0
0
0
0
0
0
22202
0
0
0
0
0
0
0
0
0
0
0
0
0
0
0
0
0
0
0
0
22554
22273
0
22224
0
0
0
0
0
22200
22247
0
0
0
22554
0
0
0
22224
22290
0
22247
0
0
22247
0
0
0
0
0
0
0
0
0
0
0
0
0
0
0
22290
0
0
0
0
0
0
0
0
0
0
0
0
0
22247
0
0
0
0
0
0
22289
22298
22290
0
0
0
0
0
0
22289
0
22431
0
0
22289
22302
0
22321
22306
0
0
22321
0
22305
0
0
22318
0
22318
22329
0
0
0
21754
0
0
0
22306
0
0
0
0
0
0
22276
0
0
0
0
0
0
0
0
0
0
0
0
0
0
0
0
0
0
0
0
0
0
0
0
0
0
0
0
0
22431
0
22411
0
0
0
0
0
0
22372
0
0
0
0
0
0
0
0
0
0
0
0
0
22379
0
0
0
0
22308
0
0
0
0
0
0
0
0
0
0
0
0
22373
0
0
0
0
0
0
0
0
0
0
0
0
0
0
22415
0
0
0
0
0
0
0
0
0
0
0
0
0
0
0
0
0
0
0
0
0
0
0
0
0
0
0
0
0
0
0
0
0
0
0
0
0
0
0
0
0
0
0
0
0
0
0
22502
0
0
0
22396
0
0
0
0
0
0
22690
0
0
22345
0
0
0
0
0
0
0
0
0
0
0
0
0
0
0
0
0
0
0
0
0
0
0
0
0
0
0
0
0
0
0
0
0
0
0
0
0
0
22231
0
0
0
0
0
0
0
0
0
22547
0
0
0
0
0
0
0
0
0
0
0
0
0
0
0
0
22671
0
0
0
0
0
0
0
0
0
0
0
0
0
0
0
22526
0
0
22197
0
0
0
0
0
0
0
0
0
0
0
0
22879
0
0
0
0
22612
22642
0
22843
22569
22569
22569
0
22569
0
22875
22875
22875
22569
0
0
22629
0
22612
22612
22877
22875
22869
22875
22612
22614
22869
22864
22617
22617
22875
0
22614
0
22867
22634
0
22569
22569
22617
22634
22875
0
0
0
0
22634
22629
0
22875
22875
22842
0
0
0
0
0
22636
22624
22651
22617
0
22648
22635
0
22648
0
0
0
22841
0
0
0
22651
0
22629
22648
22666
22661
0
0
22623
0
0
22648
0
22672
0
0
0
0
0
0
0
0
0
0
0
0
0
0
0
0
0
0
0
0
0
0
0
0
0
0
22693
0
0
0
0
0
0
0
0
22636
0
22642
0
22722
0
22739
0
0
0
22716
0
0
0
0
0
22722
0
0
0
0
22718
0
0
0
0
0
0
0
0
22755
0
0
0
0
0
0
0
0
0
22741
0
0
0
22732
0
0
0
0
0
0
0
0
0
0
0
0
0
0
0
0
0
0
0
0
0
0
0
0
0
22708
22871
0
0
22748
0
0
0
0
0
0
22700
0
0
0
0
0
0
0
0
0
0
0
22797
0
0
0
0
0
0
0
0
0
0
0
0
0
0
22808
0
0
0
0
0
0
22825
22788
0
0
0
0
0
0
0
0
0
0
0
0
0
0
0
0
0
0
0
22850
0
0
0
0
0
0
0
0
0
0
0
0
0
0
0
0
0
0
0
22825
0
0
0
0
0
0
0
0
0
0
0
0
0
22822
22788
0
0
0
0
0
0
0
22889
0
0
0
0
0
0
0
0
22895
0
0
0
0
0
0
0
0
0
0
0
0
0
0
0
0
22906
0
0
0
0
0
0
0
0
0
0
0
0
22917
22919
0
0
0
0
0
0
0
0
0
0
0
0
0
22937
0
22925
0
0
0
22944
0
0
0
0
0
0
0
0
0
0
0
0
0
0
0
0
22687
0
0
0
0
0
0
0
0
22973
22973
0
0
0
0
22892
0
0
0
0
0
0
0
0
22937
0
0
0
0
0
0
22896
0
0
0
0
0
0
0
0
0
0
0
0
0
0
0
0
0
0
0
0
0
0
0
23020
0
0
0
0
0
0
0
23020
23029
23029
0
0
23020
0
0
0
0
0
0
0
0
0
0
0
0
23035
0
23043
0
23038
23159
23038
23043
23034
0
23062
0
23039
23043
0
23034
0
0
0
23051
23073
0
0
0
0
0
0
0
0
0
0
0
0
0
0
0
0
0
0
23402
0
0
0
0
0
23355
23327
0
0
0
0
0
0
0
23102
0
0
0
0
0
0
0
0
0
0
0
0
0
0
0
0
0
0
23120
23122
0
23119
0
0
0
0
23180
0
23148
0
0
23180
0
23147
23132
23180
23148
0
0
0
23039
23180
23122
23197
0
0
23036
23197
23144
0
0
0
0
0
0
0
0
23062
23234
23134
0
0
0
23134
0
0
0
0
23198
23150
0
23234
0
23038
0
0
0
23037
23198
0
23146
23292
23132
0
23147
0
23201
0
23218
23122
0
0
23147
0
23197
23144
23180
23180
23144
23198
23198
23049
0
0
0
0
0
23068
0
23312
23041
0
0
0
23198
23144
22833
0
23231
0
23105
0
23229
0
23180
23229
23227
23260
0
0
0
0
0
0
0
23199
0
23223
0
0
0
0
0
0
0
23118
0
0
0
0
23330
0
23235
0
0
0
0
0
0
0
0
0
23067
0
0
0
23066
23293
23067
0
23283
0
23301
23266
23066
23066
23066
23281
0
23273
23159
23063
0
23301
0
23291
0
23281
0
23291
23301
0
23301
0
23310
23273
0
0
0
23291
23324
23319
23301
0
0
23298
0
0
23292
23313
0
23318
0
0
23319
0
0
0
0
23281
0
0
0
0
0
23299
0
0
23305
0
23316
0
0
0
0
0
0
0
0
0
23292
23334
23368
0
23318
0
0
23358
23318
23348
0
0
0
0
0
0
0
23353
0
0
0
23368
0
0
0
23358
23340
23318
0
0
0
0
0
0
0
0
0
0
0
0
0
0
0
23380
0
0
23389
0
23389
0
0
0
0
0
0
0
23393
0
0
25124
0
23389
23389
25124
0
0
0
0
23402
0
23148
23411
22905
0
0
0
0
23410
23410
0
0
0
0
0
0
0
0
0
0
0
0
0
23423
0
0
0
0
0
0
0
0
0
0
0
0
0
0
23517
0
23471
23449
23890
0
0
0
0
0
23449
0
0
0
0
0
0
0
0
0
23525
0
0
0
23978
0
0
23514
0
0
23876
23525
23443
23888
0
23524
0
0
0
0
0
23804
0
0
23939
0
0
0
0
0
23489
0
0
0
0
0
23525
0
0
23979
0
0
0
23518
0
0
0
0
0
23443
0
23519
0
23850
23495
0
0
0
23495
0
0
0
0
0
23546
0
0
0
0
23771
0
0
0
0
0
0
0
0
0
0
0
0
0
0
0
0
0
0
0
0
23551
0
0
23650
0
0
0
0
0
0
0
0
0
0
23567
0
0
23568
0
23558
0
0
0
0
23535
17160
0
0
0
0
0
0
0
0
23608
23589
0
0
0
0
0
0
23535
0
0
0
0
0
0
0
0
0
0
0
18006
0
0
0
0
0
0
0
0
0
0
0
0
0
0
0
0
0
0
0
0
0
0
0
0
0
0
0
0
0
0
0
0
0
0
0
0
0
0
23983
23543
0
0
0
0
23654
0
23507
0
0
0
0
0
0
0
0
0
0
0
0
0
0
0
0
0
0
0
0
0
0
0
0
0
0
0
0
0
23680
0
0
0
0
0
0
0
0
0
0
23701
0
0
0
0
0
0
0
23697
0
23703
0
0
0
23701
0
0
0
0
0
0
0
0
0
0
0
23719
0
0
0
0
0
0
0
0
0
0
0
0
0
23745
0
0
0
23881
0
0
0
0
23774
23771
0
0
23753
0
0
23770
23753
23737
0
0
0
0
0
0
23753
23830
0
0
0
0
0
0
0
0
0
0
0
0
0
0
23765
0
0
0
0
0
0
0
0
0
0
0
0
23915
0
0
0
0
0
0
0
23804
23799
23808
0
0
0
23810
0
0
23809
0
23811
0
0
0
0
23817
0
0
0
0
0
0
0
0
0
0
0
0
23698
0
0
23553
0
0
0
0
0
0
0
0
0
0
0
0
0
23714
0
0
0
0
0
0
0
0
23845
0
23722
0
0
0
0
0
0
0
0
0
23854
0
23847
0
0
0
0
0
0
0
23712
23884
0
0
0
0
0
0
0
0
0
0
23884
23878
23876
0
0
0
0
0
0
0
23681
0
0
0
23897
0
0
0
0
0
0
0
0
0
0
0
0
0
0
0
0
0
0
0
0
0
0
0
0
0
0
0
0
0
0
0
0
0
0
0
0
0
0
0
0
0
0
0
0
0
0
0
0
0
0
0
0
0
0
0
0
0
0
0
0
0
0
0
0
0
0
0
0
0
0
0
0
0
23518
0
0
0
0
0
0
23811
0
0
0
0
0
0
0
0
0
23992
0
0
0
0
0
0
0
0
0
0
0
0
0
0
0
0
0
0
0
0
0
0
0
0
0
0
0
0
0
0
0
0
0
0
0
0
0
0
0
0
0
0
0
0
0
0
0
0
0
0
0
0
0
0
0
0
0
0
0
0
0
0
0
0
0
0
0
0
0
0
0
0
0
0
0
0
0
0
0
0
0
0
0
0
0
0
0
0
0
0
0
0
0
0
0
0
0
0
0
24092
0
0
0
0
0
0
0
0
0
0
0
0
0
0
0
0
0
0
0
0
0
0
0
0
0
0
0
24115
0
0
0
0
0
0
0
0
0
0
0
24135
0
24138
21729
0
0
0
0
0
0
0
0
0
0
0
0
24142
0
0
0
0
0
0
24154
0
0
0
0
0
0
24268
24265
0
0
0
0
0
0
0
0
0
0
0
0
0
0
0
24178
0
0
0
0
0
0
24450
24380
0
0
0
0
0
0
0
0
0
0
0
0
0
0
0
0
0
24268
0
24202
24265
0
0
0
0
0
0
0
0
24363
0
0
24225
0
0
24225
0
24233
0
0
24230
0
0
0
0
0
24230
0
25736
0
0
24235
0
0
0
0
0
24249
24249
0
0
0
0
0
24257
0
0
0
24257
24267
0
0
0
24265
0
24183
24270
24256
0
0
24256
0
0
0
0
0
0
0
0
0
0
0
0
0
0
0
0
0
0
0
0
0
0
0
0
0
0
0
0
24856
0
0
0
24293
24336
0
0
0
0
0
0
24306
0
0
0
0
0
0
0
0
0
0
24425
0
0
24323
0
0
0
24323
0
0
0
0
0
0
24337
0
0
0
0
0
0
24342
0
24227
0
0
0
24359
0
24365
0
24336
24353
24353
24362
0
24362
24359
24362
24362
0
0
24359
0
0
0
24362
0
0
24230
0
24362
24362
0
0
0
0
0
0
0
0
0
0
16153
0
0
0
24393
24383
0
24393
0
0
0
24383
0
0
0
0
0
0
0
0
0
0
0
16161
0
0
0
24183
0
0
0
0
0
0
0
0
0
0
0
0
0
0
0
0
0
0
0
0
0
0
0
0
0
0
0
0
0
0
0
0
0
0
0
0
0
0
0
0
0
0
0
0
0
0
24451
24187
24174
24158
0
0
0
24188
0
0
0
0
0
0
0
0
0
0
0
0
0
0
0
0
24927
0
0
0
0
0
0
0
0
0
0
0
0
0
0
0
0
0
24512
0
24495
0
0
24501
0
0
0
0
0
24507
0
0
0
0
24510
24503
0
0
0
0
0
0
0
0
0
0
0
0
0
0
0
0
0
0
0
0
0
0
0
0
0
0
0
0
24559
0
0
0
0
0
0
0
0
0
0
0
24568
0
0
0
0
0
0
0
0
0
0
0
0
0
0
0
0
0
24571
0
24523
0
0
0
0
0
0
0
24613
24574
0
0
0
0
0
0
0
0
0
0
0
0
0
0
0
0
0
0
0
0
0
24597
0
0
0
0
0
0
0
0
24612
0
0
0
0
0
0
0
24541
0
0
0
0
0
0
0
0
0
0
0
0
24598
0
0
0
0
0
0
0
0
0
0
0
0
0
0
0
0
0
0
0
0
0
0
0
0
0
0
0
0
0
0
0
0
0
24523
0
0
0
0
0
0
0
0
0
0
0
0
0
0
0
0
0
0
0
24691
0
0
0
0
0
0
0
0
0
0
0
0
0
0
0
0
0
0
0
0
0
0
0
0
0
0
0
0
0
0
0
0
0
24708
0
0
0
24769
0
0
0
0
0
0
0
0
0
0
0
0
0
0
0
0
0
0
0
0
24730
0
0
0
0
0
0
0
0
24764
0
24879
0
0
24769
0
0
24939
24783
0
0
0
24706
0
0
0
24772
0
0
0
0
0
0
0
0
0
0
0
0
0
24792
0
24729
0
0
0
0
0
0
0
0
0
0
0
0
0
0
0
0
0
0
0
0
0
0
0
0
0
0
0
0
0
0
0
0
0
0
0
0
0
0
0
0
0
0
0
24510
0
0
0
0
0
0
0
0
0
24842
0
0
0
0
0
24476
0
0
0
0
0
0
0
0
0
0
0
0
0
0
0
0
0
0
24873
0
0
0
0
0
0
24879
0
0
0
0
0
0
24902
0
0
0
0
0
0
0
0
0
0
0
0
24908
0
24908
24902
0
0
0
0
0
0
0
0
0
0
24908
0
0
0
0
0
0
0
0
0
0
0
0
0
0
0
0
0
0
0
25011
0
0
0
0
0
0
0
0
0
0
0
0
24948
0
0
0
0
0
24948
0
0
24955
0
0
0
0
0
24960
0
0
0
0
0
0
0
0
0
0
0
0
0
0
0
0
0
0
0
0
0
0
0
24987
0
0
0
0
0
0
0
0
0
0
0
0
0
24995
0
0
0
0
0
25007
0
0
0
0
0
0
0
0
0
25208
0
0
0
0
0
25020
0
0
0
0
0
0
0
0
0
24948
0
0
0
0
0
0
0
0
0
0
0
0
0
0
0
0
0
0
0
0
0
0
0
0
0
0
0
0
0
0
0
0
0
0
0
0
0
0
0
0
0
0
0
0
0
0
25116
0
0
0
0
0
0
25061
0
0
0
0
0
0
0
0
0
0
0
0
0
0
0
0
0
0
0
0
0
0
0
0
0
0
0
0
0
0
0
0
0
0
25049
0
0
0
25134
0
0
0
0
0
0
0
0
0
0
0
0
0
0
0
0
0
0
0
0
0
0
0
0
0
0
0
0
0
0
0
0
0
0
0
0
0
25162
0
0
0
0
0
0
0
0
0
0
23029
0
0
0
25170
0
0
0
0
0
0
25184
0
0
25241
0
0
0
0
0
0
0
0
0
0
0
0
0
0
0
0
0
0
0
0
0
0
0
0
0
0
0
0
0
0
0
0
0
0
0
0
0
0
0
0
0
0
0
0
0
0
0
0
0
0
0
0
25234
0
25248
0
25213
0
0
0
0
0
0
0
0
0
0
0
0
0
0
0
0
0
25346
0
0
0
0
0
0
25450
0
0
0
0
0
0
0
0
0
0
0
25630
0
0
0
0
0
0
0
0
0
0
0
0
0
0
0
0
0
25497
0
0
0
25294
0
0
0
0
0
0
0
0
0
0
0
0
0
0
0
0
0
0
0
0
0
0
0
0
0
0
0
0
0
0
0
0
0
0
0
0
0
0
0
0
0
0
0
0
0
25273
0
0
0
0
0
0
0
0
0
0
0
0
25273
0
0
0
0
25103
0
0
0
25473
0
25450
0
0
0
0
0
0
0
0
0
0
0
0
0
0
0
0
0
0
0
0
0
0
0
0
0
0
0
0
0
0
0
0
0
0
25444
0
0
0
0
0
0
0
0
0
0
0
0
0
0
0
0
0
0
0
0
0
0
0
0
0
0
0
0
0
0
0
0
0
0
0
0
0
0
0
0
0
0
0
0
0
0
0
0
25314
0
25630
0
0
0
0
0
0
25344
25400
0
0
0
0
0
0
0
0
0
0
0
0
0
0
0
0
25497
25494
25286
0
0
0
0
25478
0
0
0
0
0
0
25453
0
0
0
0
0
0
0
0
0
0
0
0
0
0
0
0
0
0
0
25506
0
0
0
0
0
0
0
0
25659
0
24518
0
0
24611
0
25526
0
0
0
0
0
0
0
0
0
0
0
0
0
0
0
0
0
0
0
0
0
0
0
0
0
0
0
0
0
0
0
0
0
0
0
0
0
0
0
0
0
0
0
0
0
0
0
0
0
0
25579
25595
0
0
0
0
0
0
25579
0
0
0
0
0
25607
25654
25595
0
25607
0
0
0
0
0
0
0
0
0
0
0
0
0
0
0
0
0
0
0
0
0
0
0
0
0
0
0
25613
0
0
0
25653
0
0
0
0
0
0
0
0
0
0
0
0
0
0
0
0
0
0
0
0
0
0
0
25564
0
0
0
0
0
0
0
25667
0
0
25669
0
0
0
0
25723
25604
0
25595
25278
25595
0
0
0
0
0
0
0
0
0
0
0
0
0
0
0
0
0
0
0
0
0
0
0
0
0
0
0
0
0
25710
24179
0
0
0
25715
0
0
0
0
0
0
0
0
25723
0
0
25684
0
0
0
0
0
0
0
0
0
0
0
