52.126999	588.500977	451.233002
52.212002	588.315979	451.135010
52.076000	588.442993	451.225006
52.216000	588.318970	451.227997
52.252998	588.387024	451.134003
52.133999	588.487976	451.464996
52.080002	588.431030	451.303009
52.270000	588.382019	451.286011
52.272999	588.458984	451.286987
52.269001	588.382019	451.363007
52.132999	588.492981	451.389008
52.256001	588.385010	451.440002
52.127998	588.500000	451.309998
52.217999	588.388000	451.432007
52.245998	588.387024	451.515991
52.278999	588.380981	451.282013
52.219002	588.440002	451.529999
52.146000	588.469971	451.546997
52.324001	588.411011	451.549988
52.325001	588.447998	451.585999
52.268002	588.228027	450.852997
52.229000	588.312988	450.980988
52.224998	588.314026	450.829987
52.166000	588.426025	450.868988
52.229000	588.315002	450.904999
52.230999	588.392029	450.984985
52.219002	588.317017	451.057007
52.136002	588.481995	451.010010
52.129002	588.497009	451.084991
52.264000	588.343994	451.088989
52.066002	588.465027	451.144012
52.069000	588.452026	450.919006
52.063000	588.468994	451.066986
51.986000	588.453003	451.002014
52.119999	588.518005	451.153992
52.213001	588.502014	451.222992
52.268002	588.228027	450.852997
52.229000	588.312988	450.980988
52.224998	588.314026	450.829987
52.166000	588.426025	450.868988
52.229000	588.315002	450.904999
52.069000	588.452026	450.919006
52.230999	588.392029	450.984985
52.126999	588.500977	451.233002
52.219002	588.317017	451.057007
52.136002	588.481995	451.010010
52.212002	588.447998	451.023010
52.129002	588.497009	451.084991
52.212002	588.315979	451.135010
52.076000	588.442993	451.225006
52.066002	588.465027	451.144012
52.247002	588.388000	451.058990
52.216000	588.318970	451.227997
52.252998	588.387024	451.134003
52.264000	588.343994	451.088989
52.063000	588.468994	451.066986
52.262001	588.382996	451.212006
52.133999	588.487976	451.464996
52.080002	588.431030	451.303009
52.270000	588.382019	451.286011
52.219002	588.359985	451.326996
52.272999	588.458984	451.286987
52.269001	588.382019	451.363007
52.132999	588.492981	451.389008
52.247002	588.476990	451.252014
52.256001	588.385010	451.440002
52.127998	588.500000	451.309998
52.314999	588.387024	451.437012
52.191002	588.541016	451.445007
52.296001	588.502991	451.467987
52.217999	588.388000	451.432007
52.301998	588.530029	451.476013
52.245998	588.387024	451.515991
52.278999	588.380981	451.282013
52.263000	588.536011	451.403992
52.219002	588.440002	451.529999
52.146000	588.469971	451.546997
52.327000	588.447998	451.652008
52.324001	588.411011	451.549988
52.325001	588.447998	451.585999
52.192001	588.541992	451.369995
52.189999	588.544983	451.598999
52.311001	588.534973	451.420013
52.324001	588.445984	451.510986
52.375999	588.437012	451.662994
52.425999	588.531982	451.648010
52.433998	588.517029	451.679993
52.252998	588.586975	451.683014
52.333000	588.598022	451.683990
52.192001	588.541016	451.674988
52.256001	588.580017	451.606995
52.247002	588.603027	451.756989
52.264999	588.567017	451.532990
52.312000	588.635986	451.752014
52.425999	588.536011	451.813995
52.331001	588.445007	451.661987
52.387001	588.510010	451.692993
52.192001	588.543030	451.520996
52.464001	588.570984	451.869995
52.433998	588.520996	451.789001
52.326000	588.497009	451.750000
52.432999	588.551025	451.894012
52.383999	588.586975	451.653015
52.330002	588.523987	451.550995
52.419998	588.593994	451.968994
52.394001	588.510010	451.770996
52.401001	588.661011	451.756989
52.462002	588.572021	451.949005
52.319000	588.625000	451.983002
52.362000	588.702026	451.979004
52.433998	588.593994	451.994995
52.443001	588.637024	451.790009
52.457001	588.677002	451.906006
52.369999	588.690979	451.903992
52.449001	588.575012	451.796997
52.306000	588.645996	451.902008
52.369999	588.513000	451.622009
52.464001	588.648987	451.825012
52.514000	588.637024	451.971985
52.418999	588.580017	451.726990
52.495998	588.638977	451.895996
52.303001	588.651978	451.825989
52.382000	588.661987	451.832001
52.480999	588.668030	451.897003
52.432999	588.726013	451.970001
52.542999	588.625000	451.963013
52.256001	588.580017	451.835999
52.417999	588.758972	452.118988
52.359001	588.705994	452.052002
52.370998	588.682983	452.134003
52.423000	588.749023	452.044006
52.435001	588.651978	452.092987
52.542000	588.622986	452.071991
52.511002	588.737000	452.067993
52.535000	588.632996	452.122009
52.527000	588.708984	452.000000
52.567001	588.742004	452.105988
52.410999	588.580994	452.032013
52.344002	588.411011	451.549988
52.287998	588.455994	451.362000
52.276001	588.497986	451.364014
52.324001	588.421021	451.437012
52.299000	588.452026	451.437988
52.261002	588.460022	451.214996
52.286999	588.362000	451.204010
52.205002	588.517029	451.296997
52.243999	588.435974	451.158997
52.230000	588.468994	451.063995
52.152000	588.331970	451.290985
52.264999	588.343018	450.967987
52.191002	588.474976	450.993011
52.223999	588.392029	450.910004
52.200001	588.434021	450.906006
52.069000	588.458984	450.993011
52.145000	588.466003	450.937012
52.140999	588.487976	450.923004
52.009998	588.422974	450.929993
52.000999	588.427979	450.928986
52.195999	588.245972	451.013000
52.254002	588.185974	450.894989
52.199001	588.395996	450.835999
52.073002	588.450012	450.842987
52.181000	588.171997	451.016998
52.493000	588.640015	452.201996
52.446999	588.695984	452.360992
52.469002	588.815979	452.278015
52.472000	588.809998	452.433014
52.487999	588.781006	452.132996
52.415001	588.765015	452.194000
52.478001	588.797974	452.204987
52.542999	588.658997	452.174011
52.471001	588.814026	452.355988
52.650002	588.718018	452.303986
52.591999	588.697021	452.375000
52.598999	588.770996	452.214996
52.584999	588.697021	452.223999
52.542000	588.674011	452.285004
52.618999	588.765015	452.265015
52.543999	588.703979	452.386993
52.584999	588.697021	452.299988
52.589001	588.697998	452.450989
52.634998	588.760986	452.341003
52.551998	588.817017	452.282990
52.535000	588.848999	452.425995
52.583000	588.775024	452.194000
52.658001	588.758972	452.411987
52.419998	588.754028	452.270996
52.603001	588.846985	452.359009
52.630001	588.794006	452.325989
52.647999	588.708984	452.415985
52.660000	588.818970	452.437988
52.542999	588.838013	452.351990
52.576000	588.700989	452.152008
52.629002	588.828979	452.457001
52.544998	588.786011	452.480988
52.491001	588.776978	452.518005
52.740002	588.739990	452.627014
52.613998	588.854980	452.524994
52.647999	588.706970	452.528015
52.756001	588.705017	452.619995
52.666000	588.827026	452.558014
52.756001	588.708008	452.730011
52.540001	588.838989	452.506012
52.756001	588.736023	452.700989
52.556000	588.809998	452.665985
52.611000	588.864990	452.602997
52.775002	588.729980	452.847992
52.647999	588.708984	452.636993
52.548000	588.828003	452.584991
52.743000	588.815979	452.641998
52.651001	588.737000	452.739990
52.624001	588.840027	452.760986
52.703999	588.841980	452.675995
52.695999	588.862976	452.825012
52.620998	588.846985	452.683990
52.771999	588.809021	452.713989
52.764999	588.734009	452.774994
52.776001	588.729980	452.924011
52.696999	588.859985	452.903015
52.700001	588.856018	452.751007
52.699001	588.854980	452.984009
52.754002	588.716003	452.839996
52.886002	588.783020	453.001007
52.764000	588.890991	452.989990
52.571999	588.778992	452.751007
52.780998	588.859009	452.916992
52.852001	588.789001	452.928986
52.794998	588.804016	452.787994
52.776001	588.882019	452.872986
52.639999	588.804993	452.923004
52.855999	588.866028	452.933990
52.861000	588.760010	452.899994
52.757000	588.749023	452.944000
52.834000	588.794983	452.855988
52.631001	588.827026	452.841003
52.861000	588.758972	453.009003
52.900002	588.856018	453.002991
52.708000	588.836975	453.063995
52.863998	588.791016	453.115997
52.910999	588.778015	453.070007
52.914001	588.752991	453.205994
52.969002	588.780029	453.095001
53.000000	588.833984	453.138000
52.847000	588.893005	453.056000
52.758999	588.898010	453.063995
52.956001	588.760986	453.174988
52.969002	588.767029	453.192993
52.959000	588.916992	453.114990
52.958000	588.762024	453.213013
52.969002	588.788025	453.203003
52.994999	588.763977	453.243988
52.950001	588.844971	453.070007
52.921001	588.758972	453.243011
52.903999	588.770996	453.269989
52.952999	588.757996	453.234009
52.918999	588.757019	453.223999
52.840000	588.911987	453.127991
52.960999	588.762024	453.272003
52.911999	588.929993	453.213013
52.771999	588.877014	453.147003
52.928001	588.763977	453.279999
52.924999	588.908020	453.139008
52.999001	588.765991	453.263000
52.840000	588.909973	453.207001
52.854000	588.883972	453.291992
52.956001	588.760986	453.252991
52.912998	588.934021	453.290009
52.928001	588.765991	453.260986
53.070000	588.890991	453.250000
53.009998	588.908020	453.235992
53.025002	588.901978	453.182007
53.075001	588.786987	453.244995
53.035000	588.822998	453.209015
52.964001	588.763977	453.290985
52.969002	588.825989	453.303009
52.967999	588.770020	453.311005
52.991001	588.758972	453.303986
52.988998	588.760010	453.285004
52.993000	588.940979	453.303009
52.931999	588.767029	453.299011
53.066002	588.817993	453.279999
53.029999	588.763000	453.285004
55.333000	592.997009	453.595001
55.287998	593.067993	453.537994
54.924000	590.825012	453.773987
54.207001	591.458008	453.747986
54.071999	590.991028	453.898987
55.032001	590.890991	453.740997
55.021999	590.971008	453.791992
54.230999	591.500000	453.876007
54.168999	591.414978	453.895996
54.179001	591.322998	453.868988
55.026001	591.005981	453.779999
54.388000	592.046997	453.819000
54.379002	592.189026	453.848999
54.398998	592.289001	453.834015
54.390999	592.025024	453.765991
54.384998	592.044006	453.845001
54.818001	592.416016	453.739990
54.452999	592.030029	453.763000
54.724998	592.294006	453.721008
54.875999	592.453979	453.742004
54.379002	592.213989	453.690002
55.068001	592.611023	453.541992
54.761002	592.375000	453.740997
55.092999	592.661987	453.622009
55.241001	592.697021	453.587006
55.157001	592.679016	453.546997
55.189999	592.711975	453.566010
55.084000	592.693970	453.697998
55.409000	592.789978	453.644012
55.082001	592.648010	453.641998
55.082001	592.690002	453.671997
55.134998	592.693970	453.641998
54.598999	592.236023	453.802002
54.915001	592.440002	453.628998
53.666000	589.955017	453.756989
52.991001	588.763000	453.324005
52.983002	588.776978	453.367004
52.957001	588.783997	453.355011
52.993999	588.763000	453.342987
52.921001	588.911011	453.372986
52.991001	588.783997	453.403992
52.964001	588.786987	453.372986
52.932999	588.791992	453.342010
52.952000	588.802979	453.378998
52.945000	588.776001	453.335999
52.959000	588.809998	453.394989
52.939999	588.771973	453.316986
52.972000	588.793030	453.390015
52.974998	588.771973	453.328003
52.987000	588.804016	453.427002
52.990002	588.806030	453.446014
52.943001	588.799011	453.360992
52.999001	588.789978	453.420013
52.998001	588.812012	453.460999
52.986000	588.952026	453.377014
52.984001	588.778015	453.385986
52.977001	588.799011	453.407013
52.987999	588.945007	453.459991
52.976002	588.771973	453.346985
53.028000	588.763977	453.306000
53.029999	588.765015	453.345001
53.028999	588.765015	453.364990
53.098000	588.885010	453.319000
53.029999	588.765991	453.401001
53.000999	588.767029	453.359009
53.075001	588.788025	453.356995
53.055000	588.757996	453.377991
53.033001	588.768005	453.420013
53.033001	588.765015	453.321991
53.068001	588.767029	453.397003
53.103001	588.807983	453.348999
53.074001	588.770996	453.412994
53.022999	588.762024	453.382996
53.013000	588.778015	453.416992
53.014000	588.802002	453.455994
53.028000	588.786987	453.451996
53.004002	588.770020	453.377991
53.075001	588.770020	453.434998
53.009998	588.796021	453.440002
53.051998	588.781006	453.476013
53.008999	588.773010	453.395996
53.035999	588.791016	453.490997
53.022999	588.781006	453.433014
53.053001	588.778015	453.455994
53.073002	588.770020	453.453003
53.035999	588.793030	453.468994
53.063999	588.958008	453.398010
53.181000	588.831970	453.455994
53.019001	588.804993	453.476990
53.060001	588.784973	453.493988
53.104000	588.793030	453.527008
53.008999	588.905029	453.548004
53.077000	588.796021	453.532013
53.143002	588.875000	453.386993
53.095001	588.786011	453.509003
53.057999	588.973022	453.470001
53.039001	588.770996	453.441010
53.113998	588.797974	453.545013
53.009998	588.841980	453.502991
53.153000	588.945007	453.476990
53.046001	588.799011	453.506989
53.041000	588.817993	453.532013
53.041000	588.841003	453.553009
53.090000	588.804993	453.546997
53.019001	588.828003	453.518005
53.049999	588.823975	453.548004
53.083000	588.775024	453.492004
53.077999	588.773010	453.472992
53.080002	588.822021	453.562012
53.035000	588.835022	453.532990
53.021999	588.848999	453.519989
53.074001	588.841003	453.584991
53.046001	588.869995	453.575989
53.068001	588.812988	453.544006
53.056000	588.971985	453.548004
53.118000	588.822998	453.621002
53.094002	588.830017	453.597992
53.060001	588.830994	453.565002
53.096001	588.809021	453.566010
53.056999	588.849976	453.570007
53.104000	588.812988	453.584015
53.112000	588.820984	453.604004
53.068001	588.859009	453.605011
53.181999	588.848022	453.565002
53.127998	588.806030	453.562012
53.155998	588.827026	453.617004
53.061001	588.875977	453.592987
53.136002	588.810974	453.579010
53.075001	588.835999	453.455994
53.092999	588.853027	453.618988
53.141998	588.815979	453.596985
53.097000	588.857971	453.636993
53.089001	588.825989	453.578003
53.081001	588.867981	453.622986
53.293999	588.969971	453.476013
53.033001	588.859009	453.537994
53.122002	588.874023	453.691986
53.210999	588.994995	453.536011
53.117001	588.843994	453.651001
53.124001	588.827026	453.639008
53.187000	588.820984	453.639008
53.129002	588.828979	453.657990
53.106998	588.838989	453.634003
53.089001	588.875000	453.640991
53.105000	588.861023	453.656006
53.202000	588.833008	453.675995
53.231998	588.931030	453.535004
53.125000	588.854004	453.669006
53.166000	588.833984	453.652008
53.102001	588.835999	453.617004
53.186001	588.846008	453.691010
53.186001	588.848022	453.708008
53.141998	588.864014	453.705994
53.063000	588.854980	453.588013
53.144001	588.841003	453.674988
53.248001	588.862976	453.690002
53.081001	588.844971	453.602997
53.153000	588.848999	453.692993
53.200001	588.854004	453.744995
53.172001	588.833984	453.670990
53.187000	588.846985	453.727997
53.185001	588.820984	453.658997
53.071999	588.942017	453.634003
53.235001	588.854004	453.731995
53.106998	588.885010	453.678986
53.160999	588.827026	453.635986
53.161999	588.874023	453.744995
53.117001	588.867981	453.674011
53.185001	588.895996	453.664001
53.130001	588.994019	453.699005
53.102001	588.883972	453.657990
53.141998	588.885986	453.730011
53.144001	588.908997	453.733002
53.132999	588.859009	453.690002
53.158001	588.849976	453.712006
53.167000	588.857971	453.730988
53.292000	588.888977	453.600006
53.153999	588.870972	453.726013
53.202000	588.880005	453.803986
53.151001	588.892029	453.748993
53.116001	588.890015	453.696014
53.248001	588.864990	453.768005
53.292000	588.885986	453.712006
53.241001	588.859985	453.808014
53.215000	588.864990	453.804993
53.215000	588.862976	453.782990
53.252998	588.867981	453.747009
53.130001	588.901978	453.713013
53.166000	588.880981	453.760986
53.158001	588.895996	453.765991
53.252998	588.864990	453.707001
53.183998	588.888977	453.799011
53.173000	588.905029	453.782990
53.180000	588.888977	453.778992
53.305000	588.914978	453.747986
53.183998	588.935974	453.803986
53.130001	588.877014	453.710999
53.199001	588.879028	453.785004
53.208000	588.859985	453.764008
53.188000	588.870972	453.766998
53.345001	588.958984	453.678009
53.147999	588.956970	453.790009
53.215000	588.890015	453.821991
53.195000	588.898010	453.816010
53.237000	588.905029	453.860992
53.210999	588.909973	453.834015
53.230999	588.898987	453.839996
53.241001	588.932007	453.868988
53.171001	588.859009	453.752014
53.186001	588.940979	453.825012
53.230000	588.874023	453.822998
53.230000	588.945984	453.876007
53.226002	588.919006	453.851013
53.141998	588.911011	453.750000
53.236000	588.950012	453.894989
53.327000	588.908997	453.816986
53.250000	588.866028	453.786987
53.243999	588.976990	453.895996
53.271999	588.856995	453.835999
53.244999	588.934021	453.890991
53.216000	588.958984	453.858002
53.292000	588.924988	453.812988
53.323002	588.890991	453.869995
53.276001	588.859985	453.815002
53.153999	588.916992	453.769989
53.205002	588.952026	453.839996
53.255001	588.843994	453.781006
53.313000	588.882996	453.850006
53.402000	588.934998	453.752991
53.401001	588.926025	453.860992
53.266998	588.877991	453.843994
53.256001	588.892029	453.858002
53.179001	588.911987	453.802002
53.423000	588.961975	453.835999
53.216999	588.939026	453.855988
53.352001	588.908997	453.903992
53.282001	588.909973	453.894012
53.209999	588.931030	453.837006
53.283001	588.932983	453.911987
53.320999	588.909973	453.895996
53.335999	588.895996	453.885986
53.278000	588.885010	453.864990
53.300999	588.898987	453.878998
53.335999	588.922974	453.936005
53.259998	588.921021	453.894989
53.307999	588.927979	453.928986
53.252998	588.864990	453.829010
53.351002	588.909973	453.925995
53.249001	588.913025	453.877014
53.325001	588.914978	453.915985
53.256001	588.937988	453.908997
53.256001	588.984985	453.914001
53.250000	588.888000	453.837006
53.321999	588.937012	453.966003
53.316002	588.932007	453.946991
53.226002	588.966003	453.876007
53.370998	588.921021	453.941010
53.346001	588.927002	453.954987
53.287998	588.958984	453.944000
53.262001	588.895996	453.877014
53.363998	588.916016	453.962006
53.292999	588.942017	453.931000
53.257999	588.965027	453.928986
53.319000	588.958984	453.967010
53.251999	588.961975	453.911987
53.278000	588.978027	453.947998
53.332001	588.966980	453.984985
53.166000	588.924988	453.786011
53.375999	588.898987	453.924988
53.298000	588.921021	453.911987
53.359001	588.937012	453.972992
53.317001	588.979004	453.979004
53.300999	588.969971	453.959991
53.261002	588.945007	453.925995
53.265999	588.995972	453.931000
53.298000	588.992004	453.963989
53.388000	588.934021	453.979004
53.390999	588.935974	453.998993
53.386002	588.906982	453.944000
53.307999	588.999023	453.983002
53.418999	588.960022	453.984985
53.404999	588.918030	453.962006
53.507999	588.973999	453.989014
53.417000	588.929016	453.980011
53.402000	588.994995	453.959015
53.182999	589.046997	453.598999
53.194000	589.025024	453.682007
53.679001	589.922974	453.846985
53.342999	588.952026	453.985992
53.261002	589.062012	453.612000
53.203999	589.007019	453.846008
53.373001	588.947021	453.989990
53.188000	588.916992	453.821991
53.259998	589.064026	453.769989
53.464001	588.958984	453.894989
53.123001	589.005981	453.618011
53.494999	588.968018	453.912994
53.417999	589.020020	453.769012
53.353001	589.051025	453.804993
53.331001	589.091980	453.873993
53.334000	588.991028	453.996002
53.292999	589.012024	453.968994
53.261002	589.067017	453.845001
53.431000	588.935974	453.997986
53.479000	589.127991	453.954010
53.305000	589.021973	453.984985
53.555000	589.228027	453.920990
53.511002	588.982971	453.877991
53.307999	588.950012	453.950989
53.624001	589.120972	453.967010
53.523998	589.010010	453.975006
53.396999	589.130005	453.920013
53.272999	589.041016	453.931000
53.842999	589.229980	453.914001
53.286999	589.007996	453.950012
53.540001	589.489014	453.951996
53.194000	589.028015	453.759003
53.743999	589.184998	453.958008
53.512001	589.379028	453.967987
53.808998	589.242981	453.950989
53.860001	589.304993	453.955994
53.119999	589.010010	453.539001
53.640999	589.518982	453.786987
53.576000	589.575989	453.941986
53.382000	589.046021	453.774994
53.577000	589.083008	453.950989
53.582001	589.302979	453.893005
53.691002	589.989990	453.867004
53.544998	589.081970	453.931000
53.566002	589.302002	453.921997
53.667000	589.888000	453.851990
53.730000	589.158020	453.949005
53.655998	589.880981	453.875000
53.654999	589.750977	453.862000
53.659000	589.854980	453.785004
53.661999	589.887024	453.895996
53.653999	589.906006	453.872009
53.678001	589.953003	453.898987
53.679001	589.898010	453.916992
53.682999	589.984009	453.924011
53.687000	589.982971	453.888000
53.700001	589.968018	453.920013
53.681000	589.952026	453.856995
53.493000	589.265991	453.988007
53.654999	589.883972	453.888000
53.666000	589.916992	453.894012
53.497002	590.411011	453.988007
53.674999	589.950989	453.877991
53.749001	590.364990	453.888000
53.631001	589.781006	453.895996
53.706001	590.054016	453.920013
53.710999	590.005005	453.928009
53.694000	589.992004	453.907990
53.326000	589.101013	453.950012
53.650002	590.836975	453.859985
53.703999	590.052002	453.895996
53.709000	590.090027	453.908997
53.705002	590.023987	453.917999
53.707001	590.083984	453.921997
53.723999	590.122986	453.899994
53.698002	590.020020	453.875000
53.743000	590.185974	453.915985
53.722000	590.064026	453.937988
53.603001	589.681030	453.921997
53.772999	590.244995	453.903992
53.743999	590.166016	453.944000
53.681999	589.927002	453.911987
53.759998	590.206970	453.933014
53.723999	590.094971	453.944000
53.736000	590.161987	453.898987
53.735001	590.158997	453.920990
53.868000	590.491028	453.789001
53.754002	590.202026	453.912994
53.897999	590.309998	453.837006
53.723999	590.039978	453.937012
53.730999	590.125977	453.941010
53.705002	590.081970	453.901001
53.752998	590.172974	453.963013
53.874001	590.409973	453.872986
53.807999	590.359009	453.902008
53.791000	590.284973	453.919006
53.801998	590.296997	453.940002
53.784000	590.254028	453.946991
53.771000	590.242004	453.928009
53.740002	590.168030	453.834991
53.820000	590.336975	453.959991
53.800999	590.294983	453.894989
53.819000	590.338013	453.911987
53.855000	590.422974	453.897003
53.719002	590.117004	453.921997
53.776001	590.271973	453.960999
53.862999	590.431030	453.919006
53.597000	590.614014	453.924988
53.694000	590.551025	453.781006
53.604000	590.857971	453.963013
53.877998	590.469971	453.915985
53.939999	590.705017	453.800995
53.778999	590.223022	453.951996
53.943001	590.606995	453.816986
53.828999	590.344971	453.890991
53.872002	590.465027	453.894012
53.672001	590.708008	453.936005
53.604000	590.677979	453.963989
53.766998	590.156006	453.958008
53.693001	590.015015	453.898010
53.897999	590.544006	453.881012
53.886002	590.505005	453.882996
53.900002	590.575012	453.898010
53.912998	590.586975	453.872009
53.847000	590.390015	453.920013
53.902000	590.515991	453.924988
53.930000	590.630005	453.921997
53.915001	590.557007	453.923004
53.882999	590.502991	453.904999
53.911999	590.583984	453.920013
53.844002	590.356995	453.933990
53.952000	590.674988	453.941010
53.765999	590.270020	453.811005
53.529999	590.619019	453.951996
53.952000	590.645996	453.945007
53.674000	590.648987	453.908997
53.587002	590.872986	453.972992
53.952000	590.705994	453.933014
53.937000	590.664978	453.894989
53.752998	590.763977	453.936005
53.984001	590.793030	453.912994
53.712002	590.768982	453.975006
53.918999	590.617981	453.901001
53.939999	590.664001	453.916992
53.979000	590.784973	453.938995
53.972000	590.750000	453.940002
53.894001	590.541016	453.903015
53.987999	590.827026	453.934998
53.646000	590.835999	453.957001
53.676998	590.802002	453.967987
53.946999	590.702026	453.911011
53.948002	590.614014	453.937988
54.026001	590.916016	453.929993
54.019001	590.851013	453.907990
53.625000	590.846985	453.959015
54.035999	590.953003	453.928986
53.958000	590.742004	453.917999
54.011002	590.874023	453.933990
53.359001	588.984009	454.022003
53.368999	588.968018	454.020996
53.347000	588.976013	454.002991
53.365002	588.989014	454.040985
53.383999	588.953979	454.007996
53.359001	588.963013	454.003998
53.389999	588.981995	454.059998
53.424000	588.955994	454.035004
53.445000	588.947021	454.036987
53.390999	588.958008	454.027008
53.340000	588.997986	454.015015
53.429001	588.956970	454.054993
53.495998	588.955017	454.015015
53.382000	589.000977	454.061005
53.382999	588.976990	454.039001
53.409000	588.971985	454.046997
53.513000	588.965027	454.032990
53.441002	588.945007	454.016998
53.410999	588.945984	454.019012
53.332001	589.039001	454.002014
53.372002	589.020020	454.052002
53.368999	589.039978	454.036987
53.470001	589.130981	454.045990
53.374001	589.043030	454.056000
53.402000	589.122986	454.002014
53.356998	589.005981	454.036011
53.353001	589.028992	454.016998
53.360001	589.056030	454.019012
53.366001	589.062988	454.037994
53.345001	589.070007	454.035004
53.326000	589.010986	454.000000
53.462002	589.163025	454.023987
53.577000	589.075012	454.001007
54.039001	590.989014	453.936005
54.320000	591.883972	453.903015
54.027000	590.979004	453.963013
54.115002	591.138000	453.928009
54.105999	591.109985	453.933014
54.046001	591.026001	453.980011
54.071999	591.109985	453.992004
54.063000	591.101013	453.946014
54.036999	591.080017	453.975006
54.078999	591.179016	453.972992
54.066002	591.135986	453.966003
54.078999	591.179016	453.949005
54.125999	591.281006	453.920013
54.151001	591.367004	453.949005
54.094002	591.254028	453.946991
54.085999	591.216003	453.950012
54.362999	591.948975	453.912994
54.282001	591.810974	453.994995
54.124001	591.312012	453.941986
54.113998	591.270020	453.967987
54.081001	591.210022	453.972992
54.061001	591.039001	453.929993
54.028000	591.101013	453.994995
54.127998	591.315002	453.919006
54.035999	591.018005	453.957001
54.139999	591.356995	453.927002
54.286999	591.806030	453.920013
53.459999	591.565002	454.078003
53.969002	591.237000	454.019012
53.766998	591.343994	454.325012
53.812000	591.445984	454.295990
53.574001	591.517029	454.003998
53.731998	591.799988	454.188995
53.935001	591.431030	454.231995
53.993999	591.229004	454.040009
53.994999	591.260010	454.037994
53.716000	591.784973	454.217010
53.877998	591.221008	454.140015
53.960999	591.585022	454.329010
53.771000	591.869995	454.282013
53.591000	591.627014	454.165009
53.890999	591.783997	454.127014
53.659000	591.796997	454.268005
53.806999	591.804016	454.170990
53.973999	591.565002	454.308990
53.883999	591.762024	454.095001
53.881001	591.413025	454.259003
53.976002	591.929993	454.175995
53.987000	591.223022	454.016998
54.216000	590.859985	454.003998
54.443001	590.830994	454.022003
53.688000	591.791992	454.240997
54.441002	590.828003	454.046997
54.002998	591.346008	454.035004
54.014000	591.182983	454.028015
54.036999	591.112976	454.085999
54.487000	591.882019	454.029999
54.000999	591.203979	454.028992
54.051998	591.028992	454.026001
54.247002	591.164001	454.080994
54.143002	591.138977	454.109009
54.347000	591.216980	454.084991
54.073002	591.393982	454.239990
54.224998	591.174988	454.149994
54.116001	591.239990	454.016998
54.325001	591.328003	454.157990
54.016998	591.124023	454.006012
54.054001	591.409973	454.237000
54.025002	591.133972	454.028992
54.078999	591.085999	454.354004
54.108002	591.143005	454.394989
54.058998	591.351990	454.313995
54.402000	591.262024	454.127991
54.035999	591.424988	454.209991
54.091999	591.380981	454.265991
54.120998	591.341003	454.389008
54.154999	591.306030	454.362000
54.047001	591.434021	454.256989
54.271999	591.216980	454.242004
54.007999	591.181030	454.005005
54.409000	591.911011	454.101990
54.014999	591.155029	454.006989
54.174000	591.515015	454.201996
54.005001	591.495972	454.321991
54.367001	591.140015	454.084015
54.326000	591.872986	454.131989
54.115002	591.335022	454.412994
54.021999	591.130005	454.050995
54.028000	591.482971	454.269989
54.459999	591.927979	454.089996
54.213001	591.814026	454.282990
54.498001	591.841003	454.088989
54.250000	592.448975	454.039001
54.557999	592.276001	454.085999
54.516998	592.492981	454.178986
53.952999	589.081970	453.987000
54.000999	589.426025	453.976013
53.769001	590.184998	453.984985
53.804001	590.327026	453.981995
53.990002	590.794983	453.960999
53.992001	590.767029	453.959991
54.019001	590.851013	453.977997
53.973000	590.721985	453.955994
54.021999	590.880981	453.977997
54.021000	590.940979	453.954987
54.011002	590.906006	453.954987
54.026001	590.916992	453.976990
54.007000	590.869995	453.957001
53.689999	590.755005	453.998993
53.993000	590.827026	453.959991
53.480999	588.945984	454.057007
53.417999	588.976013	454.065002
53.438999	588.966003	454.075012
53.456001	588.979004	454.092010
53.444000	588.992004	454.122009
53.460999	588.979004	454.112000
53.450001	588.948975	454.058014
53.437000	588.989990	454.101990
53.492001	588.974976	454.112000
53.480000	588.992981	454.152008
53.402000	588.989990	454.076996
53.536999	588.981018	454.091003
53.472000	588.963989	454.096008
53.515999	588.992981	454.152008
53.525002	588.974976	454.074005
53.543999	588.986023	454.131012
53.547001	588.989014	454.112000
53.502998	588.984985	454.131012
53.437000	588.987976	454.082001
53.558998	588.997009	454.148987
53.520000	588.994995	454.171997
53.473000	588.989990	454.131012
53.466000	588.960999	454.075012
53.351002	589.913025	454.234009
53.401001	589.060974	454.071014
53.398998	589.010010	454.078003
53.403999	589.041016	454.088013
53.423000	589.026001	454.114990
53.425999	589.054993	454.108002
53.442001	589.015015	454.114990
53.473999	589.142029	454.106995
53.418999	589.002991	454.095001
53.448002	589.043030	454.154999
53.435001	589.010986	454.135986
53.437000	589.036011	454.134003
53.409000	589.065002	454.091003
53.452000	589.021973	454.153992
53.484001	589.018005	454.178009
53.430000	589.057983	454.126007
53.466000	589.059021	454.170990
53.415001	589.098999	454.085999
53.430000	589.080994	454.110992
53.394001	589.031982	454.069000
53.444000	589.065979	454.144012
53.476002	589.088013	454.183990
53.499001	589.004028	454.167999
53.470001	589.008972	454.161011
53.493999	589.026001	454.196991
53.476002	589.062988	454.190002
53.404999	589.015991	454.098999
53.481998	589.044006	454.191986
53.924000	589.401001	454.102997
53.467999	589.036011	454.170990
53.456001	589.000000	454.140991
53.625999	589.122009	454.093994
53.491001	589.096985	454.200012
53.543999	589.007996	454.045990
53.477001	589.132019	454.187012
53.507000	589.036987	454.217987
53.452000	589.098022	454.126007
53.523998	589.021973	454.205994
53.530998	589.028992	454.226013
53.556999	589.155029	454.037994
53.456001	589.075012	454.162994
53.493999	589.051025	454.208008
53.555000	589.018005	454.226990
53.509998	589.015015	454.187012
53.492001	589.072998	454.210999
53.542999	589.012024	454.209991
53.584000	589.015015	454.187012
53.534000	589.004028	454.191010
53.564999	589.023987	454.248993
53.606998	589.065979	454.071014
53.542000	589.033997	454.244995
53.618000	589.039001	454.201996
53.584000	589.013000	454.208008
53.506001	589.081970	454.227997
53.548000	589.156982	454.096985
53.518002	589.116028	454.239990
53.720001	589.112000	454.231995
53.542999	589.166992	454.174011
53.507000	589.132996	454.162994
53.616001	589.187988	454.179993
53.674999	589.124023	454.164001
53.511002	589.111023	454.218994
53.580002	589.008972	454.167999
53.597000	589.023010	454.226990
53.648998	589.030029	454.239990
53.521000	589.143005	454.182007
53.521000	589.091980	454.248993
53.515999	589.065979	454.247009
53.561001	589.046997	454.283997
53.577000	589.153992	454.273987
53.534000	589.051025	454.256989
53.521999	589.046997	454.234985
53.470001	589.109009	454.144989
53.506001	589.059998	454.230011
53.985001	589.481995	454.135010
53.569000	589.052979	454.303986
53.594002	589.021973	454.250000
53.551998	589.091980	454.307007
53.625000	589.211975	454.230988
53.548000	589.038025	454.266998
53.612999	589.033020	454.308990
53.551998	589.067017	454.295013
53.532001	589.101013	454.265991
53.693001	589.195007	454.195007
53.543999	589.057983	454.273987
53.618999	589.036987	454.329010
53.522999	589.072998	454.266998
53.571999	589.080017	454.333008
53.561001	589.070007	454.312988
53.580002	589.060974	454.325012
53.587002	589.039978	454.306000
53.570999	589.103027	454.325989
53.588001	589.062988	454.342987
53.597000	589.072021	454.364014
53.573002	589.031982	454.265991
53.582001	589.111023	454.342987
53.723999	589.036987	454.299988
53.583000	589.088013	454.351990
53.653999	589.036987	454.303009
53.596001	589.020020	454.290009
53.660000	589.039978	454.279999
53.598000	589.120972	454.364990
53.570999	589.028015	454.286987
53.740002	589.107971	454.303986
53.608002	589.101013	454.371002
53.643002	589.049988	454.368011
53.536999	589.080017	454.286011
53.673000	589.078003	454.278015
53.604000	589.051025	454.346985
53.702000	589.041016	454.324005
53.666000	589.044983	454.341003
53.599998	589.023987	454.268005
53.556999	589.117981	454.286011
53.567001	589.125977	454.303986
53.546001	589.135010	454.257996
53.625999	589.039978	454.346985
53.544998	589.169006	454.251007
53.667000	589.041992	454.363007
53.612000	589.153015	454.364014
53.664001	589.041992	454.322998
53.612000	589.195984	454.255005
53.681000	589.026978	454.367004
53.605999	589.226013	454.319000
53.661999	589.041016	454.259003
53.601002	589.145996	454.342010
53.661999	589.239990	454.269012
53.680000	589.229980	454.257996
53.632999	589.193970	454.290009
53.571999	589.127991	454.324005
53.644001	589.223999	454.250000
53.558998	589.137024	454.339996
53.595001	589.216003	454.360992
53.716000	589.028015	454.364990
53.612000	589.226990	454.341003
53.591999	589.043030	454.325989
53.616001	589.193970	454.335999
53.625000	589.112000	454.411987
53.625000	589.064026	454.364014
53.695999	589.013000	454.385010
53.637001	589.047974	454.386993
53.667999	589.020020	454.407990
53.655998	589.036987	454.404999
53.674999	589.241028	454.333008
53.660000	589.039001	454.424011
53.654999	589.034973	454.382996
53.657001	589.210022	454.308014
53.623001	589.114014	454.433014
53.695000	589.036987	454.427002
53.632000	589.062012	454.290985
53.637001	589.072998	454.384003
53.641998	589.101013	454.420990
53.662998	589.211975	454.328003
53.698002	589.013977	454.406006
53.624001	589.213989	454.292999
53.729000	589.091003	454.398010
53.674000	589.047974	454.442993
53.646999	589.080017	454.444000
53.674999	589.072998	454.466003
53.678001	589.025024	454.389008
53.633999	589.096008	454.401001
53.658001	589.059998	454.446991
53.617001	589.081970	454.381989
53.632999	589.072021	454.424988
53.632999	589.119019	454.450989
53.638000	589.075012	454.406006
53.648998	589.106018	454.460999
53.687000	589.031982	454.347992
53.680000	589.098999	454.483002
53.638000	589.096008	454.444000
53.661999	589.114014	454.480988
53.660000	589.086975	454.463989
53.641998	589.148987	454.423004
53.617001	589.109009	454.391998
53.532001	589.200989	454.473999
53.641998	589.052002	454.410004
53.631001	589.168030	454.421997
53.681000	589.223022	454.415985
53.650002	589.130981	454.471985
53.639999	589.049988	454.428009
53.658001	589.161011	454.480988
53.629002	589.166016	454.403015
53.605999	589.124023	454.381989
53.658001	589.158997	454.463013
53.629002	589.164978	454.381012
53.662998	589.140015	454.489990
53.618999	589.135010	454.402008
53.682999	589.202026	454.480011
53.755001	589.106995	454.373993
53.675999	589.232971	454.493988
53.750999	589.111023	454.260986
53.716999	589.249023	454.471985
53.619999	589.182983	454.419006
53.648998	589.155029	454.442993
53.698002	589.268982	454.273987
53.687000	589.255981	454.311005
53.653999	589.257019	454.253998
53.650002	589.182007	454.441010
53.750999	589.168030	454.394989
53.326000	589.948975	454.230988
53.367001	589.898987	454.239990
53.665001	589.190002	454.460999
53.291000	589.973999	454.223999
53.804001	589.333984	454.341003
53.437000	589.770020	454.250000
53.460999	589.734009	454.260986
53.410000	589.724976	454.429993
53.341000	589.929993	454.234009
53.244999	589.778992	454.320007
53.226002	589.914978	454.360992
53.305000	589.956970	454.225006
53.672001	589.395996	454.307007
53.783001	589.184021	454.335999
53.259998	589.950012	454.247986
53.421001	589.807983	454.252991
53.383999	589.895020	454.131012
53.487000	589.859009	454.351013
53.310001	589.879028	454.252991
53.446999	589.749023	454.259003
53.381001	589.883972	454.242004
53.430000	589.734985	454.450012
53.465000	589.919983	454.401001
53.450001	589.809998	454.265991
53.307999	589.877991	454.346008
53.464001	589.893982	454.339996
53.470001	589.979980	454.419006
53.540001	589.681030	454.197998
53.462002	589.919983	454.359009
53.310001	589.856995	454.371002
53.455002	589.966003	454.398987
53.513000	589.825989	454.285004
53.495998	589.869995	454.335999
53.608002	589.870972	454.352997
53.571999	589.815979	454.334991
53.604000	589.869995	454.332001
53.289001	589.890991	454.321014
53.504002	589.818970	454.263000
53.653999	589.758972	454.191010
53.473999	589.874023	454.330994
53.495998	589.867981	454.329010
53.504002	589.817017	454.411011
53.502998	589.844971	454.359985
53.626999	589.781982	454.282990
53.673000	589.119019	454.501007
53.681000	589.226013	454.454010
53.500000	589.841980	454.404999
53.389999	589.866028	454.238007
53.667000	589.164978	454.501007
53.459999	589.945007	454.362000
53.258999	590.153015	454.246002
53.449001	590.434998	454.114990
53.257000	590.109009	454.220001
53.264999	590.085022	454.199005
53.251999	590.132019	454.237000
53.396000	590.447998	454.149994
53.394001	590.093018	454.226990
53.195999	590.057983	454.265991
53.223000	590.133972	454.247986
53.166000	590.114014	454.358002
53.180000	590.072021	454.283997
53.159000	590.109009	454.313995
53.181000	590.155029	454.312988
53.429001	590.000977	454.265015
53.172001	590.091980	454.292999
53.235001	590.062988	454.246002
53.261002	590.031006	454.197998
53.146999	590.125000	454.358002
53.499001	590.473022	454.128998
53.261002	590.057007	454.194000
53.417999	590.018982	454.371002
53.375999	590.067017	454.386993
53.256001	590.023987	454.221008
53.388000	590.023987	454.407013
53.244999	590.260010	454.264008
53.393002	590.054993	454.341003
53.823002	590.171021	454.062988
53.791000	590.174011	454.023010
53.853001	590.195007	454.102997
53.888000	590.221985	454.144989
53.421001	590.023010	454.307007
53.150002	590.127991	454.335999
53.841000	590.184021	454.083008
53.525002	590.380981	454.108002
53.641998	590.335022	454.113007
53.209999	590.151001	454.269012
53.535000	590.362976	454.118988
53.682999	590.341003	454.085999
53.502998	590.421997	454.195007
53.422001	590.103027	454.362000
53.564999	590.330017	454.233002
53.719002	590.374023	454.085999
53.713001	590.452026	454.128998
53.522999	590.494995	454.170990
53.759998	590.348022	454.041992
53.660999	590.494019	454.179993
53.416000	590.020020	454.368011
53.264999	590.005981	454.217987
53.402000	590.034973	454.321014
53.674999	590.476013	454.170013
53.539001	590.088989	454.277008
53.791000	590.427002	454.187012
53.527000	590.270996	454.231995
53.787998	590.341980	454.016998
53.683998	590.484985	454.459015
53.570000	590.335022	454.253998
53.723000	590.487976	454.437988
53.945000	590.265015	454.183990
53.998001	590.250000	454.329987
53.978001	590.405029	454.308014
53.778000	590.473022	454.018005
53.903000	590.432007	454.342010
53.212002	590.182007	454.269012
53.883999	590.447021	454.365997
53.848999	590.447021	454.371002
53.851002	590.448975	454.393005
53.868000	590.205994	454.126007
53.709999	590.419006	454.480011
53.889000	590.250000	454.433990
53.726002	590.695007	454.014008
53.643002	590.479980	454.493011
53.560001	590.325989	454.299011
53.487999	590.581970	454.156006
53.705002	590.533020	454.153015
53.866001	590.403992	454.434998
53.687000	590.747986	454.020996
53.886002	590.447021	454.436005
53.504002	590.510010	454.031006
53.828999	590.458984	454.385010
53.773998	590.765015	454.018005
53.672001	590.362000	454.532013
53.812000	590.531982	454.365997
53.750999	590.367981	454.556000
53.716999	590.687012	454.037994
53.639000	590.560974	454.493988
53.631001	590.638000	454.390015
53.634998	590.518982	454.503998
53.633999	590.530029	454.472992
53.750000	591.229980	454.367004
53.578999	590.039978	454.265991
53.568001	590.331970	454.276001
53.882000	590.275024	454.462006
53.507000	590.424988	454.153015
53.707001	590.505981	454.144012
53.612000	590.484009	454.515991
54.098999	590.947021	454.041992
53.660000	590.351013	454.554993
54.060001	590.974976	454.045990
54.103001	590.620972	454.233002
54.041000	590.958008	454.140991
54.286999	590.737000	454.028015
54.080002	590.138977	454.256989
54.116001	590.601013	454.234009
54.066002	590.679016	454.251007
54.061001	590.356018	454.263000
54.111000	590.745972	454.312012
54.063000	590.646973	454.273987
54.284000	590.767029	454.006012
54.081001	590.723022	454.268005
54.041000	590.958984	454.260010
54.289001	590.739990	454.098999
54.030998	590.979980	454.243011
54.153000	590.513000	454.230011
54.035000	590.362976	454.265015
54.040001	591.051025	454.332001
54.042999	591.020020	454.287994
54.896000	590.715027	453.838989
54.980999	590.875977	453.841003
54.978001	590.906982	453.838013
54.905998	590.786011	453.911987
54.952999	590.859009	453.868988
54.936001	590.705994	453.877991
54.945000	590.866028	453.895996
54.997002	590.952026	453.822998
54.980999	590.906982	453.863007
54.952000	590.856018	453.894012
55.026001	591.007996	453.807007
55.183998	591.059998	453.889008
55.019001	591.020996	453.828003
55.167000	591.176025	453.877014
55.098000	591.030029	453.886993
55.193001	591.133972	453.886993
55.064999	591.085999	453.790985
54.453999	590.807007	454.048004
54.890999	590.513000	454.042999
54.403000	591.075989	454.143005
54.498001	591.250977	454.165985
54.419998	591.280029	454.174011
54.419998	591.276978	454.149994
54.137001	591.289001	454.470001
54.109001	591.331970	454.459991
54.508999	591.950012	454.203003
54.646999	593.018005	453.811005
54.530998	592.799988	453.859009
54.480000	592.685974	453.980011
54.584999	592.310974	453.872986
54.470001	592.437988	453.890015
54.930000	592.513977	453.862000
54.539001	592.851013	453.902008
55.023998	592.479980	453.850006
54.916000	592.463013	453.924988
54.548000	592.445007	453.970001
54.797001	592.526001	453.889008
54.929001	592.711975	453.962006
54.750999	592.098999	454.166992
54.480999	592.942993	454.240997
54.368000	593.046021	454.334991
54.650002	592.284973	454.092987
54.484001	592.861023	454.287994
54.549999	592.703979	454.013000
54.914001	592.718994	454.037994
54.955002	592.682983	454.058990
54.907001	592.861023	454.192993
54.588001	592.117981	454.269012
54.590000	592.056030	454.296997
54.923000	592.874023	454.164001
54.632999	592.791992	454.007996
54.922001	592.895020	454.231995
54.935001	592.703003	454.062012
54.805000	592.874023	454.378998
54.842999	592.987000	454.213989
54.911999	592.866028	454.220001
54.792000	592.067017	454.196991
54.612999	592.211975	454.184998
54.500000	592.841980	454.421997
55.146000	592.380005	454.028992
54.347000	593.062012	454.362000
55.120998	592.765015	454.183014
55.162998	592.768982	454.175995
54.770000	592.617004	454.138000
55.129002	592.708008	454.157990
55.041000	592.685974	454.079010
54.823002	592.968994	454.243011
55.000999	592.687988	454.066986
54.487000	593.060974	454.291992
54.775002	590.374023	453.937988
54.691002	590.017029	453.929993
54.396000	589.760010	454.160004
54.555000	589.926025	454.046997
54.425999	589.755005	454.135010
54.446999	589.747009	454.131012
55.099998	589.979980	454.052002
55.152000	589.958008	454.104004
54.248001	590.500000	454.338989
54.266998	590.484985	454.286987
54.776001	590.020020	454.195007
54.368999	590.445007	454.356995
54.139999	590.302979	454.295990
54.345001	590.455994	454.322998
54.201000	590.520020	454.256012
55.036999	590.226990	454.441010
54.129002	590.323975	454.285004
55.055000	590.179993	454.454010
54.230999	590.515991	454.273010
54.130001	589.494019	454.187012
54.278000	589.388977	454.097992
54.306999	589.333008	454.098999
54.292999	589.374023	454.102997
54.377998	589.297974	454.128998
54.303001	589.354980	454.101990
53.981998	590.210022	454.433990
53.900002	590.398987	454.489990
54.077999	590.226990	454.359009
55.616001	592.664978	453.915985
55.738998	592.646973	453.944000
55.627998	592.586975	453.953003
55.557999	592.697021	453.903015
55.797001	592.698975	453.963989
55.801998	592.703003	453.992004
55.505001	592.681030	453.707001
55.693001	592.755981	453.901001
54.728001	593.065979	453.871002
55.206001	592.768982	454.157013
55.165001	592.765015	454.122009
55.465000	592.739990	454.128998
55.081001	592.806030	454.101013
55.278000	592.750977	454.071991
55.074001	593.010986	454.014008
58.078999	591.383972	458.825989
58.040001	591.354980	458.867004
58.035000	591.422974	458.931000
58.078999	591.380981	458.813995
58.044998	591.361023	458.834991
58.028000	591.349976	458.927002
58.075001	591.411987	458.899994
58.035000	591.443970	458.971008
58.265999	591.314026	458.882996
58.236000	591.476013	458.760010
58.268002	591.315002	458.950989
56.573002	591.515991	457.731995
56.619999	591.853027	457.875000
56.535000	591.377014	457.770996
56.876999	591.515015	457.980988
56.638000	591.484985	457.859985
56.894001	591.458008	457.981995
56.935001	591.487976	458.052002
56.345001	591.533020	458.339996
56.594002	591.681030	458.127014
56.314999	591.562988	458.493011
56.973999	591.521973	458.166992
56.960999	591.505981	458.115997
56.904999	591.471985	458.545013
56.956001	591.499023	458.085999
56.453999	591.479004	458.334015
57.082001	591.481995	458.407013
57.076000	591.510986	458.428986
57.060001	591.572021	458.536011
55.772999	590.697998	456.432007
55.754002	590.655029	456.423004
55.777000	590.669006	456.454010
55.743999	590.695984	456.425995
55.730999	590.635986	456.368011
55.737000	590.642029	456.394989
55.431999	590.995972	458.342010
55.995998	590.877991	458.181000
55.969002	590.895020	458.195007
55.841000	590.771973	458.414001
55.856998	590.942017	458.199005
55.846001	590.838989	458.410004
55.828999	590.799011	458.403015
55.825001	590.825989	458.377014
55.962002	590.919006	458.221008
55.919998	590.914001	458.229004
55.957001	590.916992	458.191986
55.852001	591.075012	458.463013
55.723000	591.005981	458.240997
55.514999	591.056030	458.239990
55.379002	591.138977	458.358002
55.499001	591.043030	458.134003
55.995998	590.945984	458.114014
55.826000	591.067017	458.364014
55.443001	591.065002	458.253998
55.924999	591.237000	458.526001
56.105000	590.981995	457.851990
56.119999	590.997986	457.985992
56.092999	590.978027	457.973999
56.294998	590.888000	457.822998
56.296001	590.921997	457.813995
56.044998	590.911011	457.975006
56.299000	590.859985	457.832001
56.310001	590.963989	457.796997
56.283001	590.880981	457.847992
56.268002	590.838013	457.855011
56.347000	591.052002	457.721985
56.332001	591.044006	457.747986
56.341999	591.130981	457.730011
56.349998	591.088989	457.703003
56.341999	591.081970	457.730011
56.321999	591.005005	457.765015
56.346001	591.153992	457.708008
56.351002	591.122986	457.713989
56.049000	590.914978	458.001007
56.090000	590.786011	458.040009
56.119999	590.799011	458.035004
56.070000	590.835999	458.006012
56.055000	590.822998	458.113007
56.087002	590.781982	458.010986
56.063000	590.862976	458.015991
56.018002	590.864014	458.149994
56.070000	590.801025	458.097992
56.076000	590.806030	458.016998
56.262001	590.898987	458.369995
56.398998	590.989014	458.324005
56.401001	590.958984	458.303009
56.035000	590.843994	458.144989
56.441002	590.888000	458.290985
56.432999	590.913025	458.290009
56.567001	590.968994	458.385010
56.306999	590.864014	458.287994
56.054001	591.036011	458.282013
56.223000	591.036011	458.475006
56.158001	591.008972	458.313995
56.129002	591.002991	458.016998
56.229000	591.034973	458.406006
56.394001	591.054993	458.351990
56.390999	591.020020	458.330994
56.402000	591.223999	458.377991
56.398998	591.187988	458.377991
56.396000	591.119019	458.373993
56.404999	591.002991	458.272003
56.393002	591.083984	458.363007
56.073002	591.140015	458.423004
56.409000	591.257019	458.256012
56.325001	591.068970	458.553009
56.228001	591.570984	458.556000
56.405998	591.158997	458.385986
56.241001	591.538025	458.528015
55.241001	591.166016	458.447998
58.216999	591.393982	458.579987
58.344002	591.398010	458.705994
58.353001	591.439026	458.776001
58.313000	591.377014	458.665009
58.307999	591.341003	458.766998
56.188999	590.390015	457.350006
56.203999	590.362000	457.381012
56.195000	590.377991	457.385986
56.834999	590.270020	457.475006
56.904999	590.276978	457.441010
56.179001	590.361023	457.265991
56.991001	590.281006	457.472992
56.250999	590.387024	457.511993
56.922001	590.288025	457.416992
56.283001	590.406982	457.574005
56.960999	590.278992	457.394989
56.271999	590.429016	457.566010
56.247002	590.382019	457.484009
56.416000	590.476990	457.596985
56.341000	590.413025	457.546997
56.303001	590.450989	457.657013
56.374001	590.431030	457.606995
56.946999	590.286011	457.497986
56.292999	590.445007	457.627014
56.310001	590.421021	457.717010
56.300999	590.416016	457.660004
56.307999	590.452026	457.710999
56.466999	590.456970	457.645996
56.320000	590.427979	457.774994
56.306000	590.450989	457.683014
56.289001	590.409973	457.601990
56.981998	590.302002	457.408997
56.439999	590.439026	457.612000
56.282001	590.437988	457.596008
56.312000	590.421997	457.744995
56.432999	590.468994	457.869995
56.324001	590.461975	457.826996
56.292999	590.411987	457.631989
56.317001	590.487000	457.845001
56.438999	590.409973	457.882996
56.584999	590.473999	457.596008
56.695999	590.494019	457.559998
56.306000	590.421997	457.691010
56.740002	590.338013	457.580994
56.581001	590.466003	457.647003
56.548000	590.473999	457.630005
56.724998	590.362976	457.634003
56.476002	590.276978	457.967987
56.528000	590.465027	457.654999
56.612999	590.481995	457.679993
56.230000	590.401978	457.531006
56.332001	590.471008	457.752991
56.486000	590.469971	457.931000
56.313999	590.487000	457.790009
56.683998	590.434021	457.710999
56.456001	590.387024	457.895996
56.632999	590.494019	457.713013
56.306999	590.482971	457.815002
56.991001	590.330017	457.600006
56.758999	590.317993	457.701996
56.488998	590.502991	457.661011
56.770000	590.263000	457.750000
56.729000	590.367004	457.606995
56.793999	590.275024	457.501007
56.303001	590.508972	457.842010
56.279999	590.687012	457.872986
56.310001	590.507996	457.821991
56.965000	590.312988	457.566986
56.290001	590.598022	457.867004
56.488998	590.504028	457.690002
56.290001	590.565979	457.859985
56.292999	590.599976	457.897003
56.776001	590.296997	457.505005
56.567001	590.487976	457.690002
56.754002	590.346985	457.536987
56.304001	590.544006	457.872986
56.679001	590.494019	457.704987
56.300999	590.539978	457.843994
56.487000	590.343994	457.947998
56.397999	590.539001	457.950989
56.394001	590.599976	457.980011
56.375000	590.526978	457.915985
56.763000	590.322021	457.536011
56.429001	590.557007	457.987000
56.368000	590.552979	457.901001
56.386002	590.596008	457.949005
56.347000	590.505981	457.880005
56.272999	590.713989	457.877991
56.292000	590.630981	457.876007
56.280998	590.625977	457.901001
56.272999	590.807983	457.851990
56.703999	590.505981	457.737000
56.283001	590.658020	457.877991
56.778000	590.523010	457.734985
56.730999	590.557007	457.936005
56.300999	590.572998	457.890991
56.702999	590.570984	457.977997
56.789001	590.624023	457.856995
56.800999	590.958984	457.712006
56.694000	590.502991	457.989014
56.888000	590.684021	457.792999
56.800999	590.989990	457.690002
56.791000	590.591980	457.864990
56.858002	590.601013	457.886993
56.883999	590.715027	457.798004
56.796001	590.919983	457.734985
56.928001	590.609985	457.739990
56.875999	590.742981	457.808990
56.813000	590.866028	457.800995
56.560001	590.533020	457.701996
57.327999	590.168030	457.475006
56.287998	590.755005	457.888000
56.731998	590.718994	457.954010
56.801998	590.859985	457.766998
56.888000	590.552979	457.958008
56.868999	590.671997	457.933990
57.214001	590.296021	457.330994
57.115002	590.304993	457.316010
57.443001	590.166992	457.498993
56.849998	590.822021	457.834991
57.207001	590.335022	457.459991
57.175999	590.304993	457.304993
57.428001	590.190002	457.450012
57.008999	590.275024	457.407013
57.171001	590.304016	457.276001
57.183998	590.341980	457.500000
57.076000	590.155029	457.542999
57.332001	590.169006	457.503998
57.030998	590.289001	457.352997
57.070999	590.090027	457.643005
57.147999	590.354004	457.463013
56.278999	590.781982	457.880005
57.323002	590.135010	457.473999
57.242001	590.343994	457.578003
56.817001	590.835022	457.798004
56.963001	590.700012	457.817993
57.122002	590.809998	457.819000
57.048000	590.202026	457.526001
57.341999	590.174011	457.535004
57.375000	590.388000	457.503998
57.320999	590.099976	457.587006
57.397999	590.370972	457.569000
57.022999	590.250000	457.522003
57.375999	590.388000	457.476990
57.438000	590.197021	457.580994
57.230000	590.400024	457.362000
57.021999	590.721008	457.756989
56.383999	591.034973	457.556000
57.145000	590.809021	457.920990
57.154999	590.775024	457.710999
57.452000	590.156982	457.548004
57.021000	590.768005	457.852997
56.389000	591.146973	457.694000
57.412998	590.924988	457.998993
57.331001	589.950012	458.464996
57.332001	589.979004	458.355988
57.355000	589.958984	458.441986
56.408001	590.388000	458.069000
56.428001	590.369995	458.053986
56.827999	590.359985	458.203003
56.737000	590.494019	458.237000
56.687000	590.495972	458.044006
56.950001	590.241028	458.158997
56.936001	590.294983	458.216003
56.874001	590.322998	458.200012
56.891998	590.301025	458.196991
56.780998	590.426025	458.221008
56.997002	590.203003	458.153015
56.824001	590.419006	458.196991
56.935001	590.263977	458.157013
56.758999	590.489990	458.174011
56.888000	590.427002	458.184998
56.951000	590.492981	458.272003
56.430000	590.559998	458.042999
56.396000	590.414978	458.102997
56.845001	590.338013	458.197998
56.762001	590.445007	458.212006
56.458000	590.578979	458.023010
56.743000	590.466980	458.237000
56.472000	590.682983	458.247009
56.422001	590.338013	458.059998
56.799999	590.375977	458.190002
56.935001	590.453003	458.140991
56.917000	590.442993	458.162994
56.485001	590.645020	458.071991
56.393002	590.599976	458.036987
56.499001	590.603027	458.087006
56.713001	590.481018	458.434998
56.478001	590.655029	458.256012
56.473999	590.682983	458.276001
56.467999	590.713989	458.252014
56.467999	590.744995	458.257996
56.491001	590.791992	458.273987
56.456001	590.799988	458.287994
56.464001	590.744019	458.286011
56.495998	590.630981	458.200989
56.455002	590.864014	458.300995
56.456001	590.830994	458.291992
56.473999	590.715027	458.283997
56.463001	590.773010	458.294006
56.362000	590.802002	458.304993
56.500000	590.635010	458.119995
56.374001	590.781006	458.354004
56.582001	590.625000	458.229004
56.383999	590.754028	458.382996
56.561001	590.609985	458.082001
56.618000	590.612976	458.102997
56.605000	590.606995	458.240997
56.508999	590.609009	458.121002
56.723000	590.551025	458.248993
56.345001	590.857971	458.381012
56.726002	590.520996	458.225006
56.553001	590.638000	458.217987
56.569000	590.596985	458.028015
56.695999	590.599976	458.125000
56.661999	590.607971	458.242004
56.958000	590.596008	458.062012
56.636002	590.624023	458.221008
56.686001	590.559021	458.343994
56.702000	590.593994	458.372986
56.660999	590.607971	458.212006
56.499001	590.633972	458.148010
56.667999	590.580994	458.376007
56.682999	590.557007	458.372009
56.693001	590.562988	458.290009
56.680000	590.588013	458.234985
56.834999	590.588989	458.056000
56.687000	590.560974	458.402008
56.696999	590.568970	458.233002
56.692001	590.562012	458.316986
56.505001	590.638977	458.177002
56.759998	590.966003	458.261993
56.518002	590.809021	458.338013
56.536999	590.789001	458.421997
56.679001	590.427979	458.592010
56.601002	590.893005	458.299988
56.558998	590.861023	458.253998
56.747002	590.478027	458.682007
56.964001	590.762024	458.401001
56.702000	590.536011	458.502014
56.553001	590.637024	458.187012
56.693001	590.499023	458.532990
56.705002	590.539001	458.558990
56.542000	590.757019	458.531006
56.694000	590.567017	458.260010
56.698002	590.533997	458.673004
56.702999	590.507019	458.622009
56.654999	590.635986	458.428986
56.995998	590.695007	458.393005
56.646999	590.945007	458.332001
56.706001	590.539001	458.589996
56.702999	590.505981	458.799988
56.712002	590.513000	458.770996
56.716000	590.544983	458.737000
57.243000	590.968994	458.011993
56.722000	590.518005	458.717010
57.028000	590.158997	458.139008
57.013000	590.182007	458.143005
57.082001	590.317993	458.225006
57.043999	590.106018	458.045013
57.215000	590.137024	458.216003
57.272999	590.107971	458.243988
56.720001	590.518982	458.744995
57.249001	590.158020	458.253998
57.168999	590.174988	458.045013
57.118000	590.177002	458.069000
56.893002	590.817993	458.375000
57.320999	590.004028	458.302002
57.313000	590.034973	458.276001
57.270000	590.458984	458.127991
56.534000	590.788025	458.450012
57.258999	590.228027	458.449005
57.033001	590.132019	458.102997
57.036999	590.484985	458.316010
57.102001	590.458984	458.321991
57.054001	590.494019	458.350006
57.166000	590.463989	458.388000
56.729000	590.520996	458.688995
57.325001	590.197021	458.480011
57.321999	590.327026	458.303986
57.292000	590.374023	458.316986
57.271000	590.166016	458.320007
57.319000	590.388977	458.354004
57.355999	590.314026	458.451996
57.451000	590.427979	458.347992
57.318001	590.325012	458.333008
57.182999	590.450989	458.352997
57.514999	590.109985	458.264008
57.320999	590.916992	458.019989
56.672001	590.392029	458.648010
57.123001	590.533997	458.078003
57.283001	590.174988	458.352997
57.537998	590.059998	458.226013
57.377998	590.130981	458.063995
57.007999	590.570007	458.003998
57.005001	590.625977	458.135010
57.254002	590.125977	458.238007
57.174999	590.468994	458.421997
57.395000	590.929993	458.048004
57.275002	590.854980	458.078003
57.456001	590.731018	458.221008
57.356998	590.966980	458.070007
57.470001	590.706970	458.246002
57.348000	590.979980	458.148010
57.053001	590.653992	458.263000
57.296001	590.867981	458.112000
56.683998	590.463989	458.567993
57.339001	590.827026	458.191010
57.352001	590.408020	458.393005
57.048000	590.651001	458.290985
57.272999	590.359985	458.282013
57.064999	590.499023	458.294006
57.376999	590.953003	458.066010
57.185001	590.536987	458.497009
57.365002	590.945007	458.210999
57.064999	590.726990	458.259003
57.438999	590.854004	458.364990
57.006001	590.658997	458.372009
57.417000	590.974976	458.256989
57.268002	590.851013	458.044006
57.353001	590.935974	458.389008
57.173000	590.793030	458.467010
57.021000	590.698975	458.394012
57.324001	590.887024	458.269012
57.507999	590.200989	458.127014
57.544998	590.614014	458.467987
57.433998	590.750977	458.210999
57.209999	590.486023	458.609985
57.001999	590.721008	458.441010
57.501999	590.825012	458.347992
57.397999	590.895020	458.510986
57.556999	590.588013	458.378998
57.243999	590.635986	458.546997
57.535999	590.612000	458.433990
57.206001	590.486023	458.638000
57.493000	590.098022	458.173004
57.283001	590.333984	458.270996
57.488998	590.684021	458.276001
57.074001	590.507019	458.385010
57.575001	590.598999	458.414001
57.273998	590.690002	458.587006
57.258999	590.679016	458.674011
57.075001	590.668030	458.505005
57.222000	590.593018	458.515015
57.590000	590.911987	458.657013
57.466000	590.768982	458.462006
57.404999	590.867981	458.326996
57.250999	590.672974	458.639008
57.102001	590.650024	458.542999
56.838001	591.080017	458.136993
56.943001	591.182983	458.261993
56.889000	591.013977	458.260986
57.577000	590.901001	458.589996
56.778999	591.109009	458.479004
57.287998	590.598022	458.588013
56.821999	591.104980	458.169006
56.666000	591.302979	458.394012
56.999001	591.392029	458.438995
56.988998	591.245972	458.386993
56.743000	591.151001	458.588013
56.716999	591.338013	458.527008
56.971001	591.101990	458.287994
56.776001	591.156982	458.648010
56.778000	591.142029	458.656006
56.956001	591.127014	458.282990
56.957001	591.364990	458.760986
57.213001	591.638000	458.447998
56.977001	591.341980	458.648987
57.396999	591.044983	458.217010
56.780998	591.142029	458.627014
56.990002	591.213989	458.364014
57.132999	591.067017	458.320007
56.777000	591.142029	458.566010
56.977001	591.273010	458.417999
57.152000	591.116028	458.496002
57.138000	591.091980	458.421997
57.389000	591.026001	458.187012
57.307999	591.250000	458.425995
57.209999	591.184998	458.279999
57.068001	591.388977	458.393005
57.285999	591.237000	458.329010
57.051998	591.322998	458.346008
56.980000	591.377991	458.614990
57.016998	591.403992	458.471985
57.085999	591.413025	458.410004
57.120998	591.094971	458.397003
57.146999	591.138000	458.281006
57.452999	591.377014	458.259003
57.324001	591.278015	458.467010
57.693001	591.388000	458.220001
57.436001	591.382019	458.287994
57.090000	591.453979	458.433014
57.006001	591.393982	458.347992
57.264999	591.254028	458.272003
57.308998	591.429993	458.328003
57.709000	591.224976	458.175995
57.568001	591.239014	458.192993
56.842999	591.150024	458.584015
57.647999	591.187012	458.191010
57.584000	591.213989	458.204987
56.876999	591.140991	458.601990
57.638000	591.247986	458.247009
57.591999	591.187988	458.188995
57.548000	591.091003	458.136993
57.803001	591.458008	458.183990
57.577999	591.208984	458.149994
57.326000	591.392029	458.263000
57.307999	591.387024	458.290009
57.764000	591.221985	458.463013
57.793999	591.458984	458.061005
57.738998	591.104004	458.294006
57.734001	591.099976	458.355011
57.846001	591.309021	458.217010
57.536999	591.492004	458.339996
57.828999	591.471985	458.127991
57.090000	591.416992	458.441986
57.987000	591.395020	458.403015
57.518002	591.280029	458.237000
57.717999	591.159973	458.457001
57.666000	591.405029	458.246002
57.535999	591.463989	458.320007
57.839001	591.325012	458.287994
57.882000	591.366028	458.295013
57.758999	591.575012	458.213989
57.153000	591.598999	458.493988
57.924999	591.393005	458.334991
57.790001	591.520020	458.205994
57.398998	591.557983	458.324005
57.527000	591.530029	458.442993
57.301998	591.244995	458.365997
57.750999	591.604004	458.217010
57.030998	591.377014	458.635986
57.023998	591.442017	458.696014
57.779999	591.802979	458.260986
57.826000	591.905029	458.328003
57.502998	591.549011	458.476990
57.652000	591.450989	458.558014
57.741001	591.171997	458.557007
57.640999	591.783997	458.372986
57.820000	591.151001	458.661011
57.773998	591.726990	458.233002
57.542999	591.419983	458.683990
57.851002	591.101013	458.729004
57.786999	591.484985	458.183014
57.762001	591.405029	458.562988
57.044998	591.388000	458.610992
57.863998	591.143005	458.700012
57.679001	591.239014	458.584015
57.703999	591.357971	458.566010
57.890999	591.088989	458.902008
57.303001	591.005981	458.631989
57.758999	591.218994	458.777008
57.921001	591.210999	458.761993
57.897999	591.093018	458.936005
57.681000	591.486023	458.846985
57.567001	591.450012	458.821991
57.665001	591.299988	458.873993
57.737000	591.205994	458.863007
57.784000	591.552002	458.209991
57.324001	591.573975	458.381989
57.796001	591.205017	458.697998
57.664001	591.333008	458.996002
57.897999	591.025024	458.799011
57.217999	591.166016	458.246002
57.265999	591.603027	458.519989
57.493000	591.606018	458.708008
57.580002	591.851990	458.507996
57.242001	591.625000	458.536987
57.365002	591.565979	458.528015
57.888000	591.348022	458.558014
57.473000	591.637024	458.843994
57.483002	591.604980	458.809998
57.831001	591.297974	458.803986
57.543999	591.578003	458.674988
57.550999	591.794983	458.570007
57.757000	591.252991	458.502014
57.701000	591.547974	458.695007
57.812000	591.250977	458.760986
57.709999	591.507996	458.717010
57.568001	591.557007	458.671997
57.533001	591.533997	458.567993
57.268002	591.640015	458.575012
57.445000	591.616028	458.520996
57.717999	591.263977	458.847992
57.691002	591.528992	458.825989
57.688999	591.530029	458.888000
57.955002	591.129028	458.727997
58.073002	591.411987	458.481995
58.036999	591.426025	458.446991
58.119999	591.405029	458.533997
55.792000	590.598999	456.194000
55.062000	589.981995	455.752014
55.075001	589.963013	455.639008
55.040001	589.997986	455.773010
55.481998	589.965027	455.987000
55.445999	589.999023	455.980988
55.064999	589.997986	455.638000
54.987000	589.963989	455.747009
55.016998	589.950989	455.566010
55.466999	589.982971	455.984985
55.501999	589.948975	455.994995
55.005001	589.947021	455.725006
55.639999	589.918030	455.989014
54.993000	590.054016	455.750000
55.209000	590.051025	455.722992
55.188999	590.043030	455.722992
55.216000	590.057007	455.747986
54.985001	590.018005	455.757996
55.084999	590.143005	455.760010
55.030998	590.049011	455.782990
55.060001	590.096985	455.803009
55.095001	590.033020	455.799988
55.009998	590.005981	455.770996
55.049000	590.059998	455.809998
55.049999	590.031006	455.796997
55.123001	590.107971	455.862000
55.133999	590.028992	455.807007
55.122002	590.080017	455.851013
55.040001	590.073975	455.855988
55.129002	590.054993	455.826996
55.087002	590.085999	455.837006
55.192001	590.090027	455.826996
55.125000	590.140015	455.855988
55.090000	590.059021	455.825012
55.027000	590.075989	455.773987
55.241001	590.237976	455.816986
55.084000	590.114014	455.898987
55.159000	590.073975	455.855988
55.131001	590.171997	455.833008
55.191002	590.065002	455.606995
55.089001	590.145996	455.782013
55.159000	590.192017	455.862000
55.105999	590.013977	455.781006
55.051998	590.090027	455.945007
55.095001	590.120972	455.828003
55.220001	590.127014	455.701996
55.120998	590.109009	455.910004
55.224998	590.106995	455.755005
55.175999	590.059998	455.931000
55.159000	590.073975	455.902008
55.146000	590.098022	455.899994
55.174999	590.057007	455.907013
55.195000	590.041992	455.912994
55.226002	590.031006	455.933990
55.063999	590.099976	455.970001
55.162998	590.080017	455.927002
55.181000	590.060974	455.954010
55.109001	590.013000	455.997986
55.183998	590.062012	455.881012
55.113998	590.164001	455.808014
55.140999	590.093018	455.875000
55.214001	590.025024	455.981995
55.155998	590.101990	455.927002
55.229000	590.241028	455.890015
55.275002	590.020020	455.931000
55.321999	590.038025	455.970001
55.221001	590.059021	455.890991
55.405998	590.023987	455.889008
55.112999	590.103027	455.888000
55.311001	590.163025	455.807007
55.279999	590.184998	455.959991
55.178001	590.086975	455.954010
55.068001	590.101990	455.924011
55.196999	590.041016	455.937988
55.203999	590.046997	455.987000
55.356998	590.033020	455.968994
55.270000	590.333984	455.872009
55.272999	590.328979	455.867004
55.223999	590.271973	455.885010
55.157001	590.075989	455.880005
55.268002	590.294983	455.908997
55.285000	590.216980	455.949005
55.276001	590.270996	455.942993
55.380001	590.260986	455.862000
55.261002	590.288025	455.859985
55.373001	590.307983	455.990997
55.519001	590.291016	455.989014
55.417000	590.291992	455.966003
55.294998	590.296997	455.964996
55.131001	590.143005	455.878998
55.242001	590.017029	455.981995
55.305000	590.231018	455.976990
55.432999	590.224976	455.966003
55.254002	590.288025	455.884003
55.254002	590.007996	455.951996
55.249001	590.250977	455.917999
55.266998	590.325012	455.893005
55.271999	590.296997	455.838013
54.990002	589.991028	456.028992
55.088001	589.942017	456.092010
55.129002	589.887024	456.140991
55.476002	589.854980	456.110992
55.720001	589.940002	456.032013
55.659000	589.728027	456.442993
55.618999	589.760986	456.437988
55.678001	589.960999	456.058990
55.616001	589.817017	456.437988
55.609001	589.784973	456.434998
55.667999	589.934021	456.092987
55.341999	589.963013	457.046997
55.587002	589.942993	456.445007
55.382999	589.875977	457.066010
55.428001	589.987976	456.972992
55.640999	589.775024	456.467010
55.367001	589.806030	457.105011
55.680000	589.942017	456.042999
55.373001	589.924011	457.134003
55.234001	589.950989	457.160004
55.376999	589.956970	457.036011
55.262001	589.968994	457.138000
55.292999	589.963013	457.089996
55.643002	589.719971	456.467987
55.604000	589.867004	456.441986
55.292999	589.965027	457.049988
55.391998	589.994995	457.080994
55.382999	589.931030	457.113007
55.723999	590.523010	456.063995
55.042000	590.026978	456.010986
54.987999	590.020020	456.041992
55.402000	590.385010	456.096008
55.237999	590.012024	456.032013
55.233002	590.038025	456.080994
55.244999	590.044983	456.131012
55.297001	590.010986	456.049988
55.250999	590.020996	456.131012
55.266998	590.002991	456.062988
55.241001	590.013977	456.054993
54.981998	590.044006	456.011993
55.372002	590.244995	456.092010
54.986000	590.017029	456.018005
55.368000	590.213989	456.045013
55.254002	590.021973	456.153992
55.437000	590.226990	456.102997
55.316002	590.065979	456.164001
55.355000	590.205017	456.019012
55.242001	590.015991	456.105988
55.289001	590.018005	456.238007
55.278999	590.010986	456.039001
55.217999	590.028015	456.031006
55.316002	590.005981	456.234985
55.270000	590.059998	456.182007
55.277000	590.039001	456.231995
55.271999	590.033020	456.207001
55.408001	590.028015	456.220001
55.224998	590.062988	456.037994
55.292999	590.077026	456.234009
55.271999	590.005005	456.161011
55.426998	590.250000	456.122986
55.396999	590.263000	456.118988
55.388000	590.284973	456.109009
55.369999	590.315002	456.071014
55.445000	590.293030	456.151001
55.389000	590.197998	456.045990
55.431999	590.357971	456.079987
55.407001	590.299988	456.135986
55.272999	590.062988	456.207001
55.408001	590.392029	456.148987
55.396999	590.351990	456.078003
55.334000	590.015991	456.261993
55.459999	590.333984	456.164001
55.264000	590.028992	456.181000
55.403000	590.323975	456.127014
55.383999	590.344971	456.101990
55.396000	590.229980	456.095001
55.284000	590.041992	456.255005
55.326000	590.101990	456.265991
55.305000	590.028015	456.289001
55.379002	590.367981	456.118011
55.369999	590.038025	456.364014
55.353001	590.028992	456.315002
55.344002	590.023010	456.286987
55.341999	590.052002	456.367004
55.265999	590.002991	456.110992
55.320000	590.039001	456.312988
55.347000	590.056030	456.390015
55.408001	590.052979	456.326996
55.480000	590.419006	456.128998
55.360001	590.064026	456.416992
55.382999	590.049988	456.415009
55.395000	590.057983	456.467010
55.283001	590.012024	456.212006
55.331001	590.043030	456.338989
55.391998	590.060974	456.286011
55.390999	590.081970	456.494995
55.404999	590.062012	456.493011
55.379002	590.103027	456.467010
55.386002	590.080017	456.471008
55.339001	590.078979	456.385010
55.333000	590.073975	456.360992
55.297001	590.021973	456.260986
55.375000	590.044983	456.391998
55.452999	590.359985	456.154999
55.317001	590.062012	456.332001
55.625000	590.450989	456.070007
55.540001	590.463013	456.128998
55.390999	590.054993	456.441010
55.540001	590.328979	456.105011
55.556000	590.437012	456.218994
55.591999	590.422974	456.204010
55.709000	590.440002	456.204010
55.324001	590.103027	456.346985
55.396000	590.133972	456.428986
55.362999	590.033997	456.338989
55.310001	590.057007	456.308990
55.514000	590.081970	456.477997
55.706001	590.499023	456.242004
55.653000	590.392029	456.018005
55.514999	590.340027	456.181000
55.692001	590.581970	456.170990
55.604000	590.502014	456.130005
55.533001	590.083984	456.471985
55.542000	590.031006	456.437988
55.687000	590.544983	456.234985
55.599998	590.505981	456.208008
55.693001	590.497009	456.153015
55.689999	590.549988	456.261993
55.386002	590.107971	456.489990
55.654999	590.525024	456.208008
55.700001	590.585022	456.255005
55.701000	590.586975	456.308014
55.699001	590.525024	456.260986
55.521999	590.383972	456.028992
55.660999	590.552002	456.212006
55.549999	590.007996	456.441986
55.713001	590.593994	456.334015
55.720001	590.567017	456.316986
55.702000	590.559021	456.289001
55.471001	590.075012	456.475006
55.397999	590.117981	456.516998
55.430000	590.080017	456.545990
55.417000	590.101013	456.549011
55.389000	590.138000	456.518005
55.569000	590.437988	456.192993
55.402000	590.090027	456.522003
55.673000	590.505005	456.231995
55.430000	590.135010	456.548004
55.491001	590.086975	456.600006
55.723999	590.601990	456.363007
55.426998	590.107971	456.575012
55.460999	590.166016	456.608002
55.415001	590.067993	456.520996
55.484001	590.409973	456.541992
55.529999	590.318970	456.158997
55.466999	590.130981	456.656006
55.442001	590.083984	456.572998
55.466999	590.427979	456.557007
55.417999	590.215027	456.523987
55.479000	590.109985	456.654999
55.391998	590.138000	456.506989
55.474998	590.374023	456.536011
55.485001	590.143005	456.686005
55.453999	590.122986	456.631012
55.455002	590.094971	456.600006
55.463001	590.101013	456.627991
55.428001	590.135010	456.975006
55.498001	590.122009	456.707001
55.474998	590.145996	456.696991
55.416000	590.453979	456.666992
55.424000	590.460022	456.640991
55.455002	590.461975	456.597992
55.452000	590.447021	456.588989
55.483002	590.286987	456.782990
55.445999	590.049011	456.950989
55.445000	590.117981	456.601990
55.444000	590.262024	456.524994
55.196999	590.453003	456.960999
55.356998	590.474976	456.846985
55.507000	590.247009	456.542999
55.504002	590.098022	456.654999
55.439999	590.482971	456.669006
55.377998	590.458984	456.821014
55.487000	590.117004	456.679993
55.534000	590.471985	456.515015
55.520000	590.104980	456.579010
55.414001	590.481018	456.852997
55.551998	590.117981	456.579987
55.484001	590.083984	456.875000
55.530998	590.114990	456.731995
55.542000	590.124023	456.584015
55.500999	590.096008	456.628998
55.511002	590.129028	456.734009
55.526001	590.111023	456.708008
55.584999	590.158997	456.682007
55.511002	590.101990	456.678986
55.428001	590.372986	456.813995
55.630001	590.127991	456.716003
55.530998	590.192993	456.790985
55.608002	590.221985	456.833008
55.500999	590.122009	456.808014
55.539001	590.236023	456.589996
55.605000	590.218994	456.847992
55.591000	590.210999	456.855011
55.537998	590.182007	456.713989
55.709999	590.203003	456.824005
55.505001	590.153992	456.713989
55.594002	590.155029	456.868988
55.528000	590.257019	456.595001
55.529999	590.171997	456.769012
55.625999	590.195984	456.782990
55.598999	590.229004	456.929993
55.478001	590.375000	456.816010
55.660999	590.168030	456.901001
55.501999	590.124023	456.936005
55.654999	590.283997	456.834015
55.556000	590.190979	456.796997
55.567001	590.588989	456.593994
55.613998	590.284973	456.830994
55.585999	590.268005	456.571014
55.605000	590.218994	456.881012
55.528999	590.320007	456.819000
55.507999	590.283020	456.621002
55.679001	590.239990	456.877991
55.504002	590.007019	456.959991
55.455002	590.065002	457.049011
55.515999	590.163025	456.739014
55.400002	590.031006	457.010986
55.694000	589.934021	457.135986
55.665001	589.874023	457.164001
55.748001	589.924988	457.205994
55.744999	589.952026	457.148987
55.676998	589.851990	457.328003
55.744999	589.809021	457.397003
55.674000	589.849976	457.302002
55.713001	589.789978	457.441010
55.792999	589.864014	457.248993
55.750999	589.812988	457.375000
55.765999	589.820007	457.350006
55.750999	589.870972	457.265991
55.698002	589.841003	457.299011
55.720001	589.791016	457.416992
55.756001	589.755981	457.393005
55.693001	589.862000	457.359009
55.769001	589.791992	457.371002
55.750000	589.841003	457.319000
55.730999	589.973999	457.085999
55.666000	590.168030	456.927002
55.745998	590.189026	456.925995
55.632999	590.239014	456.964996
55.613998	590.489014	456.864990
55.641998	590.213989	456.984985
55.655998	590.252991	456.994995
55.664001	590.263000	456.932007
55.659000	590.192993	456.984985
55.745998	590.132019	457.056000
55.683998	590.213013	457.040985
55.740002	590.158020	457.053009
55.689999	590.275024	457.053009
55.667000	590.200012	457.011993
55.811001	590.504028	457.364014
55.752998	590.044983	457.053009
55.841999	590.041016	457.158997
55.674999	590.237000	457.045013
55.689999	590.244995	457.072998
55.733002	590.015991	457.091003
55.682999	590.270996	457.023010
55.812000	590.021973	457.127014
55.720001	590.203979	457.067993
55.715000	590.200989	457.039001
55.848999	590.047974	457.188995
55.730999	590.299011	457.097992
55.742001	590.189026	457.054993
55.708000	590.195007	457.011993
55.860001	590.263977	457.154999
55.910000	590.283997	457.041992
55.852001	590.226013	457.179993
55.875999	590.271973	457.186005
55.868999	590.361023	457.183990
55.660999	590.226013	457.014008
55.659000	590.273010	457.011993
55.688999	590.275024	457.075989
55.916000	590.299988	457.244995
55.897999	590.286011	457.217010
55.778000	590.242004	457.102997
55.862000	590.260986	457.045013
55.875000	590.364014	457.212006
55.916000	590.239014	457.428009
55.894001	590.312988	457.231995
55.854000	590.317993	457.174988
55.868999	590.359009	457.191010
55.714001	590.442993	457.316986
55.861000	590.294006	457.199005
55.863998	590.268005	457.074005
55.521000	590.343018	457.483002
55.745998	590.431030	457.296997
55.804001	590.322998	457.113007
55.851002	590.379028	457.266998
55.553001	590.458008	457.480011
55.865002	590.296997	457.355988
55.585999	590.466003	457.342010
55.890999	590.343994	457.313995
55.918999	590.361023	457.376007
55.907001	590.354004	457.343994
55.980000	590.354004	457.304993
55.799999	590.283997	457.139008
55.521000	590.354980	457.454010
55.924999	590.333984	457.263000
55.979000	590.307007	457.282990
55.820999	590.479980	457.338989
55.609001	590.492004	457.516998
55.766998	590.437012	457.226990
55.803001	590.409973	457.281006
55.537998	590.367004	457.378998
55.923000	590.120972	457.471008
55.792000	590.161011	457.609985
55.827000	590.179993	457.539001
55.847000	590.104004	457.619995
55.800999	590.137024	457.644012
55.869999	590.148010	457.691986
55.852001	590.245972	457.472992
55.941002	590.315002	457.278015
55.804001	590.135010	457.670013
55.542999	590.481995	457.523010
55.786999	590.125000	457.615997
55.784000	590.427002	457.283997
55.505001	590.362976	457.522003
55.858002	590.198975	457.523010
55.860001	590.262024	457.390991
55.997002	590.317993	457.315002
55.984001	590.374023	457.515015
55.999001	590.351990	457.502991
55.820999	590.177002	457.566010
55.948002	590.375977	457.278992
55.969002	590.331970	457.309998
56.021000	590.333008	457.346985
56.077999	590.340027	457.355988
56.090000	590.346008	457.386993
56.028999	590.333008	457.186005
56.005001	590.354004	457.342010
56.175999	590.395020	457.355011
56.115002	590.364014	457.417999
56.199001	590.383972	457.494995
56.080002	590.369995	457.411987
56.051998	590.351013	457.377014
56.094002	590.427979	457.403992
56.167000	590.364014	457.433990
56.132999	590.375000	457.447998
56.026001	590.393982	457.320007
56.178001	590.437988	457.500000
56.049000	590.382019	457.380005
56.012001	590.330017	457.556000
56.018002	590.455994	457.403015
56.178001	590.370972	457.463989
56.321999	590.335022	457.936005
56.243999	590.663025	457.950012
56.222000	590.681030	457.946014
56.235001	590.705994	457.901001
56.157001	590.732971	457.990997
56.203999	590.702026	457.950989
56.131001	590.783997	457.933990
56.139000	590.752014	457.985992
56.264000	590.643982	457.901001
56.115002	590.770020	457.997986
56.110001	590.768005	458.026001
56.224998	590.809021	458.234009
56.169998	590.804016	458.208008
56.029999	590.744995	458.441010
56.066002	590.736023	458.290009
56.345001	590.697021	458.429993
56.074001	590.741028	458.265015
56.035999	590.747986	458.388000
56.181999	590.747986	458.274994
56.373001	590.716003	458.408997
56.034000	590.747986	458.415985
56.335999	590.849976	458.407990
56.320000	590.807983	458.286011
54.222000	589.627014	455.031006
54.151001	589.465027	454.958008
54.199001	589.468018	454.967987
54.147999	589.486023	454.972992
54.165001	589.421021	454.928009
54.212002	589.453003	454.950989
54.123001	589.552002	454.838013
54.167999	589.577026	454.868988
54.166000	589.445984	454.946991
54.252998	589.478027	454.993011
54.223000	589.486023	454.989990
54.240002	589.469971	454.972992
54.173000	589.478027	454.980988
54.313999	589.491028	454.972992
54.155998	589.572021	454.882996
54.106998	589.534973	454.808990
54.138000	589.534973	454.944000
54.308998	589.487000	454.997009
54.145000	589.510986	454.973999
54.132000	589.504028	454.953003
54.167999	589.554016	454.985992
54.164001	589.552002	454.963989
54.175999	589.583984	454.924011
54.171001	589.528015	454.996002
54.118999	589.523010	454.920990
54.160000	589.575012	454.904999
54.160999	589.586975	454.945007
54.146999	589.567017	454.859009
54.367001	589.526001	454.951996
54.172001	589.504028	454.993988
54.223000	589.625000	454.951996
54.544998	589.617981	454.934998
54.220001	589.617004	454.970001
54.610001	589.632019	454.972992
54.696999	589.690002	454.997009
54.709000	589.755005	454.929993
54.453999	589.583984	454.927002
54.674000	589.703003	454.955994
54.298000	589.620972	454.947998
54.439999	589.517029	454.933990
54.443001	589.570007	454.947998
54.242001	589.497986	455.036011
54.264999	589.487000	455.015991
54.617001	589.703003	454.911987
54.242001	589.630981	454.945007
54.243000	589.495972	455.011993
54.445000	589.523010	454.774994
54.701000	589.315979	455.416992
54.264999	589.487976	455.037994
54.816002	589.333008	455.372009
54.750000	589.374023	455.368011
54.311001	589.492004	455.016998
54.683998	589.330017	455.453003
54.750000	589.344971	455.376007
54.207001	589.499023	455.023010
54.548000	589.486023	455.356995
54.862999	589.255005	455.424988
54.776001	589.469971	455.386993
54.736000	589.388977	455.369995
54.212002	589.554993	455.058990
54.152000	589.518982	455.037994
54.167999	589.552979	455.028992
54.858002	589.280029	455.407990
54.132999	589.531006	455.050995
54.283001	589.533020	454.958008
54.183998	589.591980	455.033997
54.174000	589.583984	455.056000
54.199001	589.523987	455.036011
54.207001	589.500000	455.002991
54.209999	589.502014	455.066010
54.186001	589.593994	455.014008
54.608002	589.468994	455.343994
54.359001	589.521973	455.039001
54.581001	589.478027	455.375000
54.271999	589.544006	455.088013
54.257999	589.507019	455.058014
54.171001	589.570007	455.029999
54.179001	589.557983	455.114014
54.187000	589.515015	455.014008
54.299999	589.510986	455.059998
54.456001	589.614014	455.009003
54.348000	589.596008	455.154999
54.402000	589.549988	455.174011
54.320999	589.523010	455.079987
54.292999	589.528992	455.078003
54.226002	589.512024	455.045013
54.375999	589.614990	455.178009
54.165001	589.526001	455.018005
54.388000	589.594971	455.191010
54.171001	589.502014	455.059998
54.448002	589.552002	455.201996
54.250000	589.556030	455.079987
54.436001	589.547974	455.182007
54.498001	589.557983	455.197998
54.480000	589.575989	455.248993
54.379002	589.562012	455.170990
54.396999	589.573975	455.194000
54.410000	589.638000	455.203003
54.491001	589.690002	455.272003
54.408001	589.580017	455.216003
54.417000	589.559998	455.195007
54.433998	589.598022	455.237000
54.376999	589.533020	455.459991
54.474998	589.651978	455.282013
54.441002	589.653992	455.222992
54.361000	589.523010	455.062988
54.436001	589.570984	455.217010
54.486000	589.570984	455.067993
54.423000	589.588989	455.416992
54.220001	589.565002	455.080994
54.407001	589.607971	455.212006
54.401001	589.603027	455.437012
54.504002	589.562012	455.131012
54.562000	589.572998	455.221985
54.591000	589.591980	455.312988
54.417999	589.642029	455.446991
54.557999	589.703003	455.203003
54.685001	589.645996	455.166992
54.511002	589.596985	455.292999
54.525002	589.671021	455.096985
54.591999	589.568970	455.247986
54.612000	589.575012	455.182007
54.610001	589.604004	455.334015
54.367001	589.580994	455.166992
54.452000	589.585022	455.398010
54.660999	589.609985	455.317993
54.618000	589.627991	455.282990
54.577999	589.612976	455.334015
54.530998	589.663025	455.329010
54.544998	589.562012	455.265991
54.541000	589.559998	455.242004
54.516998	589.624023	455.308014
54.557999	589.598999	455.312988
54.653999	589.607971	455.339996
54.535000	589.692017	455.329010
54.554001	589.703979	455.350006
54.548000	589.565979	455.286987
54.570999	589.687988	455.376007
54.563000	589.629028	455.338989
54.601002	589.659973	455.270996
54.537998	589.640991	455.332001
54.576000	589.637024	455.046997
54.380001	589.643005	455.459015
54.611000	589.659973	455.408997
54.543999	589.617981	455.316010
54.601002	589.708984	455.399994
54.648998	589.606018	455.364990
54.566002	589.629028	455.362000
54.729000	589.695007	455.382996
54.734001	589.749023	455.295990
54.609001	589.632019	455.381012
54.546001	589.669983	455.354004
54.590000	589.619019	455.359985
54.742001	589.690979	455.477997
54.616001	589.744995	455.423004
54.747002	589.695007	455.453003
54.834000	589.747986	455.355988
54.675999	589.700989	455.457001
54.683998	589.627014	455.386993
54.647999	589.713013	455.450989
54.629002	589.700989	455.424988
54.723000	589.677979	455.428986
54.699001	589.716003	455.483002
54.671001	589.781006	455.468994
54.668999	589.809998	455.436005
54.796001	589.804993	455.371002
54.707001	589.827026	455.316986
54.681999	589.789978	455.492004
54.626999	589.752014	455.398010
54.699001	589.744995	455.498993
54.665001	589.750000	455.470001
54.402000	589.711975	455.522003
54.672001	589.674988	455.428986
54.709000	589.806030	455.518005
54.612999	589.742004	455.375000
54.777000	589.739014	455.524994
54.688000	589.630005	455.274994
54.688999	589.763977	455.496002
54.959999	589.911011	455.470001
54.692001	589.822998	455.480988
54.841000	589.752991	455.380005
54.778000	589.737000	455.434998
54.727001	589.763977	455.523010
54.730000	589.822021	455.541992
54.408001	589.716003	455.566986
54.750999	589.862976	455.553009
54.737000	589.853027	455.529999
54.737000	589.796021	455.545013
54.742001	589.718018	455.502014
54.844002	589.783997	455.484009
54.820999	589.799011	455.511993
54.734001	589.742004	455.505005
54.801998	589.755981	455.552002
54.766998	589.815979	455.569000
54.775002	589.908020	455.524994
54.783001	589.773010	455.553986
54.861000	589.817017	455.401001
54.770000	589.929993	455.549011
54.785000	589.802979	455.570007
54.759998	589.784973	455.548004
54.759998	589.898010	455.498993
54.667999	589.807007	455.367004
54.750999	589.835022	455.566986
54.792999	589.947021	455.526001
54.765999	589.898987	455.545990
54.763000	589.760010	455.529999
54.727001	589.846008	455.506012
54.714001	589.781006	455.519012
54.818001	589.408020	455.977997
54.825001	589.802002	455.579010
54.771000	589.848999	455.588989
54.780998	589.828003	455.591003
54.800999	589.812988	455.593994
54.765999	589.929993	455.571991
54.769001	589.875977	455.578003
54.806999	589.841980	455.618011
54.761002	589.927002	455.595001
54.851002	589.844971	455.619995
54.768002	589.903992	455.592010
54.766998	589.901001	455.571014
54.891998	589.869995	455.645996
54.875000	589.971008	455.531006
54.825001	589.882019	455.639008
54.852001	589.901001	455.664001
54.962002	589.901978	455.583008
54.773998	589.877991	455.602997
54.847000	589.869995	455.641998
54.784000	589.911011	455.618988
54.880001	589.890991	455.669006
54.834000	589.919006	455.651001
54.962002	589.919983	455.697998
54.882000	589.979980	455.692993
54.945000	589.906982	455.673004
54.877998	589.947998	455.700989
54.828999	589.942993	455.644989
54.790001	589.862000	455.615997
54.957001	589.945007	455.721008
54.875000	589.916992	455.688995
54.852001	589.958008	455.670013
54.959999	589.763000	455.987000
54.917000	589.914001	455.695007
54.756001	589.952026	455.562988
55.070999	589.354004	455.975006
54.869999	589.997986	455.625000
54.925999	589.979980	455.727997
54.966000	589.976990	455.743988
54.797001	589.893005	455.627991
54.852001	589.927979	455.675995
54.908001	589.939026	455.713989
54.894001	590.013977	455.651001
54.931999	590.013000	455.720001
54.882999	590.005981	455.671997
54.633999	589.169983	456.128998
54.806999	589.221985	456.035004
54.708000	589.291016	456.015015
54.814999	589.174011	456.062988
54.459000	589.614014	456.252014
54.719002	589.273987	456.023010
54.639000	589.200989	456.083008
54.716000	589.323975	456.007996
54.551998	589.460999	456.183990
54.708000	589.481018	456.213989
54.808998	589.382996	456.061005
54.792999	589.450989	456.016998
54.692001	589.281006	456.126007
54.575001	589.554993	456.106995
54.574001	589.633972	456.066986
54.563999	589.601990	456.082001
54.999001	589.551025	456.029999
54.764000	589.169006	456.075989
54.794998	589.398987	456.053986
54.687000	589.307007	456.139008
54.826000	589.635010	456.056000
54.997002	589.578003	456.014008
54.428001	589.596008	456.269012
54.582001	589.668030	456.062012
54.689999	589.255981	456.157990
54.812000	589.653992	456.102997
54.901001	589.627014	456.212006
54.973999	589.702026	456.035004
54.835999	589.666992	456.058990
54.650002	589.934021	456.220001
54.681999	589.901001	456.162994
54.990002	589.601013	456.024994
54.534000	589.505005	456.123993
54.848999	589.984985	456.096985
54.880001	589.752991	456.096008
54.980999	589.929993	456.032990
54.543999	589.560974	456.191010
54.903000	589.656006	456.144989
54.813000	589.515991	456.026001
54.754002	589.947021	456.126007
54.824001	589.364014	456.070007
54.555000	589.567993	456.308014
54.943001	589.664978	456.056000
54.639000	589.703979	456.483002
54.949001	589.799011	456.054993
54.687000	589.905029	456.279999
54.631001	589.728027	456.433014
54.662998	589.940979	456.243011
54.966000	589.866028	456.032013
54.973999	589.898010	456.039001
54.888000	589.645020	456.282990
54.931000	589.812988	456.048004
54.978001	589.676025	456.032990
54.828999	589.914001	456.333008
54.669998	589.919983	456.213989
54.537998	589.883972	456.467987
54.556999	589.870972	456.416992
54.636002	589.814026	456.369995
54.668999	589.864990	456.308990
54.820000	589.934998	456.467987
54.984001	589.960022	456.032013
54.604000	589.846008	456.362000
54.990002	589.877991	456.438995
54.712002	589.921997	456.332001
54.957001	589.635986	456.268005
54.844002	589.702026	456.088989
54.756001	589.978027	456.438995
54.720001	589.981018	456.462006
54.792000	589.947998	456.489990
55.160000	589.349976	456.002991
55.097000	589.395996	456.040985
55.099998	589.312988	456.114014
55.118999	589.382019	456.022003
55.085999	589.254028	456.221008
54.674999	589.893982	456.255005
55.153999	589.348022	456.023987
54.794998	589.948975	456.466003
54.548000	589.890991	456.536987
55.019001	589.510986	456.013000
55.236000	589.340027	456.049988
55.133999	589.281982	456.157013
55.029999	589.489990	456.023010
55.166000	589.543030	456.092010
55.098999	589.284973	456.157013
55.183998	589.336975	456.000000
54.844002	589.783997	456.252991
54.806000	589.927002	456.321991
55.028000	589.903992	456.420990
54.551998	589.893982	456.516998
55.036999	589.468018	456.032013
55.029999	589.379028	456.178009
55.160999	589.543030	456.114990
55.061001	589.562988	456.009003
54.888000	590.010010	456.075989
54.957001	590.030029	456.033997
54.959999	590.030029	456.058014
53.747002	589.093994	454.459015
53.763000	589.106018	454.477997
53.702000	589.093018	454.484985
53.881001	589.034973	454.434998
53.866001	589.049011	454.416992
53.877998	589.224976	454.463013
53.817001	589.143005	454.497009
53.830002	589.125977	454.459015
53.931000	589.041016	454.464996
53.840000	589.168030	454.476013
53.965000	589.341980	454.496002
53.917999	589.291016	454.468994
53.709000	589.242981	454.490997
53.820000	589.119019	454.481995
53.744999	589.117981	454.523987
53.709000	589.119995	454.522003
53.740002	589.263977	454.552002
53.695999	589.161011	454.531006
53.709999	589.143982	454.540009
53.695000	589.135010	454.519989
53.689999	589.106995	454.502991
53.730000	589.132019	454.541992
53.688999	589.182983	454.520996
53.674000	589.146973	454.511993
53.701000	589.239990	454.511993
53.710999	589.221985	454.540985
53.710999	589.171021	454.550995
53.742001	589.142029	454.563995
53.693001	589.208984	454.501007
53.723999	589.153992	454.561005
53.727001	589.181030	454.571014
53.828999	589.148010	454.526001
53.730999	589.234985	454.561005
53.696999	589.213013	454.520996
53.737000	589.114014	454.502991
53.744999	589.166992	454.580994
53.721001	589.205017	454.559998
53.758999	589.125977	454.544006
53.708000	589.192993	454.540009
53.709999	589.245972	454.535004
53.742001	589.190979	454.591003
53.838001	589.205017	454.621002
53.852001	589.187012	454.579987
53.877998	589.181030	454.545990
53.876999	589.181030	454.566986
53.816002	589.164978	454.562988
53.766998	589.184998	454.598999
53.799000	589.202026	454.618011
53.797001	589.177979	454.600006
53.955002	589.229980	454.623993
53.910000	589.203979	454.605011
53.808998	589.234009	454.627014
53.736000	589.213013	454.579987
53.841999	589.245972	454.571991
53.923000	589.234009	454.639008
53.955002	589.132019	454.604004
53.896000	589.242981	454.636993
53.971001	589.244019	454.644012
53.772999	589.161987	454.580994
53.938999	589.244995	454.660004
53.903000	589.250000	454.660004
53.800999	589.255005	454.618011
53.799999	589.306030	454.589996
53.861000	589.364014	454.562988
53.768002	589.210022	454.608002
53.898998	589.219971	454.621002
53.841999	589.310974	454.638000
53.939999	589.374023	454.584015
53.764000	589.283997	454.571014
53.833000	589.252014	454.648010
53.827999	589.325012	454.609985
53.785000	589.244019	454.600006
53.869999	589.252014	454.656006
53.806999	589.283997	454.618988
53.863998	589.322021	454.660004
53.887001	589.185974	454.584991
53.823002	589.280029	454.665985
53.821999	589.271973	454.638000
53.863998	589.197021	454.601990
53.759998	589.254028	454.579987
53.896999	589.294983	454.687988
53.896999	589.268005	454.678009
53.858002	589.294006	454.660004
53.926998	589.262024	454.678009
53.948002	589.254028	454.679993
53.787998	589.275024	454.601013
53.859001	589.361023	454.640991
53.894001	589.343018	454.679993
53.925999	589.312988	454.705994
53.886002	589.310974	454.678009
53.838001	589.229004	454.636993
53.932999	589.343994	454.717987
53.999001	589.309998	454.739014
53.971001	589.294983	454.718994
53.963001	589.362976	454.738007
53.972000	589.317017	454.737000
53.943001	589.273010	454.700989
53.945000	589.302002	454.718994
53.923000	589.286011	454.696014
53.917000	589.333008	454.699005
53.944000	589.325989	454.726013
53.938999	589.375977	454.718994
53.908001	589.377014	454.628998
53.931999	589.387024	454.737000
53.959000	589.413025	454.687988
53.965000	589.338989	454.747009
53.916000	589.361023	454.700989
53.978001	589.424011	454.731995
53.919998	589.385010	454.648010
53.985001	589.353027	454.766998
53.980999	589.375000	454.759003
53.950001	589.406982	454.712006
53.966999	589.395020	454.739014
53.986000	589.445007	454.707001
53.977001	589.270996	454.701996
54.000000	589.387024	454.782013
53.999001	589.260986	454.664001
53.938000	589.400024	454.670013
53.990002	589.408020	454.760010
53.991001	589.333008	454.759003
53.994999	589.424988	454.790985
53.870998	589.278992	454.665985
53.918999	589.408997	454.649994
53.951000	589.484985	455.216003
53.859001	589.398010	455.229004
53.759998	589.302002	455.243988
53.910000	589.456970	455.237000
53.985001	589.505981	455.195007
53.903000	589.450012	455.257996
53.952000	589.505005	455.244995
54.043999	589.408020	454.578003
54.132000	589.400024	454.596008
54.000000	589.416992	454.638000
54.048000	589.291016	454.686005
54.009998	589.294006	454.720001
54.028000	589.356018	454.800995
54.056999	589.322998	454.763000
54.057999	589.349976	454.803009
54.030998	589.304993	454.740997
54.089001	589.343994	454.803009
54.019001	589.325012	454.760986
54.014999	589.427002	454.802002
54.129002	589.372986	454.845001
54.007999	589.421997	454.779999
54.021000	589.379028	454.808990
54.106998	589.458008	454.673004
54.060001	589.463013	454.716003
54.033001	589.463013	454.795013
54.007999	589.341980	454.778015
54.076000	589.362000	454.821991
54.023998	589.405029	454.821991
54.049999	589.422974	454.842987
54.088001	589.369995	454.845001
54.005001	589.367981	454.787994
54.083000	589.338989	454.783997
54.060001	589.403992	454.851013
54.064999	589.380005	454.841003
54.021000	589.456970	454.772003
54.116001	589.361023	454.824005
54.006001	589.393005	454.800995
54.033001	589.439026	454.822998
54.095001	589.375977	454.864014
54.047001	589.447021	454.843994
54.063999	589.458008	454.864990
54.074001	589.492981	454.856995
54.040001	589.340027	454.782013
54.048000	589.484009	454.787994
54.061001	589.481995	454.834991
54.007999	589.445007	454.751007
54.083000	589.495972	454.880005
54.041000	589.390015	454.829987
54.112000	589.463989	454.929993
54.094002	589.427002	454.894012
54.084000	589.393005	454.864014
54.083000	589.468994	454.885986
54.049999	589.481995	454.867004
54.098999	589.405029	454.885010
54.075001	589.439026	454.885010
54.144001	589.406006	454.907013
54.126999	589.396973	454.885986
54.119999	589.497009	454.928986
54.130001	589.478027	454.949005
54.130001	589.421997	454.903992
54.063999	589.431030	454.865997
54.103001	589.484985	454.910004
54.146000	589.434998	454.928009
54.050999	589.473999	454.813995
54.101002	589.455994	454.907990
54.138000	589.456970	454.936005
54.077999	589.414978	454.872009
54.099998	589.507996	454.898987
54.116001	589.440002	454.915009
54.124001	589.504028	454.977997
54.102001	589.544006	454.881989
54.139999	589.379028	454.865997
54.048000	589.369019	454.821991
54.088001	589.565979	455.115997
53.465000	589.153015	454.501007
53.346001	589.223022	454.522003
53.069000	589.463989	454.596008
53.069000	589.487000	454.647003
53.098999	589.494019	454.552002
53.740002	589.166016	455.286011
53.712002	589.117981	455.214996
53.728001	589.083008	455.274994
53.685001	589.101990	455.243011
53.720001	589.080017	455.252014
53.701000	589.065002	455.355011
53.676998	589.072998	455.326996
53.778000	589.015991	455.312012
53.651001	589.130981	455.294006
53.667999	589.190002	455.265991
53.637001	589.172974	455.286011
53.724998	589.255981	455.259003
53.680000	589.229004	455.289001
53.756001	589.150024	455.287994
53.669998	589.070007	455.346985
53.620998	589.059998	455.407013
53.671001	589.294983	455.295990
53.761002	589.031006	455.273010
51.997002	588.434998	451.231995
52.000999	588.416016	451.178986
51.914001	588.432007	451.057007
52.005001	588.419983	451.083008
51.914001	588.432007	451.057007
51.997002	588.434998	451.231995
52.005001	588.419983	451.083008
52.000999	588.416016	451.178986
51.910000	588.445007	450.977997
51.921001	588.419006	450.906006
52.113998	588.317017	451.278015
52.049999	588.322998	451.178986
52.101002	588.263000	451.100006
