38
62
12
0
0
20
117
0
0
7
24
0
0
20
0
7
39
0
7
12
0
60
0
38
0
26
0
39
0
52
0
7
7
62
0
7
0
39
0
0
51
0
98
12
39
48
0
2208
0
7
0
0
0
3415
0
4
3484
0
38
4
0
38
0
38
0
3484
0
0
48
0
0
48
2212
70
62
0
106
0
0
0
0
0
0
0
0
0
0
91
0
0
0
0
0
0
0
0
0
0
0
0
0
0
0
0
0
0
0
0
0
0
0
0
0
0
0
0
0
0
0
0
0
88
0
0
0
0
133
155
133
3634
0
0
3740
0
137
204
0
0
3714
0
0
0
196
196
0
1764
160
0
0
0
0
0
193
0
3599
0
0
186
0
0
0
0
153
253
131
186
0
0
186
0
232
0
185
0
0
0
0
0
186
253
0
186
185
0
0
0
0
140
253
278
214
0
264
0
0
0
0
0
194
263
201
0
0
0
0
0
259
1504
0
203
0
0
0
0
0
0
0
0
1729
136
201
0
0
245
0
1796
0
0
0
0
0
0
0
0
185
0
249
186
245
0
0
0
0
155
0
0
0
0
0
0
0
0
125
0
244
3662
0
3594
0
0
215
0
0
0
0
0
3664
0
193
196
282
277
0
204
0
0
215
0
0
0
3684
214
0
144
0
0
2169
2169
2169
2214
0
2195
639
639
2195
639
0
639
2195
639
639
674
639
639
639
630
639
2195
2200
2116
540
563
563
540
540
580
580
540
540
612
540
580
580
540
612
580
540
674
612
674
612
612
580
612
612
563
563
2087
563
589
563
2087
580
2087
2087
580
580
580
589
589
622
622
563
589
612
589
563
977
589
622
622
757
580
2116
622
2087
612
879
728
622
612
879
2087
2087
801
612
612
612
622
612
612
612
622
612
612
801
630
612
612
580
612
674
639
674
639
674
674
612
639
639
639
674
612
725
674
612
630
725
674
674
967
725
674
612
725
674
952
674
639
674
952
725
725
725
952
904
725
728
730
622
1003
728
734
907
801
877
622
757
622
757
612
622
757
904
879
907
904
879
904
622
612
801
967
904
725
630
612
630
952
952
952
967
952
674
904
904
952
674
639
630
1049
630
630
825
639
630
630
630
639
952
1049
630
1123
630
725
725
1064
2195
612
540
540
540
540
540
540
639
639
2195
2195
639
725
639
639
2195
639
2195
2195
0
0
0
0
507
177
0
0
0
0
0
507
521
0
0
0
977
2116
540
612
563
563
580
2087
540
540
580
589
580
580
540
540
612
0
612
580
540
580
540
612
540
580
540
674
540
612
674
612
2116
540
612
563
580
612
563
612
0
563
2087
563
745
2116
540
612
589
563
2087
580
2087
820
2087
580
580
0
589
622
1060
589
622
622
563
589
0
589
757
612
2116
589
563
563
977
589
2087
622
622
757
580
2116
622
2087
612
879
728
622
622
0
879
2087
2087
801
622
801
612
612
612
0
612
612
612
622
612
612
801
0
589
612
612
580
612
540
639
540
0
674
639
540
674
639
639
639
639
639
639
674
639
639
540
674
639
725
725
674
639
674
639
630
612
639
639
725
639
639
674
977
2195
639
725
0
612
674
630
639
725
725
725
725
725
725
674
725
612
674
725
725
630
725
674
725
674
674
725
967
725
674
612
674
725
674
952
1001
674
674
639
674
725
674
952
674
725
977
725
725
757
967
952
820
904
757
0
820
725
0
674
0
622
1003
728
0
728
757
734
1693
734
745
825
734
757
827
0
907
825
1239
801
1003
877
801
1241
622
757
622
0
612
622
757
1693
757
879
745
904
879
801
907
801
757
904
879
801
757
877
904
630
589
879
907
2108
1241
801
622
801
904
622
612
622
907
622
879
622
904
904
622
801
801
904
967
0
904
904
904
725
904
725
904
630
725
820
820
877
904
904
907
820
757
825
0
904
1060
612
820
0
1693
0
1031
877
1239
820
630
745
825
907
879
827
820
1031
1239
825
745
1693
801
734
1241
879
879
879
801
757
907
904
801
801
801
907
1241
801
879
879
877
907
907
622
801
879
879
825
877
879
877
879
879
879
1287
0
1241
0
757
977
907
879
801
879
1178
904
1241
907
977
977
879
904
977
801
904
1178
907
952
952
904
977
879
0
904
952
0
967
904
977
1299
801
612
952
674
904
630
1178
904
967
952
952
904
952
904
952
904
674
952
674
904
952
1343
967
1178
977
967
952
904
967
952
952
967
952
1001
725
967
904
630
967
904
0
1178
967
904
967
967
977
967
967
1178
967
1001
952
1001
967
0
977
967
1365
967
967
1409
904
1001
1343
0
1343
1630
967
1343
904
1178
904
1365
1343
1001
977
1343
1001
967
977
1365
952
1001
1001
1178
977
1178
1001
0
1365
0
2200
952
967
2195
2195
639
1365
2200
2214
630
1103
2195
2200
1343
2195
1031
1049
630
2195
630
630
2169
1060
2195
2195
630
1049
0
1067
1049
1365
2200
825
2200
1031
639
1049
1071
630
630
630
1049
639
1103
2200
0
630
1103
952
1049
630
1049
1049
1123
1083
1049
0
1049
630
1064
0
1067
1071
0
1071
1103
1071
0
1680
725
725
1691
1678
1049
630
1680
1064
1703
1060
0
630
630
1703
1064
1083
1060
725
2195
1067
1103
1064
1049
1083
1083
725
1060
1083
1680
725
0
1067
1703
1691
1001
1680
1703
1691
1060
1001
1720
1083
1083
630
1123
1071
1722
1696
977
1001
0
1049
1178
820
728
1001
1696
820
820
1221
820
745
1693
745
1001
1239
1221
1421
1156
1693
730
1227
1064
907
825
877
745
1693
1001
1419
1001
1287
1156
0
801
879
1241
757
1241
879
1178
907
907
1241
1178
801
1287
1287
1001
820
904
801
1502
1241
1713
0
734
1241
877
1241
1241
907
1299
1287
1241
825
1287
1178
622
1178
1241
1241
1287
1287
1527
1463
1287
1527
1527
1241
827
904
1241
1422
1209
1071
0
1221
1071
1239
1422
1287
820
1227
1299
1494
1693
1775
0
1698
1287
1869
1869
1693
0
1299
1241
1494
1209
1422
1227
1287
1299
1241
1239
1178
0
622
0
904
1178
1693
1287
1287
1241
1287
1241
1299
1299
1287
1422
1287
877
801
1287
1287
1299
1463
1287
1299
1241
1287
1299
1299
1241
1527
1287
1241
1287
1527
1241
1422
1287
1299
1241
1241
1241
1502
1287
1587
1463
1299
1299
1287
0
1343
1343
1299
967
1299
1299
967
904
1343
622
904
0
1343
1343
977
1343
1343
1527
1001
977
977
1365
1001
1365
1001
1343
1287
1365
1343
1001
1573
1573
1343
1178
1178
1409
1409
952
1573
904
1409
1343
1343
1343
1365
904
977
1409
1573
1178
1365
977
1001
1365
1343
0
1178
1573
1573
1573
1178
1343
1365
904
1573
1573
1343
1573
1365
1573
1365
1409
1365
1573
1365
1409
1573
0
1527
1409
1409
1365
1409
904
1409
1573
1573
1409
977
967
1630
1630
1178
1644
1573
1630
1573
1573
1409
1573
1409
1178
1365
1409
1343
1241
1422
1630
1971
1573
1365
1775
1573
1573
1227
1693
1239
1227
1421
1502
1227
0
1859
1365
1869
1227
1241
1885
1209
1422
1775
0
1299
0
0
1775
1421
1241
1502
1463
1823
1287
1299
1422
977
1287
1463
1241
1299
1463
1299
1463
1241
1287
1299
1287
1812
1287
1463
1823
1241
1463
1463
1812
1422
1241
1241
1463
1299
1365
1241
1698
1494
1823
1241
0
1463
1527
1812
1823
1299
1527
1812
1823
1823
1502
1299
1299
1587
1502
1587
1812
1812
1502
1502
1868
1227
1868
1587
1587
1885
1495
1419
0
1716
1587
0
0
1587
1463
1864
1495
1823
1463
0
1463
0
1527
1716
2054
1587
1463
1463
1463
1527
1463
1812
1463
1812
1812
1812
1775
1644
1812
1241
1812
1887
1812
1812
0
1812
1887
1729
1463
1887
1463
1463
1812
1812
1812
1527
1527
1812
1823
1812
1823
1812
1644
1494
1644
1812
1644
1573
1573
1527
1527
1527
1644
1573
1527
1422
1527
1573
1409
1527
1409
1630
1409
1573
1630
1573
1644
1527
1630
1365
0
1001
1573
1573
1409
1343
1644
1573
1365
1365
1343
1365
1630
1573
0
1573
1573
1630
1630
1644
1409
1630
1630
1644
1644
1630
1630
1630
1644
1001
1630
1527
1644
1630
1630
1644
1343
1644
1644
1527
1971
1573
1365
1644
1630
1812
1527
1644
1644
1644
1630
1644
1630
1644
1644
1644
1644
0
1644
1971
1644
1644
1644
1630
1971
977
1644
1971
1343
1676
1971
0
1644
1676
1630
1676
1644
1630
1676
2025
1644
1630
1630
1630
1676
1644
1630
1630
1630
1644
1644
1644
1676
1644
1971
1409
1049
1644
1630
1365
734
1678
1678
0
1748
0
1749
0
1630
1971
1759
1698
1971
1630
1698
1691
1680
1693
0
1676
0
1049
1676
0
1365
0
1049
1001
1676
1365
0
1239
1421
1693
1001
1680
1365
1680
1693
1693
0
1748
1365
0
1067
1759
1365
0
1722
0
2036
2660
1001
1678
0
1748
0
1001
1103
1680
1729
1757
1756
0
0
133
0
1491
1757
0
1680
1680
259
1001
1676
0
0
2660
0
1504
2053
0
0
0
0
2660
0
0
0
1365
3606
0
3683
1001
3606
2758
131
0
0
0
2025
1775
0
1587
2380
1775
1421
1775
1864
1775
1996
1775
1421
2402
1887
2474
1864
1812
1587
1587
1887
2465
1887
0
1873
1890
1502
1775
1887
1812
1887
1996
1491
1644
1812
1644
1812
1812
2406
0
1887
1502
2406
1887
1890
1812
1812
1887
2406
1812
0
1823
1890
1812
1463
1890
1890
1775
1644
1812
1887
1823
1890
1463
1812
1823
1644
1890
1890
1587
1587
1502
1812
1812
1494
1890
1812
2482
1587
1890
2474
1644
1868
1494
1823
2406
0
1491
1755
1775
2482
0
1419
2731
2461
0
0
1890
2406
1890
0
1587
2406
2482
2476
1823
1823
1890
1996
1890
2406
2406
0
1504
0
1502
1890
0
1996
1890
1996
2697
1812
1887
1890
2406
1890
1887
2380
1890
1887
1887
1887
1890
1890
1644
2406
1890
1823
1890
1996
1996
1587
2406
2433
2406
2476
1676
2586
1527
1864
0
1996
1890
1644
1971
1676
2406
2433
1971
2025
1890
1644
1527
1971
1971
1996
1644
1971
1527
1421
2556
1676
1676
1644
1971
1365
2433
2860
1971
2025
1676
1644
2025
1676
1644
1996
1971
1676
1644
2025
2025
1644
1971
1996
1971
2025
2036
0
2025
2036
1996
2072
1365
1996
1996
1644
1812
2025
2433
1644
2433
1812
1644
1971
1996
1971
2586
1996
1996
1971
2025
1971
0
1996
1971
1996
2025
2556
2556
1996
1996
2433
2025
1996
2025
1971
2025
1996
2025
1996
2586
2025
2587
1996
2025
2556
2025
2036
2807
2556
1971
0
2025
2556
1996
2807
2025
2025
2587
2025
2036
2556
0
2587
2556
2036
2587
2556
2556
2025
2067
2025
1887
2662
2406
2482
2406
2025
1739
0
0
193
194
0
2661
2054
155
1739
1676
215
1751
0
1748
0
0
3208
1757
0
0
0
2054
0
2170
2169
589
589
540
580
589
589
580
540
589
0
580
580
540
589
589
639
639
540
540
639
639
540
540
540
540
540
540
540
2116
2108
0
825
2116
2116
2116
563
2116
0
0
563
563
563
622
2087
563
563
2087
2087
563
2116
563
563
728
757
757
563
1064
1064
1071
2108
734
2116
3581
0
2246
1049
2195
2200
2169
2170
2200
1890
2195
2184
0
2195
2195
0
2200
725
2200
2200
2195
639
2195
2170
1049
2195
2195
2200
0
0
0
630
2169
2200
2195
2195
2195
2195
2195
2200
2200
725
2195
639
0
639
2200
2195
0
0
2200
0
86
0
639
0
2195
2195
2170
0
0
0
0
2200
0
290
0
52
0
0
2255
0
0
2234
0
3404
0
2216
2219
0
0
2321
2234
0
0
0
0
2246
2299
0
2246
0
0
0
0
0
86
0
0
89
2211
0
0
2184
0
2152
0
2677
2269
0
0
0
0
2299
2269
0
0
105
0
0
0
2269
2265
3409
3507
0
0
0
2216
0
2281
0
3459
3589
2286
0
0
0
0
2267
0
0
2281
0
2275
2219
0
0
2269
0
2732
2732
2299
2368
0
0
2299
0
2732
0
2275
0
0
2732
2251
2330
0
0
0
0
0
2294
0
2341
2358
2299
2329
0
0
0
0
0
2330
0
2329
0
0
0
2299
0
0
0
0
0
0
0
0
0
0
0
2234
0
2345
0
0
0
2246
0
0
2345
2344
2345
0
2329
0
0
0
0
0
2341
0
0
0
2341
0
0
2332
0
0
2336
0
0
0
0
0
2025
2036
2476
1502
2482
0
1502
2474
2465
0
2461
2402
2461
2697
2406
2476
2476
2476
2433
2807
2406
2730
2433
2476
2406
2406
1887
0
1996
1823
1823
0
2476
2406
2433
1502
1996
2433
1502
2725
2476
2697
2476
2476
1996
2433
2433
2725
2758
2406
2433
2433
2697
1996
2725
1775
1823
2433
0
1502
2384
1775
1996
2402
2662
2697
2586
2402
2749
2406
3081
3043
2984
2476
2071
2433
2465
2476
2476
2476
2697
2465
2476
2476
2461
2433
0
3207
2433
1890
0
2760
2697
2586
2586
2476
2476
2586
2476
0
2586
0
2697
2758
2586
2406
2758
0
2476
2758
2433
2433
2586
2476
2697
2586
2406
2586
2725
2586
0
2433
2586
2476
1812
2758
1890
2716
2779
2779
1996
1859
0
2779
1859
1996
2433
2807
2807
2854
2586
2586
2476
1996
2586
2586
2807
1890
2697
2854
2433
2807
2433
2433
2807
2854
2807
2025
2025
2556
2779
2556
2556
2025
2957
2587
2556
2556
2556
2556
2587
2587
2556
2807
2556
1630
2556
2758
2556
2556
2556
0
2556
2897
2807
2556
2807
2036
2587
2957
2025
2807
2556
2860
2897
2807
2854
2587
2036
2804
2860
2807
2556
2860
2779
2860
2556
2433
1996
2854
2779
0
0
2779
2433
2779
2953
2779
2779
2807
2556
2779
2807
2779
2953
2779
2779
2779
2807
2957
2854
2807
2807
2854
2779
2957
2556
2807
2556
2587
2957
2807
2779
2587
2587
2587
2587
2807
2779
2807
2807
2587
1996
2587
2953
2587
2957
2779
2957
2807
2957
2779
2587
2860
2587
2587
2807
2587
2587
2860
2807
2807
2957
2860
2587
2807
2587
2587
2854
2587
2860
2860
2860
2854
2587
0
0
0
2897
2804
0
0
0
2461
2779
1924
2507
0
2804
0
2730
0
0
0
3409
2677
2682
0
2723
2677
3589
0
2995
2758
2476
2476
2697
3023
2760
2897
2758
2725
0
2723
3208
0
2697
2725
2725
2697
2725
2476
2682
2725
2725
2476
2758
2433
2725
2758
2725
0
2758
2476
2725
2725
2779
2725
0
2725
0
2758
2474
2953
2586
0
0
0
2476
2686
2406
2725
2762
2732
0
2977
3039
2751
3016
0
2760
2384
2476
2495
0
2760
0
2725
2897
2758
2760
2476
3106
0
2953
0
2758
0
2758
2758
2760
2758
2760
2760
2697
2725
2953
2953
2897
2758
2760
2758
2762
2758
0
2779
2762
2928
2779
2995
2779
2779
2779
2854
2779
2807
2854
2854
2779
2762
2928
2953
2807
2854
2779
2953
2854
2928
2779
0
2854
2779
0
2854
2807
2957
2860
2556
2779
2953
2957
2860
2807
2807
2928
2854
2807
2953
2957
2860
2587
2860
2779
2957
2779
2587
2860
2860
2854
2779
2854
2854
2860
2860
2854
2860
2854
2957
2957
2854
2860
2779
2860
2854
2957
2854
3132
2928
2860
0
2860
2928
2953
2957
2957
0
2928
2779
2860
3106
2860
2953
2928
2854
2928
2854
2854
2953
2928
2928
2928
2854
2957
2953
2928
2957
2854
3149
2854
2854
2957
2854
2957
2860
2860
2897
2854
2725
2860
2897
2860
2860
0
0
3023
2384
3023
2384
0
2380
3272
2697
2995
2758
2758
2758
2758
2725
2697
2758
3106
2758
3106
3232
2953
3011
2758
2928
2928
2928
2928
2928
2928
0
2953
2953
3106
2928
2928
2953
2953
3132
2953
2953
2953
2928
2928
2928
2957
2957
2953
3132
3149
2953
2860
3149
3149
3149
0
2957
3132
3149
0
2977
2860
2984
2984
3308
2957
3149
3149
3043
3071
2744
3279
2730
3232
3039
3023
2758
2928
3149
0
3048
2995
2984
2725
3081
2725
0
2995
2995
3071
2725
2897
2995
3106
6122
2758
3048
0
3217
3048
2758
3048
3106
2758
3251
2995
3048
3040
2758
3048
3048
3048
2725
0
3106
3106
2758
3040
0
3081
3043
3106
3048
2758
2758
0
3048
3039
3308
3272
2984
3039
3081
2984
3043
3081
2995
3232
3217
3272
3040
0
0
3232
3348
0
3048
3048
3048
2995
0
3048
6137
3326
3344
3326
3048
3106
3023
3344
3326
3106
3106
3321
3106
2953
2995
3048
3039
6119
3344
3106
3344
0
3348
2804
3344
2779
2725
2953
2749
2953
2957
0
3132
2928
3132
3132
2953
2807
2758
3132
2953
3106
3132
2928
2953
2758
2854
2928
3132
3106
3132
3106
3132
3132
3106
3132
0
2758
3251
2928
3106
2758
2758
3132
3132
3149
3149
2758
3106
2953
2854
3132
2928
2807
3132
2860
3205
3149
2957
3106
3149
2957
0
3149
3132
3132
3149
3132
3149
3132
3132
3149
3149
3401
2860
3132
3106
3106
2860
0
3106
3190
3106
3106
3375
3205
3190
3190
3106
2854
2953
3149
3132
3132
3190
3190
3251
3190
3251
3132
3106
3190
3375
3149
3616
3251
3616
2860
3190
3190
3251
3106
3190
3616
2897
3106
3106
3149
3132
3200
0
3251
3388
3200
3200
3190
3149
3200
3200
3378
0
3190
3200
3106
3190
0
3023
0
0
3023
6129
3043
2984
3023
6119
3232
3016
0
2751
6125
3023
3217
6129
3321
3040
3040
3048
3251
3321
3348
2984
3023
0
3081
3106
3081
6119
2953
2758
3342
3344
3616
3251
3368
3251
3368
3628
3621
3621
3106
3621
0
3616
3595
3368
3616
3205
3200
3200
3200
3190
3106
3200
3401
3378
3378
3200
3378
3388
3190
3190
3190
0
6145
3326
3039
3048
6229
3048
0
6243
3251
3326
3251
3348
3344
3106
3344
3344
3344
2749
3595
3375
3375
3375
3375
3375
3375
3344
3251
3378
3190
6229
6122
6125
3308
6122
5760
0
3040
3217
6111
3043
0
5772
3039
6137
3344
3368
3016
6229
0
3326
3344
3326
3344
0
3344
3048
3321
3344
3375
3344
3344
2751
3232
6137
3217
3344
3232
3344
3043
0
3344
0
3205
3326
3208
0
3048
5772
6111
6137
3344
6137
5812
3321
3344
3375
3344
5830
3375
3375
3595
6191
3380
3595
6191
0
6191
3380
5830
3380
3380
3380
0
3616
3380
0
3380
0
3378
3380
3388
3400
3375
3378
6191
0
3378
3400
3398
3375
3149
3400
3396
0
3200
0
6191
0
0
0
0
0
0
0
0
0
0
3416
3519
3435
3486
0
0
0
0
0
0
0
0
0
0
0
2208
3414
3566
3537
3416
0
0
3532
2219
0
0
3576
0
0
0
3442
3551
0
2265
3485
0
0
0
3457
0
0
0
3576
0
0
0
0
0
0
0
0
0
3493
3482
2267
0
0
3493
3586
0
0
0
2267
0
0
3584
0
3575
0
0
3430
3455
0
0
0
0
0
0
0
0
3457
0
0
0
0
0
0
3507
0
0
0
0
0
0
2208
0
3523
0
0
0
0
0
3535
0
3528
3508
3404
3541
0
0
0
0
0
0
0
3484
0
3541
0
3586
0
0
0
0
0
0
3505
0
0
3479
3438
0
3438
0
3551
0
3571
3551
0
0
0
0
0
3499
3458
3566
2267
0
0
0
0
3439
3439
0
3486
0
0
3447
3586
0
0
0
3549
0
0
0
0
0
0
0
0
0
0
0
0
0
0
3586
3457
0
0
0
3416
3457
0
0
3616
3684
3628
0
3992
3628
4113
4508
4506
4508
0
149
3190
3660
3190
3628
0
0
3595
3992
0
3628
3599
0
3106
0
4113
0
3595
3595
3628
263
0
3606
4508
4601
3634
0
0
3648
3634
0
0
3648
0
239
0
3672
0
0
0
144
0
3680
3658
3658
3634
3684
0
3619
3684
3683
0
3642
0
240
0
0
0
0
0
3672
0
0
3684
0
0
0
3612
0
0
3680
3612
0
0
3599
214
0
0
0
0
3714
3599
0
0
3743
3719
0
3725
0
0
0
0
0
3714
3725
0
3725
3725
3719
0
3719
3734
0
3725
3725
3725
0
0
3719
264
3719
3725
0
3725
3725
136
0
136
0
3734
3725
0
3719
3725
3637
140
3734
0
3725
3725
3734
0
3714
0
3743
3725
0
3719
3634
3719
3634
3634
3648
0
284
0
0
0
0
0
0
0
0
0
0
0
3755
4684
3773
0
0
0
0
3788
0
0
0
0
4594
0
3788
0
0
0
3788
0
0
0
0
0
3788
0
0
0
0
0
0
0
0
0
0
0
0
0
0
0
0
0
4684
0
0
0
0
0
0
0
0
0
0
0
5252
11557
6650
4453
4272
4472
0
11583
4472
0
6697
3832
5212
5212
4288
0
0
0
4799
0
0
0
0
0
7124
0
0
0
4534
0
4414
0
0
0
0
0
0
3927
7308
0
4294
0
0
4558
0
6668
4206
4414
0
4206
4248
0
4482
4414
3927
0
0
6729
4261
3926
3884
0
3884
7599
3884
4228
6614
0
11529
3884
7599
4896
7599
4261
3884
4896
3927
6620
4228
3884
6728
3927
4261
4228
4261
3884
3926
4228
4228
6290
3926
6729
4228
3884
4228
3884
4910
4926
4216
6729
4228
4228
4896
4216
7486
9844
3927
4216
6620
0
0
4228
4373
4216
4216
4216
3884
3884
4228
4228
3927
4228
4896
3872
6729
4261
4228
6813
3884
4261
4261
0
0
4896
3995
3975
0
3975
3975
0
0
3975
0
3959
3975
3959
0
3975
3975
3959
4896
7486
3959
3948
3959
4438
3995
0
0
9844
9844
11529
9845
9844
9844
11529
3995
7523
3995
11597
4920
4920
11597
4248
4920
0
7486
7205
0
10212
11597
5252
4920
5252
4248
4024
4248
5212
0
7205
0
0
4933
4050
4070
10202
4050
10171
4050
5073
4061
5212
5074
4061
7588
4033
5212
0
4508
5032
4601
4061
4061
7242
4299
5212
0
5032
5073
4033
5212
4933
4299
4061
5074
5074
3992
4050
4050
4299
4050
5074
0
0
4061
4299
11586
4070
4061
11567
7486
7205
10136
4061
0
5212
4299
4299
4070
4299
4061
4933
11583
0
4939
4248
0
3832
4061
4472
4472
4299
7328
5252
4162
0
4472
0
4093
4289
0
0
0
0
0
4140
0
0
4625
4162
4582
4167
0
0
0
0
4110
0
0
0
0
0
5212
0
4279
4033
0
4169
4082
0
0
5330
7598
4601
0
4472
0
4033
4140
4033
0
0
0
4373
4033
4508
4110
4373
4373
0
4373
4373
4508
0
4373
4373
4033
0
4373
4373
4373
0
0
4508
4373
4373
0
0
4373
4144
0
5127
0
0
0
0
11583
0
11567
5212
0
4279
0
7604
4033
4050
0
11577
5252
0
4472
0
4070
5252
4279
4248
4248
4061
4248
10136
7604
11582
4279
4279
3926
4933
4248
4248
4061
4312
3927
0
5363
6706
4218
0
6728
0
4248
0
6890
6646
4248
6813
6813
4216
4216
4411
4228
0
4411
0
3927
4228
4228
4261
4834
4248
4228
4848
3927
0
4261
3927
3884
4228
5252
4848
4248
6813
10136
4261
4218
4279
4933
4162
4248
4162
4288
4373
4279
0
4261
4218
4279
4279
4312
4453
4218
4312
4248
4248
3927
4312
0
5032
4453
4248
4248
4218
4453
4783
4933
4248
4555
0
4218
4783
5010
5010
0
4933
0
4218
4783
0
4289
4218
4848
4312
4282
0
0
4555
7308
4070
4312
0
4453
4299
4555
11586
0
0
4316
6890
11583
6729
4472
6729
4299
4299
6890
4050
6890
0
4933
4760
4848
0
4777
4760
4783
5203
4783
6890
4760
5074
4312
6890
4933
4848
5032
5010
6890
6890
5032
4783
4760
5032
4848
4777
6890
4834
4834
5010
5203
6813
3926
3926
6813
4760
4228
0
4411
5203
4411
4848
4228
4411
4411
4228
4848
4848
4848
4228
4411
4848
4848
4411
3926
4411
4411
4848
6813
4848
0
5127
4373
4373
4373
4373
4373
4373
5127
4373
4033
5127
4373
4373
4373
5127
4373
5127
4373
4373
5127
5127
4373
4373
4848
4411
4411
4834
4411
4228
4411
4411
4891
4848
4848
4411
4891
4848
0
0
4783
0
0
0
0
5145
4206
0
4204
4438
4438
4438
4438
4438
4436
4438
4431
4436
0
4431
4436
4436
4431
0
4431
0
5010
4933
4777
5074
4777
4312
4783
4453
4453
4218
5032
4282
0
4282
0
11583
0
3832
4299
11567
4289
4472
11583
11586
3832
11583
7116
4574
4299
11586
11583
5212
0
0
0
0
4482
4474
0
0
4482
0
0
0
0
0
0
0
0
0
4508
0
4512
4299
0
0
0
4599
4508
4626
0
0
4508
0
4508
4626
4512
0
0
0
4626
0
4136
0
0
4601
4626
0
4626
0
4570
0
4506
4553
0
4506
4555
0
4553
0
0
0
0
0
0
0
0
0
0
0
4664
0
4451
0
0
0
0
0
0
0
0
4506
4553
0
0
0
0
0
4821
0
4821
0
0
0
0
0
0
0
4506
0
4797
0
0
0
4574
0
4665
4566
4555
4574
0
4587
0
0
0
0
0
0
0
0
4594
0
0
0
0
0
0
0
4700
4113
0
0
0
0
0
4506
0
0
0
0
0
4583
0
0
0
4617
0
0
0
4110
0
0
4625
0
4608
0
0
0
0
0
0
0
0
0
0
0
0
0
0
0
0
0
0
0
0
0
0
0
0
4643
0
4649
0
0
0
0
4726
0
4743
0
4656
4683
0
0
0
0
0
0
4717
0
0
0
0
0
0
4681
4683
4681
0
4681
4600
0
0
0
0
0
0
0
0
0
6293
0
4544
0
0
0
0
0
0
0
0
0
0
4744
0
0
4732
0
0
0
0
4732
0
0
4737
0
0
0
0
0
0
0
0
0
0
0
0
0
4732
0
0
0
0
0
0
0
0
0
0
0
0
0
0
0
0
0
0
0
0
4750
0
0
0
0
0
4644
4646
4641
5166
0
4933
0
4933
4933
7116
4760
4760
5032
4777
4783
5074
5032
4939
4939
4933
5010
5074
4783
0
4783
5032
4783
4933
5032
0
5032
4939
5010
5032
4783
0
5010
5010
5010
0
3840
0
0
0
0
0
0
0
0
0
4261
4848
4834
0
0
0
0
6890
4848
0
4848
0
4834
4834
4809
0
0
0
0
0
7545
4834
4834
7599
7513
7599
5011
6729
4834
9845
0
4848
4834
5011
4848
9844
5011
4848
4834
7542
7545
5203
4848
5203
0
4834
4848
4834
4834
4848
4848
4411
4848
4848
4848
4891
4848
4848
4834
4891
4848
4891
4848
4891
5094
4891
5094
5252
4891
4848
4834
4891
4891
5094
4411
5203
5094
5094
4848
5203
5203
4891
5094
5094
5203
4891
4891
0
5094
5094
4891
4436
0
7599
4431
0
4910
7599
4436
0
4431
4431
4834
4910
7548
7545
0
4910
7545
4910
4910
7599
7373
4939
7599
4920
0
7259
7576
7576
7576
7636
0
4933
4783
7373
4933
4939
4783
0
4760
4933
5074
5074
4939
0
4783
0
4933
0
5032
5094
4783
7576
4783
4783
5032
5032
5032
5010
5074
5032
4777
4777
4939
4939
4783
4070
7069
5074
5074
4783
4939
5074
4783
4316
7069
4939
5032
5032
4783
5074
5011
7069
7069
4939
4777
4939
4777
4282
5074
4783
4783
7069
4777
5010
5010
7284
4777
5010
4783
5252
7069
7087
5010
5010
5032
0
5011
4472
4789
7069
7576
4453
4793
7069
0
0
5094
5074
10212
4316
5074
4933
7576
5074
0
5032
7069
7259
5252
5252
5032
5094
11583
5032
4070
7094
0
4933
7094
4312
4789
5073
5010
5011
4939
0
4472
5212
5032
5252
7604
7094
4472
5032
3832
5073
4783
7069
5032
4070
5252
5074
4783
4939
4472
5212
5011
5074
5094
5073
5212
5252
4061
7205
5252
5212
5212
0
0
5252
5094
4050
4061
4061
5032
5252
5032
6089
6620
3832
5252
6620
4891
5094
7094
5032
5094
5011
0
6620
4891
5252
5094
7205
4891
4891
5094
4289
3927
6620
3884
3927
6620
6620
6729
3884
3927
3884
5094
4289
3884
5212
4289
4218
4891
5094
5252
5127
4373
5166
5127
0
5166
5166
3884
5127
5145
5145
3948
5166
5127
4373
5166
5166
3948
5166
5127
5127
5127
0
5166
5166
5166
5127
5166
4373
3948
5166
5166
5166
3948
5166
4644
5166
5166
5166
4644
5166
5166
3948
0
5127
3948
4642
3948
3948
3948
5212
5011
5252
5252
5094
4891
5252
4891
5212
5094
5252
4891
5094
4891
5252
4248
4411
5094
5094
4891
5094
5032
4891
5094
4891
4272
4411
5252
4891
4453
0
0
3832
11583
4777
4288
4453
5212
5010
0
5011
4070
4891
4891
5001
5252
5252
0
10136
5011
4933
5252
0
5252
5252
5252
4248
5252
4218
5252
4248
5001
4248
5212
7205
4248
4248
5252
5252
5252
4218
4288
4279
4248
4248
4248
5252
5252
6702
0
4248
5252
4933
4218
4248
4248
5094
5094
4933
4218
4248
5252
5252
5094
4248
5252
4891
4312
4288
4288
4248
4282
4279
4891
4272
5225
4218
4248
4472
4248
4288
4248
4493
0
0
0
0
0
0
0
0
0
0
0
0
5330
0
0
0
0
0
5310
5315
0
0
5309
0
0
5315
5331
0
0
0
0
0
0
0
5318
0
0
0
5317
0
0
5318
5317
0
0
0
0
0
0
0
0
0
0
0
0
0
0
0
0
4121
0
0
0
0
0
7165
0
0
5363
0
0
0
5365
5367
0
0
5325
0
0
0
0
0
0
0
0
0
5367
0
5704
0
0
5382
5382
0
5580
7162
0
0
0
0
0
5693
0
6918
0
5436
5422
0
5422
5422
5422
5406
5436
5687
5436
5422
5429
5422
5422
5365
0
5383
5422
5436
5406
5406
5383
5422
5422
5436
5449
5449
5436
0
5429
7431
0
5436
5436
5449
5449
5449
5406
0
5449
5436
5429
5422
5449
5449
0
5406
5436
5524
7162
6910
6840
0
7162
5436
5422
5422
5449
0
0
5459
0
0
5347
5702
5702
0
0
0
5461
0
0
0
0
0
0
0
0
0
0
0
0
0
0
0
0
0
0
0
0
0
0
0
0
0
0
0
0
0
0
0
0
0
0
0
0
0
0
0
0
0
0
0
0
0
0
0
0
0
0
0
0
0
0
5529
0
0
0
0
0
6918
5529
5526
0
0
0
0
0
0
0
6916
0
0
0
0
0
0
0
0
0
7318
0
0
0
0
0
0
0
0
0
0
0
0
0
0
0
5620
5698
0
5556
0
0
0
0
0
5529
0
0
5529
0
0
5382
0
6910
5528
0
0
5659
5529
0
0
5580
0
5580
0
0
0
0
0
0
0
0
0
0
0
5620
0
0
5593
0
0
0
0
5592
5734
0
0
5593
0
0
0
5620
0
7643
0
5580
5718
0
0
0
0
0
5732
0
5620
5698
0
0
0
0
0
0
0
0
0
5607
0
0
0
0
0
0
0
0
0
0
5567
5567
5562
0
0
0
0
0
0
0
0
0
0
5677
0
0
0
0
0
0
0
0
0
0
0
5355
0
0
5554
5524
0
5567
0
0
0
5693
5382
0
0
0
0
0
5382
6639
0
0
0
0
0
0
5529
0
5529
5710
0
0
0
0
0
0
0
5593
0
0
5706
0
5704
5458
5718
0
5718
0
0
0
7376
7353
0
0
0
0
0
0
0
0
0
0
0
0
0
0
0
0
0
7162
0
0
0
0
0
0
6343
0
7655
0
0
7438
7655
0
0
0
0
5791
5833
0
5781
5812
5791
5866
0
5791
5833
5968
0
0
0
0
6125
5791
5967
5812
0
6111
5791
6145
0
5856
5765
5791
5781
5791
5866
5791
5856
5967
0
5791
6125
5812
5812
6125
6012
6508
5866
5791
5866
6122
6012
6125
5866
6145
5791
0
6125
5931
0
0
0
5866
5866
0
5931
0
0
5781
0
0
0
0
6452
0
6012
5866
5856
0
5830
6012
0
6009
5866
6230
6089
5833
6191
6231
5830
5893
6230
5830
5830
5854
6009
5830
5854
5830
5830
6012
5777
0
5893
0
5833
6089
5791
5791
6089
5866
5893
5866
5893
0
5893
5856
5866
5893
5854
5893
6009
6089
5893
6009
6009
5866
6012
6012
6009
5893
6009
5866
6191
5830
5893
5893
6089
6012
6072
6388
0
5830
5830
6614
6089
6012
6089
6388
5893
6009
6379
5791
5977
5791
5791
5791
7422
6402
0
6012
0
6012
6343
6343
0
6343
6343
6343
5977
6432
6343
6411
5928
6432
5833
0
5866
6411
0
5812
6231
5812
6445
5812
5765
5791
6111
6231
5777
5931
6231
6111
6472
6411
5931
5812
5969
6111
6245
6478
5771
6231
0
6478
6231
5808
6280
6455
6231
5931
5818
0
0
0
0
0
0
0
0
6478
6012
0
0
6012
0
6012
5931
6012
6012
5866
5955
6012
5893
5893
6012
6012
6012
0
5893
6012
5791
6012
6012
6411
5856
0
6089
5856
6012
6089
6012
6009
6009
6009
6012
6379
0
5791
6012
0
6089
5893
6009
6012
6089
6012
6012
6012
6012
5866
5856
6009
6012
5977
6089
6012
6012
6009
6089
6089
6009
5893
5866
6012
5893
6012
6379
6379
6012
6089
6009
5977
6009
6089
6089
6009
6009
6388
6388
6379
6009
6009
6614
6614
6009
6009
6089
6614
6009
6388
5977
6388
5977
6009
6089
6089
5893
6089
5977
0
5977
6089
6089
6012
6009
5977
6089
6009
6089
6089
6009
5977
6009
6508
6379
6009
0
6379
6089
6009
6089
6089
6379
6009
6508
6012
6379
6379
6012
6009
6089
6388
6009
6009
5854
6230
6230
6230
0
6125
6125
5967
3217
6111
3279
3326
0
3344
6122
0
6125
3321
0
6111
3344
3040
0
6129
6230
6137
6229
6215
6122
5765
0
6215
6215
6230
3232
6137
6230
3308
0
6137
6231
5772
6231
3375
3048
3232
3308
5833
3023
6012
6191
6191
3380
3106
6191
6191
6191
5830
6231
6009
5866
6191
6191
6191
6191
6191
6191
3106
6191
6191
5856
6191
6191
5856
5854
5830
6230
3380
6280
6191
5830
5854
6280
5854
0
3149
6191
6280
5830
3400
5830
3106
6280
3380
6280
5830
6280
5854
5854
6210
6230
6231
6210
0
6230
0
0
6231
0
6210
6231
6224
6122
6111
6210
6125
0
0
6122
6111
3040
6122
0
0
0
6125
5781
5765
6129
6215
5777
3279
0
6122
5967
6231
0
5812
0
6239
6231
4560
0
6191
6230
6230
6191
5833
5856
5893
5830
5830
6009
6231
5830
6230
3378
6231
6231
5830
5830
6191
6230
5854
5830
5830
5830
5830
5830
5854
5854
5893
5854
0
6072
0
6284
0
0
0
0
0
0
0
0
0
0
0
0
0
6305
6293
4681
0
0
0
0
0
0
0
0
0
0
0
6388
6388
6388
6388
6388
6320
0
0
0
0
0
0
6320
6821
0
0
0
4216
0
0
0
0
0
0
0
7425
0
6343
6415
6432
6343
6415
0
0
6478
0
6508
6415
5977
6415
6089
5977
6009
5977
5977
6508
6508
6379
6379
6089
6089
6012
6379
6379
6379
6508
6379
6379
6089
6089
6379
6600
6379
6089
6388
6089
6388
6388
0
6388
6379
6379
6388
6388
6388
5913
6426
0
5913
0
6411
6415
5854
6411
6397
6411
0
0
6415
6012
6430
0
6457
6415
6415
6411
6335
6343
6402
0
0
6012
6415
6432
0
6415
6432
0
5977
0
6415
6508
6508
6335
6430
0
6430
6506
6506
0
6442
0
6449
6430
0
6415
6506
6653
6449
6506
6430
0
0
6445
0
6426
5382
6445
0
6506
6665
0
6449
6665
0
0
0
6455
6506
6506
0
6646
6665
0
6666
6639
5968
5968
6646
0
0
0
6640
6803
6646
0
6508
0
6508
6426
6508
6508
0
6650
6426
0
6508
0
6508
6426
6508
6508
0
6508
6508
6508
6508
6508
6600
6430
6508
6426
6600
6600
5791
0
6415
0
6508
6600
6600
6506
6643
6506
6508
6508
6890
6600
6600
6714
5977
6089
6508
6508
6506
6089
6508
6600
6508
6600
6379
6379
6379
6506
6620
6508
6379
6600
6600
6379
6379
6614
6600
6379
6379
6600
6089
6600
6379
6620
6508
6379
6600
6508
6089
6012
6620
6620
6600
6508
6620
6508
6620
6620
6379
6620
6620
6379
6508
6600
6620
6508
6614
6620
6614
6620
6388
6614
6620
6620
6089
6620
6388
6388
6614
6614
6379
6614
6620
6426
6600
6729
6620
6508
6508
6379
6388
6620
6426
0
6729
6508
6614
6620
6614
6614
6620
6620
6729
6620
6620
6614
6614
0
6728
6620
6379
6388
6508
0
6620
6508
6379
6600
6620
6614
6614
6379
6600
6600
6614
6508
3927
6620
6388
6729
6614
6614
0
0
6696
6650
0
6696
6696
0
6653
6643
0
0
0
0
0
6646
6713
6696
6344
6696
0
6449
6653
6651
0
6940
0
0
0
0
6493
6321
0
6646
6284
6646
6493
7006
6646
6706
6646
6309
6470
0
6646
6702
0
6714
6600
6841
6714
6728
5342
6728
6464
6714
6488
0
0
6714
3926
6714
6714
0
6713
6600
6714
0
6478
6730
6728
6729
6728
6714
0
0
6620
6600
6729
6714
6702
6713
6714
6696
6600
0
6728
6813
6714
0
0
0
6649
6697
6730
3843
0
6730
6714
6813
0
6735
6730
6803
6813
6735
6803
6729
6813
6729
3927
6600
3927
6620
6600
6508
6620
6620
6620
6728
6614
4216
3823
4216
6614
6728
0
0
0
0
0
0
0
0
0
0
0
0
0
0
0
0
0
6913
0
6646
6830
6653
6882
6882
6830
6464
6919
6940
7008
6449
0
6646
7006
6310
6803
6729
6803
6883
0
6883
6813
6883
6883
6803
6803
6803
6813
6890
0
6954
6883
6650
6735
6890
6890
6803
0
0
0
6882
6735
6646
0
6768
6803
0
6882
6823
6735
6883
0
5529
0
6939
6882
0
0
7008
6937
7006
7006
6646
7008
7008
6947
0
6980
6998
7006
7008
6883
7133
7006
7008
7000
0
7000
6941
0
6813
6890
3926
0
6728
6813
7094
6954
6890
6930
6653
6890
6890
3926
6890
7000
6728
6883
0
0
6813
6954
6883
6883
6954
6954
0
6890
6883
6890
6890
6954
6883
6803
4834
4834
6883
6954
4834
6954
6954
6954
0
0
0
0
0
0
0
0
6910
6916
0
6916
0
0
6935
6935
0
6918
6932
6919
0
6932
6918
6986
0
6918
0
6934
0
0
7044
0
6943
0
0
0
7006
0
6986
6980
0
0
7000
6813
7203
6954
6954
6954
0
4834
6932
6954
6954
6919
6954
6954
7069
6954
6922
7069
6954
6954
5011
5011
6932
7069
7094
0
0
6935
0
0
0
0
0
6954
6835
0
6939
7065
0
0
7087
6835
0
7005
0
7149
7145
7149
7145
6939
0
7087
0
7087
7294
7021
6943
0
0
7131
0
7145
7161
7021
7014
7131
0
6850
7021
6932
6926
7021
7014
0
6954
6954
6932
7069
7069
7069
6954
7044
6986
7069
6954
7069
6932
7069
6954
7396
7069
7094
7044
7087
7044
7044
0
6932
7094
7069
7044
7094
7044
5011
6954
7069
7094
5011
6954
7205
7205
7069
7044
7150
5011
7044
7094
0
7044
7044
7094
0
7094
7044
7094
7094
5011
7094
7094
7094
5011
7094
7044
7094
7094
7087
7094
7094
7087
0
7087
6932
7094
7094
5011
7094
0
7094
7205
7094
7203
7094
7094
7094
7094
7094
7094
7094
7094
7094
7205
7205
7205
0
7087
7133
7205
7270
0
0
0
7280
7000
7270
7014
7264
0
7133
7133
7014
0
7264
0
0
0
0
0
0
0
7134
7140
7162
0
7165
7069
0
7165
0
7350
7149
0
0
0
7152
0
0
7350
7182
0
0
0
0
7182
0
0
7182
7205
0
7205
7203
7182
7165
7203
7203
7205
7140
7149
7094
7203
7203
7165
7162
7182
7203
0
7182
7205
7203
7203
7205
7203
7087
7156
7203
7205
7205
7149
5011
7205
7203
7203
7205
7205
7205
7159
0
7203
0
7205
7203
7162
7094
7205
7203
7203
7259
7203
7203
7205
7203
7236
7203
7205
7205
7203
7242
7205
7259
7203
7205
7205
7159
7242
7205
7242
7242
7236
7337
0
7205
7236
7094
4896
7236
0
7203
7236
7512
7259
7236
7366
4926
7205
7259
7203
7159
7236
7373
7259
7365
7259
0
7242
7259
7270
0
0
7268
0
7133
0
7242
0
0
7280
0
7132
7131
6940
7279
0
0
0
7132
7266
0
0
7270
0
7279
7263
7000
7639
7633
4162
4316
0
0
0
7133
3344
7639
0
0
0
0
7130
0
0
0
0
0
0
0
0
0
0
7318
0
0
0
5554
7639
0
0
7332
7359
0
7332
0
0
7149
5487
0
0
0
0
0
0
0
7347
7337
7586
0
0
7449
7337
0
7159
0
7349
0
0
0
7341
0
7373
7513
7456
0
7373
0
7359
7513
7512
7159
7396
0
0
7512
7512
7366
7366
7373
7513
0
7512
7373
0
7373
7396
7259
4926
0
0
7342
4926
7259
7513
7376
0
7586
7396
4926
4896
0
7512
4926
0
7586
7332
7548
7512
7548
7603
7586
4896
0
0
0
0
0
0
0
0
0
0
0
0
0
0
0
0
0
0
0
0
0
0
0
0
0
0
0
0
0
0
0
0
0
0
0
0
7651
7599
7373
7512
0
0
7456
7542
0
0
7501
0
0
7489
0
0
6397
7462
0
7462
0
0
0
7462
7537
7537
7537
7537
7537
7599
7462
7537
7599
0
7462
3995
7486
7462
0
7366
4896
3995
7537
7599
7599
0
7599
5486
0
7599
7513
9844
0
7599
4926
7567
4910
7548
0
7599
0
7523
4760
4926
4896
9845
9845
4926
7523
4926
11597
0
0
7449
0
7545
7548
0
4910
7449
7537
7548
0
3995
7501
7802
3995
7359
7359
7859
7518
7518
7604
11529
7548
7918
0
7820
9845
7924
7359
0
5461
5212
0
7548
4896
0
10189
7523
5212
7359
0
0
0
0
4896
7545
4896
7599
0
0
7545
7537
7599
7599
0
7396
7518
4910
7512
4910
7396
7512
7366
0
7396
7523
5252
7359
7599
4162
7203
7513
7205
0
7545
0
4910
7373
7599
7342
7545
7548
7548
7599
7366
0
0
7512
7651
7366
0
0
7576
7545
7548
7373
0
7373
7259
7259
7205
4926
0
0
7545
0
7576
0
7259
7618
7373
7576
7205
7576
7259
7259
7259
7567
7259
0
0
7618
7280
0
0
7133
0
0
7639
0
0
0
7636
0
0
7284
0
7651
0
7655
7430
6397
0
6420
7660
0
5913
0
5913
0
0
5757
4008
0
0
6420
0
5746
0
0
0
0
0
0
0
0
0
0
0
0
0
0
0
0
0
0
0
0
0
0
7719
0
0
0
7719
0
0
0
0
0
0
0
0
0
0
0
0
0
0
0
0
0
0
0
6308
0
0
0
0
0
0
0
0
0
0
0
0
0
0
0
0
6308
5592
0
0
0
0
0
0
0
0
7501
7820
3995
0
7971
7908
7513
7512
11529
0
7513
3995
7523
7523
7859
7802
7859
7997
0
0
7908
7501
10011
8847
7450
0
3995
7780
8352
7845
11529
7844
9845
0
9031
8098
0
8847
7954
10023
9171
7822
9171
3995
20205
0
0
0
7800
9019
7800
0
0
7844
10207
0
0
0
0
0
0
0
7450
10207
10207
7450
0
0
7820
7537
0
0
0
7820
9032
0
0
7908
0
0
0
0
8968
0
0
0
0
7845
0
0
7954
0
7845
0
7845
0
7800
7845
7989
7863
0
0
7859
7893
9845
10015
9845
7863
7859
7800
7845
7997
0
0
7859
0
9032
7996
0
0
8994
7931
7845
7845
7931
7859
11529
7805
7859
7856
0
9031
0
8908
8908
0
20174
8908
0
8548
7859
0
20704
20147
10023
8669
7908
20690
8847
0
7908
7859
7893
7954
20690
0
10015
20205
7954
7893
7912
8669
9031
7893
0
7885
7893
0
0
0
10023
7908
0
7893
0
0
7859
8000
8000
0
0
0
0
7989
0
0
8252
0
0
0
7965
0
7960
8880
11529
0
0
3995
7908
0
7523
11529
7893
0
7820
0
7859
7954
7997
7954
0
7820
8109
7859
9845
7997
0
7820
0
7908
7997
0
7820
7997
9845
7820
7820
0
3995
9845
7931
0
9845
7960
8804
11529
8000
7989
10207
7899
0
7845
7954
0
0
0
0
20205
7997
9844
8903
0
0
0
8794
0
0
7989
10011
7859
7960
8352
7997
7845
7844
7960
7859
7908
7919
0
7863
0
0
8030
8028
0
0
0
0
0
0
0
8073
0
0
8040
0
8903
7947
0
8097
0
8028
10011
0
0
0
8049
8576
0
0
0
0
8028
8073
0
8045
0
0
0
0
7918
7486
8679
8102
8145
9027
8679
8121
8675
0
0
0
0
0
8102
8387
0
9845
0
8563
0
0
0
0
0
0
0
0
0
0
8563
8563
0
0
0
0
8332
7863
7863
7845
7801
8039
0
0
8137
0
0
0
0
0
0
0
0
8868
0
0
0
9211
0
0
0
0
8104
0
8098
10207
0
0
7928
0
8924
8131
8121
0
8130
0
0
8924
0
7928
0
7960
0
7780
0
8993
8169
8190
0
0
0
0
8551
9542
0
0
8149
0
8164
9173
0
9172
0
0
0
0
8143
0
9006
0
8146
0
0
8171
0
8143
0
9036
0
0
0
0
0
0
8184
0
8190
0
8178
0
0
8190
0
0
8679
0
8115
0
9271
0
8203
0
0
8679
8203
9215
0
8104
0
0
0
0
0
0
0
0
0
8210
9248
9251
0
8655
9297
0
0
0
0
0
0
0
0
0
8210
8681
0
0
8252
0
0
8800
8252
0
0
0
0
9248
0
9251
0
8344
8252
0
0
0
8546
8600
9545
0
9347
8988
9015
8332
8559
19276
19160
8262
8262
0
8283
0
0
8422
19160
8332
8305
0
8303
8308
8457
8422
8422
8339
0
8308
8457
8262
8293
0
0
8468
8457
0
8291
8457
8457
8303
0
19160
0
0
8293
8382
8358
8262
0
19160
8345
8345
0
0
0
8291
8528
0
8262
8345
8262
8422
8422
8422
8339
7908
8347
8941
0
0
8352
8262
8387
8320
8457
8332
8344
19164
8262
0
19566
0
9298
8363
7908
8283
8332
8352
0
7989
8351
8422
19563
0
0
8332
0
8358
8339
0
0
0
0
0
0
8330
19566
0
20139
20178
8351
8330
0
20139
8097
9411
19176
9545
0
8345
0
7859
0
8845
7859
7859
0
0
0
8470
8398
0
8470
8387
8686
8847
0
8398
8845
8847
8345
8514
0
8339
8262
0
8382
0
8303
8262
8511
8952
8417
8431
8962
8417
8417
8433
8262
0
0
8496
0
8511
8925
8398
0
0
8558
8858
8470
0
8431
8952
8814
0
8952
9823
8431
8457
0
8457
0
0
0
0
8514
0
0
0
8449
0
8303
8449
0
8511
8902
8345
0
8291
8345
8345
8262
8265
8363
0
0
8470
8528
8417
8422
0
8422
0
8505
0
0
0
0
0
8470
0
8382
0
8382
0
0
0
0
8496
8496
0
0
0
8971
0
8814
8955
8496
8814
0
8462
8496
8511
0
0
8814
8811
8812
8417
8495
8814
8511
8530
0
8814
8511
8814
8955
9049
0
8496
8495
0
8732
9202
0
8479
8530
0
8737
0
8479
8929
8462
8474
0
0
8511
0
0
0
0
0
0
0
0
0
0
0
0
0
0
8702
8585
0
8563
0
0
0
0
8585
0
9296
8588
0
0
0
0
0
8903
0
0
8800
0
0
0
0
8845
11235
8827
8845
8845
9201
0
0
8827
9411
8926
9407
8941
9296
9206
9531
0
8821
9531
0
0
9566
0
0
9218
9217
8623
0
0
9099
8546
0
8732
0
0
8874
0
0
8748
8634
0
0
9545
9215
9298
9545
9531
0
8558
8558
0
0
0
8616
0
0
0
0
0
0
0
0
0
0
0
0
0
0
0
0
0
0
0
0
0
0
0
0
0
0
8655
0
0
0
0
9239
0
8658
9424
0
0
0
0
0
8658
0
0
0
8924
20690
0
0
8924
9211
8994
9281
0
0
0
0
0
0
0
0
9295
0
8575
0
8847
0
9407
10015
8868
0
0
0
0
8847
0
0
0
0
0
0
0
0
0
0
0
0
8826
0
0
0
0
0
8716
0
0
0
0
0
0
0
0
0
0
0
0
0
0
0
0
0
0
0
0
0
0
0
0
0
0
0
0
8765
8738
0
0
0
0
8778
0
0
0
8742
0
0
0
0
0
0
0
0
0
0
0
0
0
0
8540
0
0
0
0
0
0
0
0
0
0
0
0
0
8030
0
8829
0
8781
0
8807
8826
0
0
0
0
0
0
0
8829
8684
0
0
8694
8829
0
8982
9175
0
8826
0
8496
0
0
8511
0
8814
8511
9064
0
0
8880
0
8880
0
8800
8800
0
0
0
0
0
8994
8874
0
9049
8955
9271
8893
7912
8833
8941
8901
8845
8845
8868
0
7912
0
8833
9407
9171
8845
8847
9407
9080
9082
8827
8929
0
9407
8868
8495
8845
9080
8893
8955
8827
8845
0
9271
8847
8903
8686
8926
0
8588
8901
8893
9082
8845
0
8511
8847
9218
9407
20776
9218
9407
8880
9037
8925
8880
8511
0
8814
8479
9100
9407
8511
7899
9082
0
0
0
9032
8669
8901
8880
0
9113
9411
20170
8847
9049
20169
9411
8924
11217
11235
8994
8933
8511
8233
0
0
0
0
8387
8826
0
9019
8948
8933
0
8926
9271
8479
9411
9082
8847
9049
0
9217
8546
8948
8924
9240
0
0
8948
8948
9240
0
8948
8470
0
0
8511
8929
0
8800
0
0
0
0
0
8948
0
0
9037
9064
0
9105
8669
9296
9006
8874
7800
20152
0
8874
0
0
8874
9053
9271
0
8874
0
8968
8994
20155
9001
0
0
0
9019
8968
9001
8675
8874
0
8908
0
9099
8988
0
7800
9019
8828
0
0
8908
8988
8994
0
20136
8908
20136
0
9158
8908
7800
9158
9019
0
9217
0
20149
0
20149
0
0
9006
0
0
0
0
9178
9037
9211
0
8131
9217
8924
9217
0
11003
8496
0
9206
9117
9046
0
0
8511
9064
9064
8496
9064
9064
8496
8858
9121
0
9049
0
9046
9117
8925
8811
8925
9121
8811
9117
9080
9109
9206
9080
9080
0
9049
0
11003
8971
9113
9188
9080
9099
0
9046
9109
9113
9099
9046
9113
9099
9132
9566
0
0
9049
9049
8858
8971
0
9099
9566
8929
0
9113
9109
0
0
8812
0
9566
0
8952
9113
0
0
0
8971
9105
9105
9202
0
9165
9201
9115
9121
0
9141
9121
9141
9064
9197
9232
8858
9558
0
9203
9558
9558
9105
9036
0
9154
0
0
9064
9141
0
0
0
7995
7995
0
8669
9578
9115
0
9034
9175
0
8146
0
8901
8143
9006
0
0
0
0
0
0
9186
0
8146
9214
0
8155
9211
8924
7863
0
9197
0
9105
8858
8546
8858
9558
9548
8620
9105
0
9201
8546
9105
0
0
0
0
0
0
8933
9188
9034
8585
0
0
9188
0
0
9036
0
0
9548
9558
9548
9558
8620
8941
9558
8546
9548
9548
8546
9105
9105
0
9558
8546
8988
9217
9015
8655
0
0
8924
9548
0
8679
9548
9218
8131
0
9034
9113
0
8675
0
0
0
0
0
0
0
8104
0
8924
8924
9298
0
9298
0
8130
9271
8558
0
9276
9271
8585
0
0
9298
9411
9296
9296
0
9531
8588
9531
8847
9298
9296
9296
9298
11217
9459
0
9298
11217
0
0
0
0
10982
0
0
0
0
8387
0
0
0
0
9616
0
0
0
0
0
0
0
0
8262
0
0
0
0
0
0
9331
9797
0
9804
9785
9797
0
17765
0
18295
9797
0
9341
9346
9804
18291
0
9804
9785
9784
9797
0
0
0
9357
0
0
0
8948
9351
0
8246
0
0
0
0
0
0
0
0
0
0
0
0
0
0
0
0
0
0
9870
9378
9378
0
0
0
0
0
0
0
0
0
0
0
0
0
8246
0
0
0
0
8243
8246
0
8387
8387
9436
11235
9411
8387
8845
12081
0
9411
11217
11235
0
9411
11217
11235
11235
11217
9407
11235
11217
11235
10978
11235
8546
0
0
0
0
0
0
0
0
9458
9435
9254
0
0
0
9435
0
9436
9437
0
9437
0
0
0
9165
11235
11217
9298
9531
10982
8130
8821
10982
9531
10982
0
0
0
0
0
0
9466
0
0
9484
0
0
0
0
12417
0
9494
9465
11487
0
9494
12398
0
9494
12422
9494
0
0
9494
9484
0
11498
0
11498
11498
0
0
9490
11486
10343
0
0
0
0
0
11200
11200
11120
10329
9663
9679
9679
0
0
9726
9679
0
9679
9514
9679
12494
9679
9687
9687
9687
9545
9100
8319
9105
9545
9100
9531
8130
0
8620
9531
9545
8588
9545
9548
9548
9531
9531
9558
0
9531
10978
0
9197
9576
0
8588
8546
9298
9548
8588
9113
9558
8546
9576
0
8546
9197
9105
9197
9201
9197
9548
0
9566
9545
9566
9566
0
9105
0
0
0
0
0
0
0
9115
9121
0
9082
9105
9105
9105
9080
9571
9571
9571
0
9726
9665
9665
9989
9665
9726
9621
9616
9616
9609
9609
9640
0
0
0
0
0
0
9609
0
9616
0
9729
0
0
0
0
0
0
0
9609
0
0
9621
0
0
9729
0
9609
9788
0
9609
9771
0
9616
0
9644
0
0
0
9621
0
0
11428
0
0
9644
0
9784
9788
0
11198
11752
11419
11735
9784
9341
9784
10329
9663
10329
0
9663
0
0
9679
11190
9665
9663
9665
9665
9679
9687
0
9718
9686
9687
0
9686
0
9681
9686
9687
0
0
0
9718
9718
9681
9687
9728
9728
9718
9718
9718
9679
9718
9718
9686
9718
9718
9681
9687
9739
12493
9718
9718
9687
9718
9718
9718
9728
9718
9739
9681
9739
0
9718
9718
9739
9739
9686
9739
0
0
9687
0
0
0
0
9687
9739
9687
9739
9609
12508
9739
0
9718
9739
9739
12511
9613
0
9728
0
9739
9739
12509
12430
9739
0
12513
0
0
9621
12493
0
9797
9756
0
0
9765
0
0
9336
0
9765
9765
0
9777
0
0
0
9777
0
9311
18292
9514
9665
9687
9663
0
0
9336
0
0
9756
9759
9514
9788
18291
9785
9785
9331
0
9797
18292
18292
18277
9797
9797
0
9785
9341
18270
0
9804
9346
9797
9331
9788
9788
0
0
0
0
0
0
0
0
0
0
9829
0
9819
0
0
0
0
0
9620
9829
0
0
0
0
0
0
7523
9845
9845
0
0
9844
11529
9844
10212
3995
7486
12081
4005
0
4070
11586
11567
4299
11586
0
11583
9863
0
4933
4472
11586
11586
0
9378
0
11874
11610
11876
11874
0
0
10546
10546
9881
10542
0
9881
11725
9888
9888
11725
9940
0
9888
9980
11187
9895
10803
10687
0
11725
9966
0
10610
11725
9940
9943
11451
9888
9881
9888
10801
10801
9936
9940
10687
11009
10801
0
0
10801
10801
9980
10510
10803
11113
9888
9943
9948
9943
11717
11009
9943
9958
9958
9936
11009
10637
9895
0
0
9958
10993
10993
0
0
9958
0
10525
10687
0
0
0
11401
9995
9946
9935
10525
9946
9963
9983
9963
0
9888
0
9946
9963
0
9989
9984
0
9984
9958
9943
0
11388
9958
10351
9958
0
11182
9984
9984
9989
0
10329
10977
0
0
9966
9996
9989
9989
0
9989
9989
9966
9983
9995
0
0
9984
0
10978
8387
12081
12081
10015
10015
12081
10023
11823
10023
10023
10023
0
10015
10015
12081
0
10740
10023
10023
7908
7908
10023
12081
0
10361
10023
8847
7908
10023
10023
7908
8320
11495
10015
7908
0
10023
10023
7893
11156
0
0
12000
10054
12055
0
10075
10054
10045
10063
10075
11945
0
10141
0
10063
12000
11901
11945
10054
11156
10063
11904
0
10054
0
12065
11911
11945
11923
11904
10063
11901
10075
12028
0
11597
10015
7908
7960
8320
10011
7908
10015
11597
8320
11529
11597
11597
10023
7908
7960
12081
7960
11597
10023
10015
11597
11597
8804
7893
0
12005
11583
11980
11586
11557
10075
11583
12029
11583
10136
11557
10136
10136
11557
10136
10136
12002
11586
11586
10136
10136
11557
11577
10136
11577
10136
12002
10136
11557
10136
11557
11577
11980
11567
0
11557
10136
10136
3832
0
11567
10075
11577
7965
11577
11586
10075
0
10075
10075
11945
11969
10063
11586
12028
4005
11586
11586
10149
10075
10136
10075
10075
0
0
0
0
0
10167
0
0
10136
0
12066
10075
11567
0
12066
10361
10075
11567
11567
10136
11586
11586
0
11586
0
11586
0
0
10063
0
11586
10194
10194
0
0
11586
4176
0
0
10075
0
3995
0
11597
10198
11597
8387
0
11597
11597
11597
7859
11597
4926
0
11597
3995
7995
0
0
11597
0
0
0
11293
11597
0
0
0
11597
0
0
0
0
0
0
0
0
0
0
0
0
0
10212
0
0
11597
9845
0
0
0
0
0
0
12081
0
0
10297
0
10375
0
0
0
10275
0
0
0
10789
0
0
0
10299
0
0
10289
0
10421
12244
0
10299
0
0
11360
0
0
0
0
10369
10273
10421
10319
0
0
0
0
11461
0
10789
11362
0
0
11515
10789
11340
0
0
0
11461
11084
11350
11113
0
11362
10421
0
9996
11200
9989
10329
9996
10329
11115
10329
10329
0
9989
11388
11200
9996
10361
11115
9996
9989
9989
9685
11200
11200
10828
0
10329
9996
9663
9996
10361
10361
10601
0
0
11293
10361
10361
11323
0
0
10361
0
0
0
9970
10443
10783
10649
0
11303
0
10410
10375
10375
10421
10385
0
10421
11626
11619
10421
0
10299
10369
10385
10289
0
10407
11623
10413
10413
10369
10316
11626
10399
11619
0
11479
10637
11303
0
10369
10369
10385
10410
16682
10413
11626
0
11619
10410
0
10385
11619
0
10789
10421
11177
11448
0
0
10399
0
10523
10426
10463
10426
0
10426
10430
10463
0
10463
11005
0
0
10869
0
0
11182
11009
10455
0
0
0
10510
10525
10441
11725
10441
9946
0
10452
0
9948
0
0
10525
10510
0
10452
0
10816
10637
0
9940
10452
10452
10443
0
11825
10606
10828
0
11495
10828
9898
10514
0
10601
0
11451
10477
0
10542
10706
10542
10546
10455
10542
10515
0
0
10490
0
10515
0
10542
10515
10533
10443
10515
10525
10610
0
10477
10637
12055
11717
11248
10510
0
10510
10525
10515
0
0
10510
11187
10525
10523
10463
10463
10541
0
10523
0
0
0
10523
10816
10533
10525
0
0
10525
11761
10525
10523
0
10610
11291
0
0
10542
10637
10637
0
10687
10637
10510
10687
10510
10991
9888
0
0
11717
11717
10610
10610
10361
11717
11717
10982
0
10572
10572
0
0
10523
0
9888
0
11479
10828
10601
10584
10601
10828
10584
10868
11717
10637
10606
0
10868
10361
10606
10606
10825
10606
9895
10743
10685
0
0
0
10601
11274
11291
10606
0
10606
10828
10903
10903
0
11717
10828
10903
0
9895
10685
11717
10616
10554
0
10554
0
0
10751
10606
0
9888
11479
10704
11822
10514
10514
10751
10606
10903
10825
10601
10649
10825
10825
0
10649
11187
11293
0
10610
10637
10610
10825
10601
10825
11187
0
10986
10510
0
9940
11293
10686
0
10911
10610
11248
10706
10515
10686
10515
10686
10686
10515
10870
10515
10811
10477
10510
10515
10825
10811
11248
10811
10816
11290
11761
0
10993
11248
10510
10510
0
0
0
11009
10686
10870
0
11248
10870
11479
11479
10704
10704
10584
11293
11293
10704
10751
10514
0
10704
0
11293
10791
10606
11067
11479
11070
10361
10728
10740
10740
11098
11034
10728
10751
10740
10791
10728
10740
10728
10740
10728
0
11761
10791
0
10772
10740
10751
10751
11291
0
11098
11291
0
11303
11291
0
10783
10751
10783
11079
11034
0
10751
0
11291
11034
11293
11291
0
11293
10751
11034
11167
11039
11098
0
0
10704
11293
10704
11039
11039
10619
11303
0
0
11291
11303
11137
0
11379
11098
11098
11070
11170
0
11293
10751
11101
11137
10619
0
0
0
0
11069
11039
11034
10751
10791
10731
11098
10805
0
0
0
0
0
0
0
0
0
11009
0
10870
11761
11761
10542
0
11761
10584
10542
10606
10911
10525
10606
10868
0
11187
0
0
10903
10868
10903
10828
10601
10828
10825
10828
10868
10828
10825
9895
10911
11267
10868
11813
10606
10825
10584
10542
10868
10811
10542
11792
10584
10868
10542
10606
10903
11767
10828
10811
10903
11792
12067
0
10510
10584
10452
0
0
0
10903
10870
10515
10811
10870
10542
11767
10515
11767
0
11005
11886
10816
10828
11725
10828
10816
11761
10825
11805
0
10880
10870
11761
10911
10706
11807
10911
11807
9895
10911
0
0
11897
10606
10825
10825
10944
10911
11807
0
10903
11813
0
0
10515
0
10825
11807
11813
11807
10911
11267
10911
11792
10944
11792
10944
10993
10903
10944
10584
10911
11479
11248
10515
10601
10911
11807
11920
10911
10649
10911
0
10911
11823
11823
10525
10903
11813
0
10825
11792
11248
10903
10870
11813
0
11813
11792
11813
11813
11761
11072
0
0
10594
11152
10685
10749
0
0
0
11848
11004
11945
0
0
10015
10982
10978
0
10985
0
0
0
10985
10985
0
0
0
9298
0
0
0
10985
9895
0
0
10045
11823
10993
0
0
0
10740
9941
0
0
10869
0
11039
11180
11069
11034
11070
10791
0
11320
11070
11018
11039
11067
11069
11034
11034
11039
11070
11323
11039
11069
11170
11070
0
11039
11034
10740
11034
0
11039
11039
11070
11039
11069
11164
11070
11170
11320
11034
11320
11069
11069
10751
11323
11167
11069
11291
11039
11034
11069
11069
11069
11167
11039
11039
11164
0
11099
0
0
11069
0
0
0
10503
11362
11303
10777
0
0
10791
11098
11164
0
10731
11018
0
11098
0
11170
10791
0
11070
10740
11137
0
11089
0
0
0
0
11092
0
11039
10791
11098
11137
9975
11340
11070
10791
11098
0
9665
0
9989
11120
9989
9989
0
9995
11202
9975
11200
0
11198
11190
9984
11190
9984
11190
0
0
0
11137
0
0
0
0
0
0
0
0
0
0
0
0
0
11137
0
0
0
11884
0
0
0
0
0
11323
11340
11098
11034
0
0
11170
11170
0
11323
11373
0
11323
11323
0
10783
11177
11167
0
9960
11419
0
9946
0
11725
11200
9665
11187
0
9665
11190
0
11202
11200
11401
11190
11198
11401
0
0
11401
0
9941
0
9663
11401
11401
9970
11729
11004
11823
10985
11884
0
10054
10985
11884
11884
0
10011
8130
8130
8150
8130
9407
9407
9407
10011
10011
9407
10011
12081
10011
9407
10011
9411
0
8845
9407
12081
8845
8845
8845
8387
8845
10015
11884
11884
11888
0
11248
11891
11767
11826
11928
11248
10686
10811
10525
10993
10993
11274
11187
11267
11284
10993
10477
10452
0
11267
11278
10993
11284
11274
11284
0
11284
11284
9936
0
10993
0
0
11284
11539
0
0
0
0
11284
9958
0
0
10740
0
10751
10514
10740
11293
10740
10704
10751
11293
11303
0
11293
10751
11291
11303
10637
10610
10554
11479
10704
11323
11886
10706
11832
11826
11248
0
0
11170
11340
0
11167
11360
11373
11332
11362
0
11362
11323
0
11340
11070
11340
0
11479
0
11360
0
11167
11332
11332
11340
11323
11340
11373
11170
11332
0
11332
11340
11379
11461
11629
10316
11167
11332
10299
0
11373
0
10289
11167
11323
10289
0
0
10289
11084
11455
0
0
10316
11170
10375
11504
0
0
0
10289
11504
11167
11504
11340
0
10289
0
9941
11516
11401
11422
0
0
0
0
11461
9941
11404
0
0
11401
11190
0
11401
11401
11721
11198
11401
11752
11419
0
9995
11401
11198
11752
11401
11720
0
11441
0
0
11441
11441
11419
11401
11401
0
0
11422
11441
11479
11441
0
11441
0
0
11441
0
9324
0
11401
0
11451
10375
0
10704
0
10740
9665
0
0
9936
11479
0
10410
0
10421
10407
10546
0
0
10410
10421
10546
11293
11626
10385
0
10637
0
0
10704
0
10430
0
0
11474
0
10601
10911
10828
11474
10430
11479
0
0
0
11474
10601
0
10361
0
0
0
10911
10514
0
0
10361
0
0
10361
0
11486
10361
0
0
10421
11516
3995
11597
11597
3995
0
0
0
11597
9844
9844
0
0
0
9844
0
0
10869
0
0
0
9845
9845
0
11577
11267
0
4920
0
0
0
4299
0
11542
0
11547
0
0
11557
0
11284
0
12095
10136
0
0
10136
0
10187
12103
0
11557
11557
0
10136
4061
0
0
7943
12005
11577
12029
12028
12005
10075
11586
11577
0
11586
0
11586
11586
0
0
11586
11586
0
3832
4299
11586
11586
10075
10054
0
12047
0
12081
0
9331
0
3995
11610
0
0
0
16682
0
11872
0
0
0
0
0
0
11645
0
0
0
11629
0
0
11448
10375
0
11653
10375
0
11626
10410
0
11653
11644
11653
16682
16682
11645
16291
0
11653
11644
11644
11617
16883
11645
0
0
16891
10316
16693
11617
16680
11504
17241
0
17241
16680
11653
11629
11653
11645
16682
17241
0
11619
11619
0
0
11653
0
0
0
17238
0
0
16905
0
0
10410
16916
0
11687
11672
0
16585
17238
11619
0
0
16585
0
0
0
0
11679
0
16926
10199
0
11717
11291
10751
10751
10542
16916
11717
9888
11187
10802
9989
11419
11441
11419
9989
11187
9888
11422
11419
0
0
0
0
0
11730
11198
11730
0
0
0
0
0
0
0
0
0
0
0
0
0
11198
0
0
0
0
11752
11419
11752
11752
0
11735
9797
0
11752
0
9324
9756
0
11752
0
10706
11826
11832
0
10870
11248
0
11886
11767
0
10706
12002
11767
11826
11941
11886
11767
11980
11832
11248
11248
11826
11832
10870
11792
10706
11888
11248
10706
11941
10515
11826
10825
11767
0
11767
11886
11891
11813
11807
11886
11792
12002
11248
12029
11921
11884
0
11767
0
11807
10944
12047
11813
11891
0
10911
11813
11807
10828
11892
10035
11792
10911
0
0
0
0
0
11792
11792
11248
11833
11921
0
0
11888
11941
11921
11921
11248
12002
9352
11813
11792
10054
0
11813
0
0
0
10985
0
11155
11813
11945
11823
9298
11823
10063
11823
11823
11813
10978
12081
12081
8845
8845
10015
8845
8387
0
0
0
0
11872
0
0
0
0
11832
12047
11930
11792
0
11980
0
11945
0
11930
0
11941
11921
0
0
0
11945
11901
0
0
10054
12055
0
0
0
0
0
12055
11155
8845
10015
8845
8387
0
11928
11945
12000
11952
12005
11928
11952
11980
0
0
11954
0
0
10136
12002
0
0
11941
0
12000
11945
11945
11945
10075
11823
11823
12002
11930
11945
0
11928
0
11945
0
0
11945
11928
11945
0
12000
0
0
0
11930
11952
0
0
0
0
0
11980
11976
0
12005
0
11891
0
0
12029
11884
11892
0
12002
11928
0
12005
11930
12005
0
12029
12029
11969
12057
11911
11886
11980
12000
11930
12000
11930
12029
12028
11946
12000
11930
12002
12000
11945
0
12028
0
12028
12028
0
11886
12005
12029
12029
12028
12000
12002
12005
10136
12029
11941
11945
11928
12005
12029
12029
12005
12005
11969
12028
12029
12005
0
0
12005
12002
12028
12029
12028
12028
12028
12028
12029
11980
10136
12000
12005
10075
12005
12028
10136
0
0
11904
10054
0
12055
11823
10040
0
11945
0
0
12055
12055
11823
11884
10054
10040
0
0
0
10035
11945
10054
11884
11945
12055
10054
10054
11945
11847
10063
10054
10015
0
10015
8845
8387
8845
10978
8387
12125
0
0
0
0
0
0
0
0
0
12304
0
0
0
0
0
0
0
0
0
0
0
0
0
0
0
0
0
0
0
0
0
0
0
0
0
0
0
0
0
0
0
0
0
0
0
0
0
0
0
0
0
0
0
0
0
0
0
0
0
0
0
12179
0
0
0
0
0
0
0
0
0
0
0
0
12304
0
12185
0
0
0
0
0
0
0
0
0
0
0
0
0
0
12200
0
0
0
0
0
0
0
0
12182
0
0
0
0
0
12175
0
0
0
0
0
0
0
0
0
0
0
0
0
0
0
0
0
12169
0
0
0
0
12358
0
0
0
0
12358
0
0
0
0
0
0
0
0
0
0
0
0
0
0
0
0
0
0
0
0
0
0
0
12250
0
0
0
0
0
0
0
0
0
0
0
0
0
0
0
12345
0
0
0
0
0
0
0
0
0
0
0
0
0
0
0
0
0
0
0
0
0
0
0
0
0
0
0
0
0
0
0
0
12348
0
0
0
0
12358
0
0
0
0
0
0
0
0
0
0
0
12256
12345
0
12346
0
0
0
0
0
0
0
0
12346
0
0
12650
12623
12618
0
0
12618
0
0
0
0
0
12618
0
0
0
12335
0
0
0
12219
0
9494
12438
0
12303
0
0
12449
0
0
0
0
12222
12457
12470
12523
12429
12523
12519
12470
12376
12470
12493
12493
12470
12374
0
12374
0
12479
12479
12374
12374
12470
12374
12374
12374
0
12479
0
0
0
0
0
0
12410
9494
0
0
12446
0
0
9477
9494
12412
11487
12293
12410
12446
9477
12422
9484
0
9471
0
12438
12417
12420
0
0
12219
12438
0
0
0
0
0
12391
12550
9728
9739
0
0
9728
0
9728
9728
0
0
9739
0
9739
0
9728
0
12591
0
0
0
12417
9728
0
0
0
0
0
12489
12489
12374
0
9480
12477
9728
0
0
12470
12477
12421
12489
12374
12470
12470
0
0
12438
12470
12470
12494
12493
0
12470
0
12519
12519
0
12515
12457
12486
0
9728
12515
0
0
12470
9728
0
0
12493
0
12374
0
12470
9681
0
12493
12528
0
0
9728
12528
0
0
12555
0
12470
0
9728
0
9739
0
0
0
12519
12555
12528
0
12489
12555
12528
12555
0
12542
12555
12555
12519
12549
15218
12555
12555
0
12493
12549
12558
12549
0
12653
12558
12374
12549
12555
12542
0
0
0
12549
12558
12549
0
12558
12558
0
0
12558
12558
0
12549
0
12558
12558
12558
14681
12558
12558
12562
12564
14681
12558
0
0
12374
0
0
0
0
0
0
0
0
0
0
0
0
0
0
0
0
0
0
0
0
0
0
0
0
0
0
12558
0
0
0
0
12666
0
0
12591
0
12490
12335
0
0
0
0
0
0
12657
0
0
0
0
0
0
0
0
12657
0
0
0
0
0
12657
0
0
12335
0
0
0
0
0
0
0
12564
0
0
12617
0
0
0
0
0
0
0
0
0
0
0
0
0
12623
0
0
12649
0
0
0
0
0
0
0
0
0
0
0
0
0
0
0
0
0
0
0
0
0
0
0
0
0
0
12847
12849
0
0
12697
12697
0
0
0
0
0
0
0
0
12857
0
0
0
0
0
0
12778
0
12782
0
12790
12782
12775
12763
12763
12786
0
12763
0
12778
12770
12778
12772
0
12759
12763
12768
12772
12780
12743
12783
0
12759
0
12743
12743
12757
12757
0
12815
12984
12757
0
12757
12992
12759
12786
0
12757
0
12786
12743
15869
0
12757
12741
12743
15782
0
12801
0
12775
0
0
0
0
0
12775
0
12956
0
12956
0
0
12763
12969
0
0
0
12775
0
12841
0
12772
12763
0
0
12782
12775
0
12971
0
12782
0
0
0
0
0
0
0
0
0
0
0
0
0
0
0
12817
0
0
0
0
0
0
0
0
0
0
0
0
0
0
0
0
0
0
12782
0
0
0
0
0
0
0
0
0
0
0
0
0
0
0
0
0
0
0
0
0
0
0
0
0
0
0
0
0
0
0
0
0
0
16067
0
16067
12884
0
16067
0
16067
12894
16067
12911
12930
0
12884
12913
12924
12884
0
12884
12902
12894
12884
0
12697
12908
0
12884
12908
16063
16063
0
12924
12924
12924
16063
12924
0
12924
16063
0
0
0
0
0
0
0
0
0
0
12697
0
0
0
12908
0
0
0
12914
0
0
12855
0
0
12677
0
0
0
0
0
0
0
0
0
0
0
0
0
0
0
0
0
0
0
0
0
0
0
0
0
0
0
0
0
0
13259
0
0
0
0
0
0
0
12770
12947
0
13000
0
0
0
13000
0
0
0
0
0
0
0
0
0
0
0
0
12989
0
0
12990
0
12976
0
0
12993
0
0
0
0
0
0
0
13600
0
0
0
13059
0
0
0
13059
15561
13029
14801
13023
0
13059
13029
14801
0
0
0
0
0
13027
13027
13059
0
0
0
0
0
14801
14801
0
0
0
13066
13054
13063
13027
13611
13070
13063
13600
13016
0
13611
13533
13063
13063
0
0
14913
0
0
14801
13023
0
13027
0
0
0
0
0
0
0
0
0
0
0
0
0
0
0
0
0
0
0
0
0
0
0
0
0
0
0
0
25258
0
0
0
25620
25616
0
0
13103
0
13103
25485
0
0
0
0
13503
13117
13135
0
13133
0
13522
13824
13522
13582
13137
0
13161
13135
0
0
0
0
13188
0
13545
0
13194
0
13181
0
13135
13176
13285
0
13291
13291
13352
0
13179
0
0
13564
0
0
0
13280
0
13285
0
0
0
0
0
0
0
0
13300
0
13178
13282
0
0
0
13400
0
0
0
0
0
0
0
0
13173
0
13247
0
0
0
13189
13193
0
0
0
0
0
0
0
13310
0
0
13184
0
0
0
0
0
13541
0
0
13214
13214
0
13541
13427
13214
13214
0
13424
13214
13251
13214
13214
13268
0
0
13251
13365
13227
0
0
13593
13259
0
0
13214
13226
0
0
13227
13252
0
13238
13263
0
0
0
13214
0
13365
0
0
13201
0
0
0
0
0
0
13272
0
0
0
0
0
0
0
13272
0
0
0
0
0
13261
0
0
0
13632
0
0
0
13632
0
0
13551
0
0
0
0
0
0
0
0
0
0
0
0
0
0
0
0
13517
0
0
0
0
0
13338
13633
0
13309
0
0
0
0
0
0
13338
0
0
0
0
0
0
0
0
0
0
0
0
0
0
13293
0
13293
13436
13293
0
0
13642
0
0
14578
13354
0
0
0
0
13251
13436
0
0
13360
0
0
0
13231
0
0
13354
0
0
0
0
0
0
0
0
0
13369
0
0
0
13354
0
0
0
0
13395
13306
0
13395
0
0
13517
0
13306
0
0
0
14578
0
13373
0
0
0
13868
0
0
13291
0
0
0
0
0
0
0
0
13454
0
13471
0
13476
0
0
0
0
0
0
0
0
13300
13400
0
0
0
0
0
13427
13369
0
0
0
0
13226
0
0
13453
13369
0
0
13585
13436
14578
13453
13444
13365
0
0
0
0
0
13452
0
0
0
0
0
13444
0
0
0
0
0
0
0
0
13642
0
13485
13460
0
0
0
0
0
0
0
0
0
0
0
0
0
13524
0
0
0
0
0
0
0
0
0
0
13394
0
0
0
0
13513
0
0
13437
0
13522
0
13522
0
13582
0
13471
13517
13513
13524
0
0
13582
0
13632
0
13517
13517
13582
13503
0
0
0
13436
13515
0
0
0
0
13582
0
0
13585
13503
13214
13214
13214
0
13564
0
13582
13611
0
0
13117
13503
13585
13503
13582
0
13585
0
0
13503
13582
13541
13541
13566
13522
13541
13563
0
0
13582
0
13553
13515
0
13577
13513
13515
0
0
0
0
0
13513
0
0
0
0
13503
0
0
13399
13566
0
14491
13522
0
0
0
0
0
0
0
0
0
0
13494
13611
0
25494
0
25409
0
0
0
0
0
13566
0
13611
0
0
25494
13611
0
0
0
13582
0
0
0
25485
13582
13566
0
0
0
0
0
0
25485
0
13169
0
13642
0
13642
0
0
13642
0
0
0
0
0
0
0
15146
13663
0
0
18342
0
0
0
0
0
0
0
0
0
0
0
0
13659
0
0
13713
0
13713
0
0
0
0
0
0
0
0
0
0
0
0
0
13687
0
0
13772
0
0
0
0
13933
0
0
15181
0
15181
0
0
15181
0
0
0
0
0
0
0
0
0
13720
13720
13720
0
0
13720
0
0
0
0
0
0
0
0
0
0
0
0
0
13684
0
13718
13752
0
0
13746
0
13745
0
0
0
0
0
13687
0
0
0
13698
0
0
15181
0
0
13684
13675
0
13713
0
13746
0
0
13772
15484
13929
13772
14979
14408
15465
0
13772
13772
15224
13929
13772
15465
15468
15465
0
14527
13929
0
13789
13823
0
13796
0
13789
13800
0
13808
13796
13796
0
13808
0
0
0
13796
13796
13796
13808
13796
13796
0
0
0
13796
13796
0
0
0
13789
0
13839
13787
0
0
13824
13824
0
0
13830
14527
14568
13839
14483
0
13843
13864
13845
14430
14527
14483
13839
13843
0
13845
13888
13830
0
14568
0
14568
13860
0
13830
13839
12950
0
13839
13843
0
12953
13843
15408
0
0
0
13888
0
0
0
14483
13117
0
14483
13888
14428
13868
0
0
0
0
13860
0
13864
0
14483
13878
13887
13888
14568
14493
0
0
13824
13888
0
13744
14049
0
0
0
13913
14032
0
14049
13896
0
0
0
0
0
0
14030
13895
0
13915
14046
0
14038
0
0
0
13744
0
13645
14510
14487
14487
13933
13933
14510
14408
13929
0
13772
0
0
0
0
0
0
0
13933
0
13772
0
0
0
0
0
14097
17362
14164
17362
0
0
0
14097
0
0
0
0
0
0
0
0
0
0
0
0
0
0
0
0
0
0
0
0
0
0
0
13989
0
0
0
13987
13989
0
0
0
0
0
0
0
0
0
0
0
0
14022
13998
0
0
0
0
0
14314
0
0
0
0
0
0
0
0
0
0
14356
0
0
0
0
0
0
0
0
0
0
0
0
13895
14019
14046
13895
0
13913
0
0
13895
14021
14019
0
0
0
13894
14356
13902
13896
14039
0
0
14314
13913
0
0
0
0
0
0
14331
0
0
0
14339
14593
14066
14368
14593
14593
14372
0
14593
14593
0
0
0
0
0
14435
0
0
17331
14097
14097
13964
14090
14083
0
15661
14097
17368
14127
14097
14097
0
14995
14090
17331
17368
14123
17331
0
14083
14076
0
14123
14180
14167
14230
14230
14164
14164
14164
14230
14127
14136
14164
14136
14230
14230
14230
14439
14260
14230
14123
14941
14123
0
14090
14127
14139
0
14139
14197
18377
14127
14230
14123
14192
14225
0
14083
14123
0
14123
14164
14123
14123
14083
14942
14127
14083
14127
14230
14164
14083
14164
14083
14180
14180
0
14166
14083
14123
14230
14127
0
14127
0
14230
0
0
14162
14171
14097
0
14164
14164
14164
0
0
0
0
0
0
0
0
0
0
0
0
0
0
0
0
0
0
0
0
0
0
0
0
0
0
0
0
0
0
0
0
14206
0
0
0
14175
14222
0
13990
14225
14230
14230
13978
14225
0
14230
0
13985
14164
0
0
14225
0
14249
0
14225
14230
14259
14230
14256
14230
14254
14230
14259
14225
13983
14230
14225
14265
14225
14230
0
14230
0
14225
14225
14259
14164
0
14256
0
14256
14318
0
0
14254
14230
14334
14256
0
14256
13983
14338
14260
14334
14337
0
0
14256
14249
0
13983
0
0
14256
0
0
0
0
14260
0
0
14337
14290
0
0
0
14290
14323
0
0
0
14290
0
14379
0
14323
14311
0
14290
0
0
0
0
14256
0
0
0
0
0
0
0
0
0
0
14287
14259
0
0
0
0
0
14016
0
14290
0
0
0
0
14292
14259
0
0
0
0
13999
14345
14292
0
0
14356
14356
14024
0
14356
14290
14259
14363
0
14292
0
14256
14363
0
0
0
0
0
15589
0
0
14345
0
0
0
0
0
14369
0
0
0
0
0
0
0
0
14380
0
0
0
0
0
14387
15581
0
15581
0
0
0
0
0
14458
13772
0
13929
14408
13772
13933
14490
14531
13772
0
0
14490
0
13933
13337
14408
14490
14487
14510
0
13929
14408
0
14487
0
14408
14203
0
0
0
0
0
0
0
0
14430
0
0
0
14378
14593
0
15661
18342
0
0
18425
0
0
0
0
0
0
0
0
0
14372
0
0
0
0
0
0
0
0
0
0
0
0
0
0
0
0
0
14430
14474
0
14474
14484
14510
14487
14474
14510
14484
14484
0
0
14510
0
0
14428
14408
0
0
14408
0
0
14490
14474
14490
14474
14510
14510
13929
14510
14531
14490
14510
14487
13645
14510
0
0
14510
14487
14490
14510
13772
13813
0
13813
13787
14578
14487
0
14510
14422
14527
0
0
0
14527
13824
0
13645
15465
0
0
0
0
0
0
0
0
0
14510
13824
13929
14568
15465
14527
14531
14527
0
13824
15412
14527
14527
13839
14568
14568
14568
14568
14568
14527
13888
14568
13839
13887
14527
0
14568
14568
15408
13337
13334
13645
0
0
13642
0
0
0
0
14593
14369
0
0
0
14618
14593
14369
0
14618
0
0
14593
14606
14606
0
0
14585
14646
14066
14593
14606
14608
14608
0
14618
0
14593
14616
0
14616
0
14606
14606
0
0
0
0
13642
0
0
0
0
0
0
0
0
0
0
0
0
0
0
0
14066
14641
0
0
0
0
0
0
0
0
0
0
0
0
0
0
14585
0
0
0
0
13642
13642
0
14817
0
15189
0
15146
15480
15162
15480
0
0
0
14741
0
0
0
15145
0
14681
14681
14681
14681
0
15150
15077
14681
15260
14681
12528
14696
14935
0
15121
15121
14702
14702
15121
0
14696
15121
14702
14702
14702
0
14702
14696
14741
14720
14741
14719
14811
0
14779
14741
14741
14702
14741
14719
15121
14720
0
0
14702
14719
15121
15121
14719
14690
14696
15121
14817
0
14780
14720
14779
14719
14741
14811
14779
14781
14817
14895
0
14850
14909
15121
0
0
14753
15121
14817
14696
14848
14782
0
14762
0
0
0
0
0
0
14762
0
0
0
0
0
0
0
0
0
0
0
14859
0
14859
14753
14710
0
0
0
0
0
14859
14859
15661
14874
14811
14909
0
14817
0
14710
0
15536
14136
0
0
15224
15176
0
0
13029
15660
0
0
13074
14801
14801
14782
14817
0
14859
14753
14859
0
14894
0
14817
14801
15565
0
14821
14821
15188
13029
15176
14801
13029
14874
14821
14817
14884
14821
14884
14890
0
0
14817
14821
14730
14848
15217
15349
14848
14730
15121
15121
0
14848
0
14859
14894
14894
14859
14782
14741
14753
14782
0
14859
14874
15324
14894
15649
14821
15693
14874
14859
14811
15352
15319
15307
15124
0
15286
14782
14821
0
14874
14881
0
15352
14884
0
0
15169
14890
14884
14884
0
14884
14890
14890
0
0
14890
14884
0
16200
15030
17368
14884
14890
14890
14821
14890
13023
14821
0
16164
15181
14970
0
15565
0
15561
17293
14984
15188
0
0
0
0
17311
0
15069
0
18333
17293
24853
15170
14935
14935
14935
0
14941
14935
14935
17346
15069
0
0
14935
17368
14935
17362
15029
15099
14097
14995
17368
14995
15188
0
17362
17362
0
17362
0
15188
17331
15004
17333
17333
15188
15034
17368
17333
14136
0
17331
17362
17351
17311
17309
14989
14989
0
0
14989
0
14935
0
0
15069
0
15069
15069
0
14935
14993
17346
0
0
0
15191
0
0
0
0
15224
15558
15188
0
15561
15024
15565
0
14278
15181
15437
15181
0
0
0
15004
0
0
0
0
0
0
0
0
0
14942
14090
17362
0
0
15029
15116
0
0
17362
15440
15064
15064
15069
15063
15151
14986
15120
15059
14978
15069
15069
0
0
0
15064
0
15085
15064
15059
15069
15059
15064
0
15063
14702
15059
0
0
14978
15052
14986
0
0
0
15085
15111
14781
0
0
14984
0
0
0
0
0
15111
17368
0
0
0
0
15091
15111
14995
0
15116
15059
0
14702
0
14986
14702
0
15114
0
15114
14702
14702
14702
15052
15108
0
15121
14696
0
0
15116
0
15116
0
15096
14702
14702
0
0
14696
0
0
0
0
0
0
14681
14681
15480
0
15170
14681
14668
14681
15214
14681
0
15478
14681
15170
0
15162
0
0
0
15132
15132
0
0
0
15132
14762
14719
15132
15223
15260
0
15162
15162
0
0
15233
15163
15162
14669
14669
0
0
15169
15151
0
0
0
0
14668
15181
0
15437
0
14661
0
15169
15660
15211
15191
0
0
15329
0
15349
15329
0
14848
15280
15484
15348
15211
0
0
15221
14848
0
15349
15191
15211
15279
0
15200
0
15250
15169
0
15232
15162
0
0
15288
15214
0
15402
0
0
15484
15224
0
0
0
15214
0
0
0
15214
15145
15214
15465
15218
0
15214
0
0
15271
15271
0
0
15276
0
15181
0
0
15170
0
0
15181
0
0
0
0
0
15151
15146
14800
15146
0
14702
0
0
0
0
0
15268
15121
0
0
0
0
0
0
0
0
0
0
0
0
0
14848
0
0
15126
0
0
14696
0
0
14719
0
15291
15307
0
14874
15311
15307
15307
0
15312
0
14781
15307
15380
0
0
15307
15307
15311
15307
15319
15311
0
15319
15385
0
0
0
15385
0
15319
14881
0
0
0
0
14881
0
0
15380
15307
0
0
0
15311
15380
0
15319
15307
0
0
0
0
15217
15779
0
15565
15380
0
15311
15217
0
0
15516
15380
0
15380
0
15563
0
0
0
0
15380
0
0
0
15372
0
0
0
0
0
0
15397
15558
15319
15648
0
15311
15329
0
15391
0
0
15558
14881
0
0
0
0
0
0
15516
15271
0
13845
0
15271
15162
0
0
15484
0
15410
0
0
14702
15121
0
15533
13843
15367
15438
15438
13705
14394
17322
14460
15367
14394
15589
15367
15438
13705
15438
0
14387
0
15589
0
0
15211
0
15581
15181
15660
15181
15438
0
0
0
0
0
0
17251
17251
0
17323
0
15589
15660
15468
0
15468
0
0
14979
0
13772
15660
0
0
13772
15438
15465
15211
15465
0
0
0
0
15660
0
15660
15151
13772
0
14568
0
15465
15398
15465
15465
15211
14527
14668
15438
15660
0
0
0
0
0
0
0
15529
15617
15529
0
15373
0
0
0
0
0
0
0
0
0
0
0
0
0
0
0
0
0
0
15191
0
15534
0
14848
15914
15772
0
0
0
0
14387
14387
0
0
0
0
0
0
15541
0
15380
15352
15541
0
15558
15558
15563
15563
15565
15558
15385
0
15563
0
0
0
0
0
0
15558
15563
0
0
15563
15319
15311
0
15395
15558
15385
15558
0
14395
0
0
0
0
0
0
0
0
0
0
0
0
15589
14387
15191
15583
0
16057
0
0
0
15930
0
0
0
0
0
0
0
0
0
0
0
0
0
0
0
0
0
0
15660
15211
15660
15660
15660
0
0
0
0
0
0
0
0
0
0
15860
0
0
0
17665
15867
0
0
15671
15617
0
15416
15558
0
0
0
0
15170
15558
15437
13698
15438
15661
17368
15191
0
0
17362
14097
17331
0
14136
0
15690
16164
0
0
0
0
0
0
0
16164
15702
15825
12759
15702
15845
17062
0
0
15825
15869
14884
0
0
14817
15746
0
14884
15845
14821
14890
14890
16200
15845
0
0
15689
0
15702
15818
0
15746
15726
0
0
0
0
0
0
0
0
0
15690
0
15690
15690
15690
15825
15690
0
15756
0
15756
15690
15930
15746
15934
15915
15754
15746
15728
15924
15924
0
15756
15934
15746
15924
15832
0
0
0
0
0
0
0
0
0
0
0
16663
0
0
0
0
0
0
15785
0
0
0
0
0
0
0
0
16021
16021
0
0
16021
0
0
0
16200
0
0
16193
0
0
16193
0
0
15849
0
15849
0
15832
15849
0
0
15788
0
0
0
0
0
0
0
0
0
0
0
15869
15416
15909
0
0
15818
15689
0
0
0
0
0
15850
15909
0
0
0
15690
0
15825
15825
15825
0
15832
0
0
0
15832
0
15832
15909
0
0
15867
15818
0
0
15849
15832
0
0
15909
0
15832
0
0
15909
16091
17036
0
0
15832
0
0
0
0
0
0
0
0
0
12759
0
15869
0
12772
0
16092
0
0
15896
16544
15869
0
16544
16544
16057
16544
0
0
15973
0
0
0
0
15973
0
0
0
15987
0
0
15416
0
15416
24867
24867
0
0
0
15788
15675
12770
15914
0
0
15924
15929
15746
0
15923
15924
15924
0
0
15924
24865
15598
15598
0
0
24865
15598
15598
0
15598
15930
15929
0
14927
16132
0
0
15998
16040
16006
0
15953
15953
16006
16005
15961
16047
0
16001
16040
16047
0
15946
0
0
0
0
15962
16040
0
15869
15962
15962
12884
15896
15987
15891
0
16542
16542
16180
15992
15715
16093
15973
15973
15896
16017
15987
15987
15987
0
16014
15996
15891
16007
0
16011
16005
15996
0
0
0
16015
0
0
15987
0
16005
0
0
0
16005
16011
15996
0
15996
16011
0
0
16005
0
0
0
0
0
15996
16040
16040
0
16040
16040
16063
0
16040
16063
0
0
16067
0
0
16063
16248
12884
0
0
0
15961
15998
0
0
0
0
0
16063
0
0
0
0
0
0
0
16063
16067
12884
16063
16063
0
16063
0
16025
0
16067
16063
12884
15892
24867
24867
24846
16067
16063
0
15930
24861
16067
16063
0
16063
12913
16063
16063
0
0
16063
12930
0
0
0
0
12930
0
0
0
0
0
0
0
0
16100
0
0
0
0
0
0
0
0
0
0
0
0
0
0
0
0
0
0
0
0
0
16193
0
15864
0
0
0
0
16129
0
0
15842
0
15460
0
24460
0
0
0
15802
0
0
0
0
0
0
0
0
0
0
0
0
0
0
0
16151
0
0
0
0
0
0
15803
15909
15791
15909
15909
15791
15803
15909
0
0
0
0
0
0
0
15892
16189
0
0
16041
0
15892
0
16193
16164
0
0
15782
16200
16200
16164
16200
16200
0
16200
16200
16164
15869
16164
16200
16200
16200
0
0
0
0
0
0
0
0
0
0
0
0
0
0
0
0
0
0
0
0
0
0
0
0
0
0
0
0
0
0
0
0
0
0
0
0
0
0
0
0
0
0
0
0
0
0
0
0
0
0
0
0
0
0
0
0
0
0
0
0
0
0
0
0
0
0
0
0
0
0
0
0
0
0
0
0
0
0
0
0
16565
16496
0
16911
16559
0
0
0
0
16911
0
0
16304
16364
16304
0
16374
16304
16870
16304
16374
0
16746
16840
16746
16813
16304
16919
0
16617
16596
17198
16365
16340
16870
17202
16602
16333
16624
16644
0
17198
17206
16636
0
0
0
16334
16870
16333
16471
0
17206
16756
16344
0
16352
16364
0
0
16334
16585
16870
0
0
16636
16334
17206
0
16365
16374
16871
17206
16800
16364
0
0
16871
17206
16871
16334
16803
16783
16770
16471
0
16304
16334
16374
16770
16374
0
0
0
0
0
0
0
0
0
0
0
16393
0
0
0
0
0
0
0
0
0
0
0
0
0
0
16400
0
0
0
0
16414
16608
16487
0
16478
16637
16487
0
16926
16926
16926
16487
16926
16300
16926
16478
17202
0
16513
0
16562
0
16529
0
16631
16414
16562
16904
17158
16733
16835
16828
17183
16733
16512
17165
17158
17183
17158
17182
17183
17183
16835
16828
17206
17183
16374
16374
17206
16871
16364
16334
17206
16400
16333
16871
16384
17206
17135
16374
0
16364
16926
16606
16478
16478
16926
0
16487
16624
16617
16606
16602
0
0
16606
0
16926
16602
0
0
0
0
0
16880
0
16513
17492
16520
16565
16520
16559
16520
16493
16565
16565
16562
11645
16890
0
16880
0
0
16520
17953
0
11645
17135
17241
0
16513
16893
16432
16565
17126
16882
0
16912
0
16559
16803
16535
16374
16544
0
0
0
16551
0
0
15892
0
16544
0
16544
16544
15894
15891
16544
16544
0
16559
16559
0
16291
16513
16562
16513
0
16513
16565
0
16520
16911
0
17183
16559
16682
16513
16496
0
16291
16565
17202
17191
0
16565
0
16587
16571
16571
16917
0
16917
0
16920
0
16645
16632
16911
16520
16487
16300
16698
16478
0
16611
16596
16920
16632
16632
0
16487
16606
16432
0
0
0
16606
16622
0
16632
0
0
0
0
0
16606
0
0
16611
0
0
0
16606
16622
16606
16606
16606
16606
0
0
16585
16513
17142
0
0
16606
16493
17142
16571
17157
16835
0
0
17230
16622
16606
0
0
0
0
0
0
0
0
0
0
16662
0
0
0
0
0
0
0
0
0
0
0
0
0
11617
20718
0
11645
16891
16682
11629
0
16891
0
0
16904
16698
0
10399
16926
16916
16915
11645
16891
0
11644
17241
16291
16682
0
0
0
16704
16703
0
0
16668
0
0
0
0
0
0
0
0
0
0
0
0
0
0
0
0
0
0
0
0
16970
17450
0
0
0
16733
0
0
16828
17470
16828
16835
16835
16870
16756
16803
16756
16770
16304
16819
0
16870
16770
16304
16813
16803
16304
16779
16756
16756
0
16954
16756
16779
16783
16304
16968
16968
16811
16813
16756
16787
16787
16334
0
16954
16756
0
16814
16756
16813
16959
16954
0
16813
16779
16779
0
0
0
0
0
16813
0
16746
16840
16811
0
16872
16813
16803
16813
16803
16803
0
16787
16803
0
16858
16871
0
16811
16814
0
16814
0
16847
0
0
16858
16872
16847
16814
0
16814
17030
16840
16803
17165
16835
17165
16835
0
17165
16968
17165
17470
16803
17165
0
17135
16946
16828
15891
0
17165
16828
17158
17438
15897
16803
0
16840
16814
15892
17067
16959
16840
17036
17045
16814
16814
0
17036
17082
16814
17045
17054
17045
17012
17012
16840
16364
16471
0
0
0
16304
16870
17082
11644
11645
16904
16891
0
16926
0
0
17238
16891
11606
17241
16493
0
0
0
17241
0
11619
16882
16915
16493
16493
11645
16893
16559
16915
16559
0
0
17238
16915
16513
11644
16916
0
0
16904
16916
0
0
0
16916
0
0
0
16478
0
16295
16999
0
16617
16414
11602
16414
0
16496
0
16916
16300
0
0
0
15818
0
17438
0
17183
17182
0
0
0
17420
0
0
0
0
17183
0
0
16968
0
16970
0
16870
17022
16779
0
16814
0
0
0
0
0
0
0
16949
0
0
0
0
17012
16814
0
0
0
0
0
0
0
0
16975
0
0
0
0
0
0
16814
16814
0
0
0
0
17019
16814
0
16814
16975
0
16959
16814
16814
16814
17741
17077
0
0
17030
17026
17026
0
0
0
16968
16814
0
17077
0
17026
0
0
17012
0
0
17036
16814
16968
16968
17082
0
17045
17012
17036
15818
17067
15818
16814
17082
0
17054
17030
15818
17012
17036
15818
17082
15707
0
16968
17012
17030
17067
17036
17067
17045
0
15845
16968
17045
17082
0
15845
15818
17036
0
0
15690
15689
15818
16092
0
0
0
0
0
0
17036
17082
0
15818
17030
17082
0
17036
17067
0
0
0
0
0
0
0
0
0
0
0
0
0
0
0
0
0
0
0
0
0
16703
0
0
0
0
0
16496
17158
17157
17165
16496
0
17857
0
17182
17158
17857
17135
0
17157
0
17183
0
16430
17191
0
0
17157
17857
0
0
17183
17699
17953
17953
17157
17840
16432
16828
16942
0
16828
0
0
0
0
0
0
0
0
17158
0
0
0
17964
16828
0
17952
17158
0
17182
17157
17964
17183
17182
0
16645
0
16636
0
0
0
17202
17964
17967
0
16616
16333
0
17202
16733
16616
17202
17198
16585
0
16870
17206
16615
0
17198
16585
17206
0
17198
17206
0
16585
17183
0
17198
0
0
17232
0
0
0
0
16585
0
0
0
0
0
0
0
0
0
0
0
0
0
16520
16559
16882
0
16559
16513
0
16559
10413
16912
18333
18337
18333
17407
17784
17314
0
17321
17292
17251
17680
17659
14970
0
17766
18333
17292
18337
17407
18337
17276
17276
17276
17276
17276
17276
17339
17993
17276
17276
17339
0
17362
17276
17331
17993
17331
17339
17299
17331
17299
17331
17339
17776
17276
17993
17299
0
0
17251
17347
17276
18337
17870
0
18337
18337
18337
17251
18337
17251
17314
18337
17314
0
17311
0
17251
17311
0
17311
17311
17251
17314
17766
18337
0
0
0
17765
17776
0
0
17665
0
0
0
17333
0
17339
17362
17368
17362
17331
0
17456
17331
17362
17870
14935
17351
0
0
17311
17293
17678
0
14935
17292
14935
14978
15069
17314
14935
17362
14097
17362
0
14097
17368
14083
17362
14995
0
14097
17276
0
17732
0
0
0
0
0
18016
0
0
18030
0
0
17535
0
17680
0
17535
0
0
0
17376
0
0
17902
17765
0
19160
0
0
0
0
18060
17535
0
0
0
17870
0
17135
16835
0
16733
17448
0
17438
17445
18114
14935
0
0
17557
0
17438
18004
17466
0
17448
0
18004
0
18079
0
16946
18115
18012
17466
0
0
18012
17999
0
18306
16946
0
18189
18080
0
0
0
0
18306
0
18339
0
0
16496
17455
0
0
18115
0
0
18080
17438
0
17276
0
0
0
0
18306
0
16496
0
17815
17339
0
0
17776
17776
18165
17715
17326
18274
18322
17765
17898
0
0
0
0
0
0
0
18054
0
0
18169
17504
0
17504
17504
0
17442
0
18062
18169
0
17504
18055
18055
18034
18060
17999
18143
0
0
0
17535
0
17653
17839
0
17986
17518
17518
17524
18060
17672
18169
0
0
17518
0
0
18049
17535
0
17518
0
0
0
0
0
17556
17450
18114
17747
17840
17914
17914
17756
17756
18111
0
0
17459
17459
17747
17745
17756
0
17701
0
17735
17745
17745
17571
18108
0
17745
0
17747
0
18111
17740
17747
17535
17524
0
17524
18049
17524
0
17518
18180
0
0
0
0
0
0
0
0
17659
17653
17796
0
0
17732
17648
17851
17854
17638
17854
17635
17635
17854
17856
17854
17648
17851
17854
17648
17648
17861
17635
17861
17861
17851
17648
17638
17961
17861
18187
17953
17648
18187
17964
17856
17638
17638
17638
0
17964
18187
0
17638
17638
18192
18187
17638
18192
18192
17861
17952
0
17635
17635
17952
17856
0
0
17870
0
17796
17659
0
17659
17665
17665
17665
17406
0
0
0
0
17518
17679
17518
0
16828
16733
16835
16733
17158
0
0
0
0
0
17731
17721
17715
0
17701
0
18474
17796
17796
17815
17521
18429
18447
17339
17919
17699
0
17923
0
17914
17914
17139
18124
17723
17723
17923
17701
17699
17699
17701
17923
17720
0
17914
17715
0
0
0
0
0
0
0
0
17868
17720
17865
17868
18012
0
0
17653
0
0
0
17735
17735
0
0
0
17740
17735
17571
0
17715
0
0
17571
17735
17740
0
17557
17571
17701
0
17735
17429
17735
17699
17723
0
17723
17701
0
0
18273
0
0
17993
0
18002
17479
18337
17479
0
18272
17766
17993
17765
17784
17784
17784
0
18287
17292
17479
18333
18337
18333
17479
17293
17765
0
0
0
18429
18448
0
18333
0
17784
17796
17810
17799
17321
17731
18333
18377
0
17479
0
0
17937
0
0
18429
23171
0
0
17796
0
0
18081
17882
17519
17981
17922
0
17999
18203
18030
17922
18189
0
17590
0
23626
0
0
17861
17861
17861
17648
17861
17861
17648
17861
17840
17856
0
17840
0
0
17922
0
0
17861
17840
18175
0
17981
18050
17812
0
17926
17563
0
17699
0
0
17699
17407
17299
18337
18337
18041
0
17299
17945
17922
0
17407
17565
0
17276
0
17720
17926
17699
17991
0
17723
17276
17504
17276
0
0
18429
18030
0
0
0
18192
18429
17921
17810
0
0
17921
17909
0
18101
0
17810
17756
17504
18095
0
0
0
0
0
17921
17740
0
17914
17999
18103
17989
17740
18101
17715
17701
0
0
0
0
17914
17923
17923
18103
23862
17923
0
18053
23606
23865
23865
0
18013
0
0
17854
17158
17854
17964
17648
17961
17635
0
0
17854
0
17638
0
0
17648
17961
17854
17854
17882
17999
0
18149
17981
0
0
0
17922
0
18030
0
23521
0
0
18203
0
0
17155
0
17504
0
17299
0
0
0
0
0
0
0
0
23862
0
0
18101
18090
17153
0
23575
0
0
0
23865
23535
0
0
0
0
17518
17524
18041
18055
17535
0
18054
0
18317
17680
0
17535
0
18054
0
17535
18054
17535
18055
17524
18062
0
17258
18069
18034
18054
17524
0
18055
0
0
18049
18055
0
0
0
0
17535
0
18034
0
18143
0
18169
0
0
0
0
0
0
0
0
0
18169
18143
17999
0
0
18169
0
0
0
0
0
18124
0
0
0
0
0
0
0
18124
17765
17701
0
0
17699
18124
17699
18126
0
0
0
18124
0
18114
0
0
0
18030
0
0
17571
0
0
0
0
0
0
17571
17155
0
0
0
0
0
18124
0
18124
0
18090
0
0
0
0
0
18149
17638
18222
18149
17979
18203
0
18222
18203
17999
18212
18203
0
18149
17922
0
0
17999
17999
17999
18203
18149
18203
0
0
18149
0
18149
0
0
17504
18169
0
0
18203
18068
0
18187
0
18212
17986
18062
18203
0
17882
0
18212
17986
18192
0
0
0
0
23622
0
0
0
17922
18222
18192
0
0
23862
0
0
18222
0
18222
18203
0
0
16733
17922
18149
18203
0
18080
0
0
17979
17466
0
0
18187
17638
0
18222
18203
17638
18212
18175
17857
18222
17856
18203
18192
18222
18222
18175
18187
18222
18192
18192
18189
18187
17986
18175
16828
16946
16835
17438
16946
16733
14984
0
0
0
9797
18315
18165
18295
18272
18295
0
0
18297
18270
0
18166
9804
0
18272
0
0
0
0
0
0
18272
18272
0
18277
17784
0
18274
18322
0
18274
18280
17898
0
18322
18214
18292
0
0
18214
18292
0
0
0
18203
17882
18000
16828
18192
17470
17882
18212
0
17466
17504
18203
18004
0
0
18214
0
0
0
0
0
0
0
0
0
0
0
17276
17276
17784
18337
18337
0
18337
17766
0
17784
18337
18337
0
0
0
0
0
0
15114
0
0
0
0
0
18362
0
0
0
0
0
18675
0
0
0
14970
0
0
0
0
18396
15661
15661
0
0
0
0
18405
18362
0
0
0
0
0
0
0
0
14139
18461
14123
0
0
0
14076
0
0
0
18342
0
0
0
0
0
0
18468
0
18503
0
0
0
0
0
0
0
0
0
17653
0
0
0
0
0
18423
0
17521
0
0
0
0
0
17521
0
17679
18429
0
0
0
18448
18447
0
0
0
18502
18435
18447
0
18454
18447
0
18495
18454
18447
0
0
0
18502
18198
18502
17837
23145
0
0
0
0
0
0
0
0
18461
0
0
0
0
0
0
0
0
0
0
0
0
0
0
0
0
0
0
0
0
0
0
0
0
0
18456
0
23134
23134
23158
23149
23158
0
18498
17810
0
0
0
18498
0
0
0
23194
18638
18615
18579
18683
18612
0
0
18612
19091
19053
0
0
0
0
18696
0
18738
0
0
18528
18638
0
0
19083
0
18995
0
0
0
18530
0
0
0
0
0
19043
0
18869
0
19024
18995
0
19519
0
0
18612
18683
0
0
18696
0
0
0
0
0
0
0
0
0
18574
0
0
19024
18611
0
18581
0
0
0
18588
18573
0
0
0
18640
0
18590
19896
18590
18669
19896
18611
0
18579
0
18611
19898
18611
18869
0
0
18860
18612
0
0
0
0
0
0
0
0
0
0
0
18638
0
0
18590
0
0
0
0
19152
0
0
0
18602
0
0
0
18602
18683
0
0
0
0
0
0
0
0
18612
18528
0
18612
0
18683
0
18590
18860
0
0
0
0
0
18608
18608
0
0
0
18612
18590
18573
0
0
0
19140
19384
19384
19486
0
18696
0
0
0
0
0
18675
0
0
0
0
0
0
0
0
0
18590
0
18528
18611
18683
18683
18579
18638
18611
18638
18638
18612
18512
18683
0
18528
18638
18638
18577
0
18638
18612
18638
18638
0
0
0
0
0
0
0
0
0
0
0
0
0
0
0
0
0
0
0
0
0
0
0
0
0
0
19085
0
19070
0
0
0
0
18860
0
18544
18754
0
18869
18609
0
0
0
0
0
0
0
0
0
0
0
18952
0
19043
18871
19024
0
18882
18866
0
0
0
19035
19024
18982
0
18530
18530
18860
0
18955
18877
0
0
0
18789
18993
18895
0
18944
0
18803
18945
0
18914
18945
0
18914
0
18990
0
0
18945
0
0
0
18948
0
0
0
18827
0
18827
0
18914
0
18809
18809
18882
18914
18827
18809
22587
0
18925
22597
22587
18827
18895
22594
18853
0
0
18925
18827
0
18925
22600
18926
18827
18926
18914
18925
18926
18827
18827
18827
22639
18914
0
0
22639
0
18926
18926
0
18926
0
22639
18877
18869
18869
18882
18871
0
18877
18877
18860
18860
18860
0
18860
18881
0
0
0
18993
18881
18982
18999
18999
0
18982
18881
18881
0
0
18881
18881
19063
18995
18877
19024
19519
18882
19129
18797
18922
0
0
18925
18908
18914
19032
19129
0
18882
18908
18908
19129
19129
18882
0
18925
18914
19002
18926
18882
0
18914
18945
18659
18983
18926
18914
19032
0
18925
18926
0
0
18936
18925
18926
19085
0
19003
19042
18925
0
0
0
0
18530
18925
0
0
18925
0
0
18925
0
0
0
0
0
0
19516
19140
0
19024
18982
0
0
19483
19384
0
18982
19057
18659
18595
19485
0
18877
0
18982
0
18877
18882
18895
18999
18595
19516
18877
18982
18882
0
0
18999
18990
18882
18869
18877
18982
0
0
18959
0
19057
0
18959
19516
0
0
0
0
0
0
19024
18530
0
0
0
18860
18983
18373
18959
18659
18595
18869
19489
18871
19105
0
0
18871
0
19092
0
19024
0
0
19057
0
19060
0
0
19024
19105
0
19063
0
18860
18544
18638
0
0
0
0
0
18530
0
18544
0
19035
18638
19097
0
0
0
0
0
18595
19140
0
0
19142
0
0
0
0
0
0
19044
0
0
19047
0
0
0
0
0
0
19087
19087
0
0
0
19087
0
0
0
19085
19061
0
0
0
19102
18860
0
0
0
19102
19119
19092
19105
0
19122
0
0
0
19129
18866
18882
19105
19119
19122
0
0
19092
0
19105
19122
0
0
18860
0
0
19102
19489
19092
0
19102
0
19129
18860
0
0
0
0
0
0
0
0
0
0
0
0
19479
0
0
18952
18982
0
0
0
0
0
0
18860
19289
8351
19164
8355
0
19164
8262
19164
0
20117
20117
19160
8265
19164
8265
0
20092
20085
19164
8308
0
0
19160
20092
0
8457
19563
0
19160
8303
0
8355
0
20680
0
0
0
0
0
0
0
0
19191
0
0
8358
8308
20117
0
0
0
0
0
0
0
0
0
0
0
0
0
0
0
0
0
20785
0
0
0
0
0
0
8283
0
19160
20085
19229
20160
19547
20160
20074
19240
20238
20489
0
20160
0
0
20130
20640
20161
20637
0
0
20771
20155
20147
20485
20092
0
19913
19291
20026
0
0
19913
19305
0
0
0
19303
0
0
0
19297
19312
20162
19299
19889
0
0
20187
0
20191
20026
0
20191
20079
20114
20187
0
19291
19296
0
19566
0
20015
19289
19265
19311
0
0
19311
0
19299
19299
19307
0
20084
0
20015
0
19846
20191
19296
0
0
20191
20187
20092
0
0
0
0
0
0
0
0
0
0
0
0
0
0
0
0
0
0
0
0
18609
0
0
0
0
0
19574
19475
0
0
20522
19987
0
19352
19366
19460
0
19369
19475
19357
19460
0
19453
19467
19987
20521
19366
19983
19989
19424
0
19496
19366
0
19479
19412
18669
19889
19878
0
19523
19883
19908
19087
19412
18669
19484
19908
0
19921
19392
19392
18669
19392
18578
19908
0
19523
19908
19392
19484
0
0
0
19933
19489
0
19479
0
0
19392
19419
0
0
0
0
0
0
0
0
0
0
0
0
0
0
0
0
0
19983
19985
20530
19366
20530
19475
19366
19455
0
0
0
0
0
0
0
19716
0
0
0
19452
0
0
19478
0
19478
0
19716
0
0
0
0
0
20536
19989
19460
0
0
0
0
0
19716
0
0
19478
19477
19357
19357
0
19716
19726
0
0
0
0
0
19087
19516
19384
0
0
0
0
19384
0
0
0
19330
0
0
0
0
0
0
0
0
0
0
0
0
0
0
0
0
20161
19547
20706
20707
20152
0
0
0
0
19384
0
0
18871
18869
18982
0
0
0
0
18959
0
0
0
0
19714
19024
0
0
0
18869
0
0
0
0
0
0
0
0
0
0
20161
20170
20155
19547
20161
20704
19547
19384
0
0
0
0
0
0
0
0
0
0
0
0
20139
19564
0
0
0
0
0
0
0
0
0
0
0
0
0
19691
19716
0
19357
0
19466
0
0
0
19448
0
19598
19721
19598
19640
0
19648
19640
19640
19589
19633
19466
19640
19450
0
19721
19699
19630
0
19450
0
0
0
0
0
0
0
0
0
0
0
0
0
19720
19632
19650
19575
0
19698
0
0
0
0
19666
0
19647
19658
0
19593
19656
20383
19696
19698
19660
0
0
19598
0
19679
0
19640
19655
0
0
19666
0
19660
0
19666
19635
19632
0
0
0
0
0
0
0
19676
19866
19696
19656
0
0
0
19650
0
19655
0
19655
0
19698
0
0
19723
19723
19720
19701
0
0
19652
0
19647
0
19598
0
0
19701
0
0
19696
0
19658
0
19616
19696
0
19691
20378
0
0
0
0
0
19719
19719
0
0
0
19719
0
0
0
0
20321
19496
19496
19466
0
0
0
0
0
0
0
0
0
0
0
19866
19679
19681
19757
22301
19748
0
0
22301
19757
0
19863
19748
19863
19748
0
0
0
0
0
0
0
22261
0
0
0
19741
19686
19694
0
19863
0
0
20117
20117
20117
19566
20117
20191
8351
20117
20191
8262
20191
0
0
18573
0
0
0
0
0
0
0
0
0
0
0
0
0
0
0
0
0
0
0
0
0
19817
0
0
19799
0
0
19987
0
0
0
0
0
0
0
0
0
19818
20655
19467
20655
0
19889
19846
19289
19933
20031
0
19947
19297
19846
19933
0
20026
19933
20026
19933
0
20015
19297
0
19933
20015
0
19914
19921
19914
0
0
0
0
22344
22304
22308
0
0
22301
0
19667
22218
19748
22313
22313
19863
22304
19883
19896
19896
19881
0
19402
19914
0
19975
0
19975
19908
0
19920
0
0
19896
19896
0
19920
19896
0
0
19938
0
19920
0
19908
19908
19975
18579
0
19915
20026
0
19878
19878
19939
19024
0
0
0
0
19916
0
20011
0
0
19881
20026
20031
19896
0
20031
19914
19939
19965
19898
19849
0
19846
20011
0
19412
0
0
19958
20016
19920
19938
19908
19933
19938
0
0
19883
0
19398
19938
0
19413
19975
19920
19914
0
0
0
0
0
19479
19483
0
19801
0
0
19965
0
19757
0
22313
19914
0
19404
0
0
19953
19814
0
20219
0
20068
0
20073
0
0
0
0
0
20051
0
0
0
0
19995
0
0
0
0
0
0
0
0
0
8353
0
0
0
0
20026
20024
19895
0
0
20018
0
19312
19908
19846
20031
19311
0
19255
0
19846
19289
19947
0
0
0
20238
20074
19988
0
20074
20479
20489
20041
0
20362
20219
20475
0
20336
20362
20066
0
20056
0
0
20041
0
20364
0
0
19961
20032
20032
19985
20032
0
20756
19989
0
19989
0
0
0
20483
20219
0
0
19989
19566
20085
20085
0
19307
19160
20085
0
0
0
20117
19566
19205
0
19160
8270
0
8262
20085
19164
8286
8264
8286
8345
19160
20085
19296
20117
19296
19299
19164
20085
8353
8262
0
0
19311
20117
0
0
19305
0
0
8270
0
0
19311
0
20085
0
19311
0
20177
0
0
0
20085
8270
20135
0
0
20169
20139
0
20152
20691
8283
20135
19259
20114
0
0
0
0
20135
20162
0
20166
19248
0
20136
0
20707
20162
0
0
0
20705
19240
19249
0
0
0
0
0
20691
0
0
0
20707
20136
0
0
20162
0
20051
20691
0
0
0
0
0
19566
20191
20191
0
0
19305
19311
20191
0
0
20683
20191
19299
20085
20191
20191
19305
0
0
8353
0
0
0
20726
20475
20618
19366
0
20074
0
0
0
0
0
0
0
0
20248
0
20304
0
20740
20304
20456
19547
0
0
0
20331
0
0
0
20307
20170
0
0
20304
20263
0
20587
0
0
0
0
0
0
20650
20266
20290
0
20414
0
20270
0
0
0
20270
0
0
20624
20270
20438
0
0
0
0
20270
0
0
20265
20290
0
20251
20623
20623
0
20266
20266
20270
20618
20265
20623
0
20618
0
0
0
0
0
0
0
0
0
0
0
0
0
0
0
0
20333
20618
0
0
19496
0
0
19726
0
19455
0
0
0
0
0
0
0
0
20646
20727
0
20727
20325
0
20727
0
0
20521
0
20787
19424
0
0
20565
20565
0
0
20549
20005
20343
0
0
20304
0
0
0
0
0
0
0
0
0
0
0
0
20304
0
0
0
0
0
0
0
0
0
0
0
0
20378
0
0
0
19691
0
0
0
0
0
0
0
0
0
20634
0
0
0
0
0
0
0
0
0
0
0
20463
0
0
20489
0
20645
0
20549
0
0
0
0
0
0
20624
0
0
20722
0
0
0
20623
0
0
0
20722
0
0
0
0
0
0
0
0
0
20266
0
0
0
0
0
0
0
20397
0
0
20670
0
20568
20456
20609
0
20618
20270
0
20871
20049
0
0
0
0
0
0
0
20638
0
0
20638
20483
0
0
0
0
0
20729
20480
0
0
0
20334
20228
0
0
0
19987
19248
20233
0
19248
20638
20480
0
0
0
0
20594
0
20334
0
20638
0
0
0
0
20406
20321
0
0
0
0
0
0
0
0
0
0
20567
0
20478
0
0
0
0
20541
0
0
20558
20562
0
19366
20727
20521
20524
20049
0
20524
20727
20543
0
0
0
0
0
0
20545
20674
0
0
20549
20836
20527
20590
20586
20590
0
0
0
20489
0
20344
0
0
20667
0
20549
0
0
0
0
0
0
0
19357
19983
19455
19989
0
19455
0
19455
0
0
0
0
0
0
0
0
0
0
0
0
0
0
0
20041
20642
0
20720
20041
19547
20700
20638
0
19248
20478
20489
0
0
0
0
20722
20611
0
20624
0
0
20752
20484
20590
0
0
0
20722
0
20618
20623
0
0
0
0
0
0
0
20763
0
0
20705
0
0
0
20638
0
0
0
20483
0
20456
0
20740
20215
20523
0
0
20787
19987
0
0
0
0
0
0
0
0
0
0
0
0
0
19249
20130
0
0
0
0
0
0
0
0
0
20785
0
0
0
20208
0
19988
0
0
0
0
20169
0
20712
0
20170
0
20155
0
20768
0
0
0
0
0
0
20147
20690
20712
20704
0
0
0
0
20680
0
0
0
0
20726
0
20726
20618
20063
0
0
20611
0
0
20307
20786
20726
20730
20453
20726
20740
20306
0
0
20722
20334
20726
20759
20472
20726
20726
20786
20726
20623
20740
0
0
20334
20786
0
20623
20333
0
19989
20456
20307
0
20567
20051
20333
7874
0
0
0
0
20638
0
7874
20242
0
20700
20717
0
20804
0
0
0
20720
0
0
0
0
0
0
0
0
0
0
0
21010
0
0
0
0
21010
0
0
0
0
0
0
0
0
0
0
0
0
0
0
0
0
0
20869
0
0
0
21015
0
0
21010
0
0
20797
20828
21011
0
0
0
20918
0
0
0
0
0
0
0
0
0
0
0
0
0
0
0
0
0
0
0
0
20810
0
0
0
0
20797
20799
0
0
0
0
0
0
0
0
0
0
0
0
0
0
0
0
0
0
0
0
0
0
0
0
0
0
0
0
0
0
0
0
0
0
0
0
0
0
0
0
0
0
0
0
0
0
0
0
0
0
0
0
0
0
0
0
0
0
0
0
0
20946
0
0
0
0
0
0
0
0
0
0
0
0
0
0
0
0
0
0
0
0
0
0
0
0
0
0
0
0
0
0
0
0
0
0
0
0
0
0
0
0
0
0
0
0
0
0
20970
0
0
0
0
0
0
0
0
0
21015
0
0
0
0
0
0
0
0
0
0
0
0
0
0
0
0
0
0
0
0
0
0
0
0
0
0
0
0
0
0
0
0
0
0
0
0
0
0
0
0
0
0
0
0
0
20683
0
0
0
21085
0
0
0
0
0
0
0
0
0
0
0
0
0
0
0
21052
0
0
0
0
0
0
0
0
0
21085
0
0
0
0
0
0
0
0
0
0
0
0
0
21085
20208
0
0
0
0
0
0
0
0
0
0
0
0
0
0
0
21149
0
0
0
18754
0
0
0
0
0
0
0
0
0
0
0
0
0
0
0
0
21167
0
0
0
0
0
0
0
0
0
0
0
0
0
0
0
0
0
0
0
0
0
0
0
0
0
0
0
0
0
0
0
0
0
0
0
0
0
0
0
0
0
0
0
0
0
0
0
0
0
0
0
0
0
0
0
0
0
0
0
0
0
0
0
0
0
0
0
0
0
0
0
0
0
0
0
0
0
0
0
0
0
0
0
0
0
0
0
0
0
0
0
0
0
0
0
0
0
0
0
0
0
0
0
0
0
0
0
0
0
0
0
0
0
0
0
0
0
0
0
0
0
0
0
0
0
0
0
0
0
0
0
0
0
0
0
0
0
0
0
0
0
0
21255
0
0
0
0
21255
0
0
0
0
0
0
0
0
0
0
0
0
0
21269
0
0
0
0
0
0
0
0
0
0
0
0
0
0
0
0
0
0
21222
0
0
0
0
0
0
0
0
0
0
0
0
0
0
0
0
0
22855
0
0
0
0
0
0
0
0
0
0
0
0
0
0
0
0
0
0
0
0
0
0
0
0
0
0
0
0
0
0
0
0
0
0
0
0
0
0
0
0
0
21136
0
0
0
0
0
0
0
0
0
0
0
0
0
0
0
0
0
0
21393
0
0
0
0
0
0
0
0
0
0
0
0
0
0
0
0
0
0
0
0
0
0
0
0
0
0
0
0
0
0
0
0
0
0
0
0
0
0
0
0
0
0
0
0
0
0
0
0
0
0
0
0
0
0
0
0
0
0
0
0
0
0
0
0
0
0
0
0
0
0
0
0
0
0
0
0
0
0
0
0
0
0
0
0
0
0
0
0
0
0
0
0
0
0
0
0
0
0
0
0
0
0
0
0
0
0
0
0
0
0
0
0
0
0
0
0
0
0
0
0
0
0
0
0
0
0
0
0
0
0
0
0
0
0
0
0
0
0
0
0
0
0
0
0
0
0
0
0
0
0
0
0
21478
0
0
0
0
0
0
0
0
0
0
0
0
0
0
0
0
0
0
0
0
0
0
0
0
0
0
0
0
0
0
0
0
0
0
0
0
0
0
0
0
0
0
0
21618
0
0
0
0
0
0
0
0
0
0
0
0
0
0
0
0
0
0
0
0
0
0
0
0
0
0
0
0
0
0
0
0
0
0
0
0
0
0
0
0
0
0
0
0
0
0
0
0
0
0
0
0
0
0
0
0
0
0
0
0
0
0
0
0
0
0
0
0
0
0
0
0
0
0
0
0
0
0
0
0
0
0
0
0
0
0
0
0
21659
0
0
0
0
0
0
0
0
0
0
0
0
0
0
0
0
0
0
0
0
0
0
0
0
0
0
0
0
0
0
0
0
0
0
0
0
0
0
0
0
0
0
0
0
0
0
0
0
0
0
0
0
0
0
0
0
0
0
0
0
0
0
0
0
0
0
0
0
0
0
0
0
0
0
0
0
0
0
0
0
0
0
0
0
0
0
0
0
0
0
0
0
0
0
0
0
0
0
0
22144
0
0
0
0
0
0
0
0
0
0
0
0
0
0
0
0
0
0
0
0
0
0
0
0
0
0
0
0
0
0
0
0
0
0
0
0
0
0
0
0
0
0
0
0
0
0
0
0
0
0
0
0
0
0
0
0
0
0
0
0
0
0
0
0
0
0
0
0
0
0
0
0
0
0
0
0
0
0
0
0
0
0
0
0
0
0
0
0
0
0
0
22172
0
0
0
21849
0
21849
0
0
0
0
0
0
0
0
0
0
0
0
0
0
0
0
0
0
0
22009
0
0
0
0
0
0
0
0
0
21896
0
0
0
0
0
0
0
0
0
0
0
0
0
0
0
0
0
0
0
0
0
0
0
0
0
0
0
0
0
0
0
0
0
0
0
0
0
0
0
0
0
0
0
0
0
0
0
0
0
0
0
0
0
0
0
0
0
0
0
0
0
0
0
0
0
0
0
0
0
0
0
0
0
21639
0
21964
0
0
24115
0
0
0
0
0
0
0
0
0
0
0
24116
0
0
0
0
0
24119
0
21953
0
0
0
0
21819
0
0
0
0
22006
0
0
0
0
0
0
21983
0
0
0
0
0
0
0
0
0
0
0
0
0
0
0
0
0
0
0
0
0
0
0
0
21939
0
0
0
0
0
0
0
0
0
0
0
0
0
0
0
0
0
0
0
0
0
0
0
0
0
0
0
0
0
0
0
0
0
0
0
0
0
0
0
0
0
0
0
0
0
0
0
0
0
0
0
0
0
0
0
0
0
0
0
0
0
0
0
0
0
0
0
0
0
0
0
0
0
0
0
0
0
0
0
0
0
0
0
0
0
0
0
0
0
0
0
0
0
0
0
0
0
0
0
0
0
0
0
0
0
0
0
0
0
0
0
0
0
0
0
0
0
0
0
0
0
0
0
0
0
0
0
0
0
0
0
0
0
0
0
0
0
0
0
0
0
0
0
0
0
0
0
0
0
0
0
0
0
0
0
0
0
0
0
0
0
0
0
0
0
0
0
0
0
0
0
0
0
0
0
0
0
0
0
0
0
0
0
0
0
0
0
0
0
0
0
19866
0
0
0
0
0
0
0
0
22517
0
22228
0
22204
22241
0
0
22554
22228
22420
22238
0
0
0
0
0
0
0
0
0
0
22420
0
0
0
0
0
0
0
0
0
0
0
0
0
0
0
0
0
0
0
0
0
0
0
0
0
22527
0
0
0
0
0
0
0
0
0
0
0
0
0
0
0
0
0
0
22293
0
0
0
22402
22370
0
22312
22370
0
22363
22315
0
0
22371
22344
0
0
22374
22312
0
0
22329
0
22312
22436
22329
22313
22301
22315
22213
19863
0
0
0
0
22218
0
22313
0
22345
22276
0
22378
0
0
0
22304
22430
0
0
22369
0
0
0
0
0
22369
0
0
22312
0
0
0
0
22402
0
0
0
22312
22402
0
0
22369
0
22374
0
0
0
0
0
22379
0
22350
0
0
0
0
0
0
22371
0
0
0
0
0
0
0
0
22468
0
22377
0
0
0
22379
0
0
0
22369
0
0
0
0
0
22301
22228
0
0
0
0
0
0
0
0
0
0
0
0
0
0
0
0
0
0
0
0
22517
0
0
0
0
0
0
0
0
0
0
0
0
0
0
0
0
0
0
0
0
0
0
0
0
0
0
0
0
0
0
0
0
0
0
0
0
0
0
0
0
0
22355
22372
0
22402
0
0
22370
22409
0
0
22377
0
22536
0
0
0
0
0
0
0
0
0
0
0
0
0
0
0
0
22372
0
22241
0
0
0
0
0
0
0
0
0
0
0
0
0
0
0
0
0
0
0
0
0
0
0
0
0
0
0
0
0
0
0
0
0
0
0
0
22540
0
0
0
0
0
0
21421
0
0
0
0
0
22517
0
0
0
0
0
0
0
0
21421
0
0
0
0
0
0
0
0
0
0
0
0
0
0
0
0
0
0
0
0
0
0
0
18809
0
0
0
18925
0
22594
22642
22594
0
0
0
0
0
22597
0
22597
22642
0
0
22663
22705
22879
22587
22587
22659
18809
22621
22705
0
0
22603
22642
22621
22623
22615
0
18809
0
0
0
0
22615
22615
18845
22659
22642
0
0
22615
0
0
0
0
0
22590
22587
0
0
0
0
21314
0
0
22626
0
0
0
0
0
0
0
0
0
0
18853
0
0
0
0
22598
0
0
0
0
0
0
0
0
0
0
0
0
0
0
0
0
0
0
0
0
0
0
0
0
0
0
0
0
0
0
0
0
0
0
0
0
0
0
0
0
0
0
0
0
0
0
0
0
0
0
0
0
0
0
0
0
0
0
0
0
0
0
0
0
0
0
0
0
0
0
0
0
0
0
0
0
0
0
0
0
0
0
0
0
0
0
0
0
0
0
0
0
0
0
0
0
0
0
0
0
0
0
0
0
0
0
0
0
0
0
0
0
0
0
0
0
0
0
0
0
0
0
0
0
0
0
0
0
0
0
0
22818
0
0
0
0
0
0
22818
0
0
0
0
22859
0
22810
22825
22805
22810
22810
0
22569
0
22841
22859
0
22823
0
0
0
22823
0
0
0
0
0
0
0
0
0
0
0
0
0
0
0
0
22841
0
0
21311
0
0
0
0
22880
0
0
0
0
0
0
0
0
0
0
0
0
22623
0
0
22869
0
0
0
0
0
0
22659
22659
0
0
0
0
0
0
0
22896
0
22897
22967
22882
0
0
22882
0
22893
0
0
22882
0
0
0
0
0
0
0
0
22900
0
0
0
0
0
0
0
0
0
0
0
0
22900
0
0
0
22900
0
0
0
0
0
0
22937
0
0
0
0
0
0
0
0
0
0
0
0
0
0
22931
0
0
0
0
0
0
0
0
0
0
0
0
0
0
0
0
0
0
0
0
0
0
22981
0
0
0
22972
0
0
0
22897
0
0
0
0
0
0
0
0
0
0
22990
0
0
0
0
0
0
0
0
0
0
0
0
0
0
0
0
0
0
0
0
0
0
0
0
0
0
0
25009
23015
0
0
0
0
22919
23390
24943
23029
0
23023
0
0
0
25230
0
0
0
23157
0
0
0
0
0
23044
0
0
0
0
0
0
0
0
0
0
0
23256
0
0
0
0
23063
23053
23263
0
0
0
0
23293
0
23071
0
0
0
0
0
23058
0
23037
23060
0
0
0
0
0
23096
0
0
0
0
0
0
23339
0
0
0
0
0
0
0
0
0
0
23375
0
0
0
0
0
0
0
23627
0
0
23117
23125
0
0
0
0
23116
0
0
0
0
23116
0
23116
23046
23210
0
0
18498
23116
23177
23134
23116
23116
23134
23134
0
0
23177
23177
23271
0
23166
0
23257
23210
23116
0
23177
23158
23281
0
23624
23203
23275
23225
23158
0
23157
0
0
0
0
0
23145
23177
17820
0
0
23203
0
22756
23166
0
0
23194
0
23295
23059
0
23117
23116
23177
23116
23622
0
23282
23203
23171
23116
23060
23319
23134
23177
23177
23210
0
0
0
23282
23210
0
0
23177
0
0
0
0
0
23430
0
23210
0
23160
0
0
0
0
0
23224
23158
23194
23166
0
23330
23252
0
0
23203
0
23255
23247
0
0
0
0
23255
23203
0
0
23259
0
0
0
0
0
23203
0
23212
0
23213
0
23203
23338
0
0
23252
0
0
0
0
0
23330
0
23275
0
0
0
0
23282
0
0
0
0
23168
23202
23275
0
23281
0
23194
23295
23210
0
0
0
23194
23295
0
23282
0
23282
23210
23202
23308
0
23350
0
23282
23313
23313
23339
23313
23323
0
23096
23313
23339
23107
0
0
23354
0
0
23344
0
23339
23243
23339
23313
23355
0
23339
0
23194
0
23243
23107
0
23096
0
0
0
0
0
23308
0
23096
0
23107
0
0
0
0
23308
23355
0
0
0
0
0
0
0
0
0
0
0
0
23355
0
23355
0
23308
23202
23319
0
0
0
0
0
23308
23355
0
0
0
0
23089
0
0
0
22908
23377
23088
23389
0
23104
23104
22920
0
23389
0
0
0
0
0
0
0
0
23389
0
0
0
0
0
0
0
0
23158
0
22919
23406
0
25008
0
0
24942
0
0
0
0
0
0
0
0
0
0
0
0
0
0
0
0
0
0
0
0
0
0
0
0
0
0
0
23486
0
23505
23515
0
23475
23711
0
0
0
0
0
0
0
0
0
0
0
0
0
0
0
0
0
0
23801
0
23829
23515
0
23505
23442
23601
0
0
0
0
0
0
0
0
0
23801
0
23496
0
0
0
23979
0
0
23979
0
0
23520
0
0
23515
0
0
0
0
0
0
0
0
0
0
0
0
23515
23515
0
23997
0
23505
0
23605
0
0
0
0
0
0
23835
0
0
0
23546
0
0
0
0
0
0
0
0
0
0
23534
0
0
0
0
23564
0
0
0
0
23721
0
0
0
0
0
0
0
0
0
23556
0
0
23520
0
23602
0
0
0
23869
0
23570
0
0
0
0
23862
0
23844
0
0
0
0
0
0
0
0
0
23612
0
0
0
0
0
23862
0
0
0
0
0
0
0
0
0
0
0
0
0
0
0
0
0
0
0
0
0
0
0
0
0
23203
23203
0
23145
0
0
0
0
0
0
0
0
0
23714
0
0
0
0
0
0
0
0
0
23534
0
0
0
0
0
0
0
0
0
0
0
0
0
0
23663
0
0
0
0
0
0
0
0
0
0
0
0
0
0
0
0
0
0
0
0
0
0
0
0
0
23519
0
0
0
0
0
0
0
0
23699
0
0
0
0
23696
0
0
23707
0
0
23829
0
0
0
0
0
0
0
23718
0
0
0
23899
0
0
0
23886
0
0
0
0
23838
0
0
0
0
0
23940
0
23703
0
23699
0
0
0
0
0
0
0
0
0
0
0
23746
0
0
0
23746
23757
23770
23746
23746
0
0
0
23740
0
23770
0
0
0
23770
0
0
0
23822
0
0
0
0
0
23740
0
0
0
0
23440
0
0
0
0
0
0
0
0
0
0
0
0
0
0
0
0
0
23732
0
0
0
0
0
23801
0
0
0
0
0
0
0
0
0
23486
0
0
0
0
0
0
23440
0
0
23825
0
0
0
0
0
0
0
0
0
0
0
0
0
0
0
0
23940
0
0
0
0
23863
0
0
0
0
0
0
23886
0
0
0
0
0
0
24007
23628
0
0
0
0
0
0
18124
0
0
0
0
23718
23895
23711
23713
23711
0
0
0
0
0
0
23547
23547
0
0
0
23895
0
0
23706
0
0
0
0
23869
0
0
0
0
0
0
0
0
0
0
0
0
0
0
0
0
0
0
0
0
0
0
0
0
0
0
0
0
0
0
0
0
0
0
0
0
0
0
0
0
0
23940
0
0
0
0
0
0
0
0
0
0
0
0
0
0
0
0
0
0
24804
0
0
0
0
0
0
0
0
0
0
0
0
23940
0
0
0
0
0
0
0
0
0
0
0
0
0
0
0
0
0
0
0
0
0
0
0
24082
0
0
0
0
0
0
0
0
0
0
0
0
0
0
0
0
0
0
0
0
0
0
0
0
0
0
0
0
0
0
0
0
0
0
0
0
0
0
0
0
0
0
0
0
0
0
0
0
0
0
0
0
0
0
0
0
0
0
0
0
0
0
0
0
0
0
0
0
0
0
0
0
0
0
0
0
0
0
0
0
0
0
0
0
0
0
0
0
0
0
0
0
0
0
0
0
0
0
0
0
0
0
0
0
0
0
0
0
0
0
0
0
0
0
0
0
0
0
0
0
0
0
0
0
0
0
0
0
0
0
0
0
0
0
0
0
0
0
0
0
0
0
0
0
0
0
0
0
0
0
0
0
0
0
0
0
0
0
0
0
0
0
0
0
0
0
0
0
0
0
0
0
0
0
0
0
0
0
0
24456
0
0
0
0
0
0
0
24260
0
16147
0
0
0
0
0
0
0
0
0
0
0
0
0
0
0
0
0
0
0
0
0
0
0
0
0
0
0
0
0
24370
0
0
0
0
0
0
0
24373
0
24370
0
0
0
0
24088
0
24218
0
0
0
0
0
0
0
0
0
0
0
0
0
0
0
0
0
0
0
0
0
0
0
0
0
0
0
0
24366
0
0
0
0
24296
0
0
0
0
0
0
0
0
0
0
0
0
0
0
0
24280
0
0
0
0
0
0
0
0
0
0
0
0
0
0
0
15600
24857
0
0
0
0
0
0
0
0
24306
0
0
0
0
0
0
0
0
0
24513
24509
24312
0
0
0
24306
0
0
0
0
0
0
0
0
0
24870
0
0
0
0
0
24344
0
0
24344
0
24337
0
0
0
24348
0
0
24370
24368
0
0
24091
0
0
24218
24337
0
24370
24233
24370
0
0
24218
0
24370
0
24089
0
0
0
0
0
0
0
0
0
16163
0
24391
0
0
0
0
0
0
0
0
0
0
0
0
0
0
0
0
0
0
24400
0
24449
0
0
0
0
0
0
0
0
0
0
0
0
0
0
0
0
0
0
0
0
24312
0
0
0
0
0
0
0
0
0
0
0
0
0
0
0
0
0
0
0
24184
0
0
0
0
0
0
0
0
0
0
0
0
0
0
0
0
0
0
0
0
0
0
0
0
0
0
0
0
0
0
0
24486
24858
0
0
0
24922
24529
0
0
0
0
0
24492
24886
24488
0
0
0
0
0
0
24505
24505
24510
24698
24505
24539
0
0
0
24509
24510
0
0
0
24509
0
24510
0
0
0
0
0
0
0
0
0
24496
0
0
0
0
0
0
0
0
0
0
0
0
0
0
0
0
0
0
24578
0
0
24657
0
0
24536
0
0
0
0
0
0
0
0
24584
24579
0
0
0
0
0
0
0
0
24617
0
0
24671
0
24671
0
24662
0
0
0
0
0
0
0
0
0
0
0
0
0
0
0
0
0
0
24601
0
0
0
0
0
0
0
0
0
0
0
0
0
0
0
0
0
0
0
0
0
0
0
0
0
0
0
0
0
0
0
0
0
0
0
0
0
0
0
0
0
0
0
0
0
0
0
0
24898
0
0
0
0
0
0
0
0
0
0
0
0
0
0
0
0
24663
0
0
0
0
0
0
0
0
24657
0
0
0
0
0
0
0
0
0
24662
0
0
24662
0
0
0
0
23714
0
0
0
0
0
0
0
0
0
0
0
0
0
0
0
0
0
0
0
0
0
0
0
0
0
0
0
0
0
0
0
0
0
0
0
0
0
0
0
0
0
0
0
0
0
0
24751
0
0
0
0
0
0
0
0
0
0
0
0
0
0
0
0
0
0
0
0
0
0
0
0
0
24753
0
0
0
0
24746
0
0
0
0
24729
0
0
24733
0
0
0
0
0
24771
0
0
0
0
0
0
0
0
24786
24895
24792
24777
0
0
0
0
0
24799
0
0
0
0
0
0
0
0
0
25021
0
0
0
0
0
0
0
0
0
0
0
0
0
0
0
0
0
0
0
0
0
0
0
0
0
0
0
24539
0
0
0
0
0
0
0
0
0
0
0
0
0
0
0
0
0
0
0
0
0
0
0
0
0
0
0
0
0
0
24488
0
0
24509
0
0
24312
0
24312
0
0
0
0
0
0
0
0
0
0
25227
0
0
0
0
0
0
0
0
0
0
0
24908
0
0
0
0
0
0
24913
0
0
0
0
0
0
0
0
0
0
0
0
0
0
0
0
0
0
0
0
24496
24493
0
24496
0
0
0
0
0
0
0
0
0
0
0
0
0
0
0
0
0
0
0
0
0
0
0
24990
0
0
0
0
0
0
0
0
0
0
0
0
0
0
0
24997
0
0
0
0
0
0
0
0
24998
24984
0
24997
0
24984
0
0
0
0
0
0
0
0
0
0
0
0
24997
0
0
0
0
0
0
0
0
0
0
0
0
0
0
0
0
0
0
0
0
0
0
0
0
0
0
0
0
0
0
0
0
0
0
0
0
0
0
0
0
0
0
0
0
0
0
0
0
0
0
0
0
0
0
0
0
0
0
0
0
0
0
0
0
0
0
0
0
0
0
0
0
0
0
0
0
0
0
0
0
0
0
0
0
0
0
0
0
0
0
0
0
0
0
0
0
0
0
0
0
0
0
0
0
0
0
0
0
0
0
0
0
0
0
0
0
0
0
0
0
0
0
25064
0
0
0
25200
0
0
0
0
0
0
0
0
0
0
0
0
0
0
0
0
0
0
0
0
0
0
0
0
0
0
0
0
0
0
0
0
0
0
0
0
0
0
0
0
0
0
0
25187
0
0
25187
0
0
0
0
0
25185
0
0
0
0
0
0
0
0
25185
0
0
0
0
25134
24683
0
0
24963
0
0
0
0
0
0
0
0
0
0
0
0
0
0
0
0
0
0
0
0
0
0
0
0
0
0
0
0
0
0
0
0
0
0
0
0
0
0
0
0
25112
0
0
0
0
0
0
24683
0
0
0
0
25177
0
0
0
0
0
0
0
0
0
0
0
0
25250
0
0
0
0
0
0
0
0
0
0
0
25328
0
0
0
0
0
0
0
0
0
0
0
0
0
0
0
0
25395
0
0
0
0
0
0
0
0
0
0
0
0
0
0
0
0
0
0
0
0
0
0
0
0
0
0
25433
0
0
0
0
0
0
0
0
0
0
25395
0
0
0
0
0
0
0
0
0
0
0
0
0
0
0
0
0
25313
0
0
0
0
0
0
0
0
0
0
0
0
0
25615
0
0
0
0
0
0
0
0
0
0
0
0
0
0
0
0
0
0
0
0
0
0
0
0
0
0
0
0
0
0
25430
0
0
25398
0
0
0
25463
0
0
0
0
25426
0
0
0
0
0
0
0
0
0
0
25455
0
0
0
0
0
0
0
0
0
0
0
0
0
0
0
0
0
0
0
0
0
0
0
0
0
0
0
0
0
0
0
0
0
0
0
0
0
0
0
0
0
0
0
0
0
0
0
0
0
0
0
0
0
0
0
0
0
0
0
0
25339
0
0
0
0
0
0
0
0
25491
25485
0
0
0
0
0
0
0
0
25451
25299
0
0
0
25451
0
0
0
0
0
0
0
0
0
0
0
0
0
0
0
25693
25529
0
0
0
0
0
0
0
0
0
0
25532
25529
0
25532
0
0
24608
0
0
0
0
0
0
0
0
0
0
0
0
0
0
0
0
0
0
0
0
0
0
0
0
0
0
0
0
0
0
0
0
0
0
0
0
0
0
0
0
0
0
0
0
0
0
0
0
0
0
0
0
0
0
0
0
0
0
0
0
0
0
0
0
0
0
0
0
0
0
0
0
0
0
0
0
0
25500
0
0
0
0
0
0
0
0
0
0
0
0
0
25658
0
0
0
0
0
0
0
0
0
0
0
0
0
0
0
0
0
0
25658
0
0
25598
0
0
13103
0
0
0
0
0
0
0
0
0
0
25524
0
0
0
0
0
0
0
0
25595
0
0
0
0
0
0
0
0
0
0
0
0
0
0
0
0
0
0
0
0
0
0
25692
0
0
0
0
0
0
0
0
0
0
0
0
0
0
0
0
0
0
0
0
0
0
0
0
0
0
0
0
0
0
0
0
0
0
0
0
0
0
0
0
0
0
25519
0
0
