-747425.16200000  -964658.70800000  137.05500000  0.02480116  150  126  85
-747425.21000000  -964658.74400000  137.08200000  0.02092080  113  93  65
-747425.20300000  -964658.66100000  137.07700000  0.02698653  122  100  68
-747425.19400000  -964658.68100000  137.06900000  0.02951931  129  106  74
-747425.20500000  -964658.64600000  137.08500000  0.02535897  107  88  60
-747425.12900000  -964658.64600000  137.01400000  0.02442123  103  79  56
-747425.10600000  -964658.65300000  136.99700000  0.02311346  103  81  53
-747425.13600000  -964658.65300000  137.02300000  0.02571454  112  88  62
-747425.14900000  -964658.68100000  137.03400000  0.02407643  123  100  71
-747425.13300000  -964658.70700000  137.03800000  0.02325321  134  112  81
-747425.27800000  -964658.61000000  137.08600000  0.03157754  135  112  82
-747425.19500000  -964658.51400000  137.07700000  0.06634658  117  92  66
-747425.16100000  -964658.63200000  137.04900000  0.03096301  130  104  76
-747425.18000000  -964658.60300000  137.07500000  0.04092472  124  93  68
-747425.04400000  -964658.56400000  136.99600000  0.02222448  180  158  128
-747425.08600000  -964658.63100000  136.98700000  0.02343000  110  88  62
-747425.10500000  -964658.59000000  137.00200000  0.02570771  131  109  83
-747425.14500000  -964658.55600000  137.02500000  0.04458260  147  120  90
-747425.10900000  -964658.61100000  136.99300000  0.02703529  108  86  64
-747425.06100000  -964658.60100000  136.98700000  0.02346243  166  145  122
-747425.02000000  -964658.53400000  137.00600000  0.05201762  138  114  86
-747424.99000000  -964658.54600000  137.00000000  0.02055211  120  97  70
-747425.01300000  -964658.59100000  136.98100000  0.02111569  120  100  78
-747425.02500000  -964658.60600000  136.98100000  0.02237193  131  109  86
-747424.97200000  -964658.52300000  137.00900000  0.02502408  106  87  65
-747425.93200000  -964658.41500000  136.97100000  0.01431045  159  144  111
-747425.33100000  -964658.47600000  137.08100000  0.02766373  149  128  101
-747425.18900000  -964658.40400000  137.05900000  0.03274013  118  96  72
-747425.20800000  -964658.42600000  137.05900000  0.03826045  67  49  33
-747425.24100000  -964658.47500000  137.08900000  0.05913900  142  115  84
-747425.06500000  -964658.45800000  137.04500000  0.02487466  75  56  36
-747425.03100000  -964658.44800000  137.04800000  0.02775464  114  96  71
-747425.10200000  -964658.43900000  137.05000000  0.02950580  78  59  35
-747425.13600000  -964658.51200000  137.04200000  0.05053816  136  113  82
-747425.10200000  -964658.50300000  137.03500000  0.03598663  122  100  73
-747425.00500000  -964658.49500000  137.03400000  0.02743958  133  113  88
-747424.92700000  -964658.44600000  137.04700000  0.02636434  121  98  69
-747424.91500000  -964658.41800000  137.04600000  0.02172399  87  67  48
-747424.90400000  -964658.45300000  137.03000000  0.02322059  147  120  88
-747424.85400000  -964658.39200000  137.04000000  0.02486808  142  121  92
-747424.88500000  -964658.43100000  137.03000000  0.02452317  120  96  70
-747425.87700000  -964658.27000000  137.07300000  0.01980612  140  125  87
-747425.86500000  -964658.34400000  137.09000000  0.02000471  98  80  57
-747425.59600000  -964658.26400000  137.04000000  0.06212932  128  100  74
-747425.58200000  -964658.27600000  137.05200000  0.04780098  150  123  94
-747425.18400000  -964658.31900000  137.07300000  0.12304820  148  127  97
-747424.79900000  -964658.31100000  137.04900000  0.02496349  90  77  58
-747424.89700000  -964658.38200000  137.04500000  0.02530404  82  63  45
-747424.83400000  -964658.33300000  137.06700000  0.02965402  154  134  106
-747424.83800000  -964658.27800000  137.06300000  0.03022532  91  77  55
-747425.88400000  -964658.18700000  136.98800000  0.02077214  83  74  54
-747425.61100000  -964658.25200000  137.03800000  0.05478450  107  78  56
-747425.55100000  -964658.18700000  137.08800000  0.04279502  123  94  68
-747424.93600000  -964658.22100000  137.08900000  0.16282524  118  99  75
-747424.79100000  -964658.25400000  137.05600000  0.02429816  73  60  38
-747424.82000000  -964658.24200000  137.06200000  0.02827721  86  68  47
-747424.80300000  -964658.20500000  137.07000000  0.02894268  142  118  87
-747424.74200000  -964658.15500000  137.03300000  0.02140951  109  94  63
-747424.75200000  -964658.19700000  137.03500000  0.02579588  107  91  64
-747424.73400000  -964658.23800000  137.03000000  0.02743219  152  135  110
-747425.85100000  -964658.03600000  137.01900000  0.02128992  184  177  157
-747425.83300000  -964658.11500000  137.05600000  0.02204430  76  63  48
-747424.82700000  -964658.10900000  137.08100000  0.19077366  138  120  92
-747424.72200000  -964658.06900000  137.03800000  0.02281825  120  100  74
-747424.66100000  -964658.10800000  137.01700000  0.02229143  136  119  93
-747424.68000000  -964658.13000000  137.01700000  0.02042778  125  105  85
-747424.65700000  -964658.06000000  137.00400000  0.02909922  126  109  86
-747424.57600000  -964658.01400000  136.97900000  0.01656319  118  103  82
-747424.62200000  -964658.05100000  136.98700000  0.01792094  147  127  103
-747424.60000000  -964658.05700000  136.98000000  0.01632446  139  119  94
-747424.64400000  -964658.04600000  136.99500000  0.02227000  141  121  99
-747424.64900000  -964658.06700000  136.99600000  0.02388422  125  108  87
-747425.68100000  -964657.93600000  136.96900000  0.01514553  173  143  110
-747425.59500000  -964657.92000000  137.08400000  0.01664086  147  129  91
-747425.58800000  -964657.91300000  137.07400000  0.01594837  150  131  94
-747424.80400000  -964657.96200000  137.07200000  0.03321734  109  92  71
-747424.65500000  -964657.94700000  137.02600000  0.02136717  163  135  105
-747424.71200000  -964657.95000000  137.04000000  0.02382907  167  150  117
-747424.66800000  -964657.89700000  137.05000000  0.02005201  142  110  89
-747424.65300000  -964657.96100000  137.01700000  0.02435538  170  143  110
-747424.65900000  -964657.96900000  137.01700000  0.02480048  163  136  104
-747424.56700000  -964657.97000000  136.99600000  0.01566581  136  117  97
-747424.56500000  -964657.98400000  136.98800000  0.01579736  93  78  61
-747424.59700000  -964658.00900000  136.97700000  0.01581152  86  73  58
-747424.84600000  -964657.78500000  137.06500000  0.02052502  91  71  46
-747424.80500000  -964657.88400000  137.08600000  0.02220193  116  98  71
-747424.85400000  -964657.79200000  137.07400000  0.02224528  96  73  46
-747424.80900000  -964657.84200000  137.09200000  0.02562893  93  74  51
-747424.85600000  -964657.77700000  137.08300000  0.01954432  97  75  49
-747424.78100000  -964657.82800000  137.07400000  0.02225979  139  120  79
-747424.81400000  -964657.76100000  137.06600000  0.01696079  100  83  60
-747424.76300000  -964657.88100000  137.08000000  0.02399263  107  94  68
-747424.72700000  -964657.86000000  137.05200000  0.01929297  182  157  121
-747424.72100000  -964657.85200000  137.05200000  0.01902389  175  151  116
-747425.49800000  -964657.59200000  136.99900000  0.01841862  97  81  55
-747425.44200000  -964657.51200000  137.07700000  0.02358473  141  123  92
-747425.42400000  -964657.56500000  137.08300000  0.03431851  203  177  159
-747424.98900000  -964657.61400000  137.08800000  0.01734403  163  133  100
-747424.99600000  -964657.60700000  137.08700000  0.01710951  159  130  97
-747425.33500000  -964658.86900000  137.20800000  0.02891171  123  100  70
-747425.32100000  -964658.86900000  137.19900000  0.02526960  132  108  77
-747425.31400000  -964658.77200000  137.18300000  0.02722848  107  87  61
-747425.27900000  -964658.84000000  137.17200000  0.02146512  115  99  65
-747425.34100000  -964658.78800000  137.19100000  0.03045998  119  101  70
-747425.31300000  -964658.88800000  137.21100000  0.02200604  126  104  73
-747425.32800000  -964658.77300000  137.19200000  0.03827814  111  93  65
-747425.29300000  -964658.82800000  137.16000000  0.02885782  121  101  71
-747425.24300000  -964658.81900000  137.13400000  0.01994479  121  101  72
-747425.21000000  -964658.77000000  137.10400000  0.02121529  149  118  92
-747425.23500000  -964658.82600000  137.13500000  0.01967932  118  98  70
-747425.24600000  -964658.77800000  137.13100000  0.02256299  160  132  102
-747425.25900000  -964658.80600000  137.14100000  0.02216566  146  120  88
-747425.48000000  -964658.65700000  137.21800000  0.03257153  108  89  58
-747425.45600000  -964658.69100000  137.21300000  0.04070719  114  87  57
-747425.28800000  -964658.70400000  137.14100000  0.03644745  105  83  60
-747425.29200000  -964658.76500000  137.16500000  0.02678298  124  101  71
-747425.29300000  -964658.73800000  137.15300000  0.02616099  122  99  70
-747425.28300000  -964658.65700000  137.11800000  0.04216691  118  96  69
-747425.35400000  -964658.72600000  137.19500000  0.02954126  186  160  125
-747425.30500000  -964658.65200000  137.11600000  0.03545829  131  107  77
-747425.37500000  -964658.73400000  137.20400000  0.07686340  179  158  133
-747425.32400000  -964658.67300000  137.12500000  0.03804324  123  100  72
-747425.25100000  -964658.71000000  137.11500000  0.02931288  89  66  41
-747425.25300000  -964658.68300000  137.11300000  0.02842125  100  81  54
-747425.13100000  -964658.64500000  137.20000000  0.02309597  163  134  102
-747425.45400000  -964658.52600000  137.19100000  0.03876370  125  97  68
-747425.44100000  -964658.58800000  137.17700000  0.04235507  139  112  83
-747425.43900000  -964658.61500000  137.18900000  0.03414884  149  122  93
-747425.44600000  -964658.51900000  137.17200000  0.03370828  114  90  62
-747425.39700000  -964658.63800000  137.12600000  0.04303275  157  131  95
-747425.35700000  -964658.60700000  137.11700000  0.03522113  143  115  83
-747425.16100000  -964658.63300000  137.20700000  0.03033984  157  130  96
-747425.19000000  -964658.51800000  137.10700000  0.02616278  109  88  62
-747425.24200000  -964658.55100000  137.09500000  0.06800424  175  149  121
-747425.14300000  -964658.59700000  137.20600000  0.03670253  167  139  107
-747425.08200000  -964658.63500000  137.18500000  0.02480116  162  134  103
-747425.07800000  -964658.55000000  137.20800000  0.02417987  168  139  107
-747425.07200000  -964658.59300000  137.18200000  0.02323760  161  135  101
-747425.09500000  -964658.58600000  137.19900000  0.03317536  162  135  101
-747425.12000000  -964658.61600000  137.19900000  0.02763886  168  139  107
-747425.04800000  -964658.56200000  137.20200000  0.02255012  167  140  110
-747425.02300000  -964658.53200000  137.20200000  0.02390047  154  131  100
-747425.72400000  -964658.45100000  137.18000000  0.02075499  97  75  51
-747425.73200000  -964658.45700000  137.19000000  0.02099474  94  73  48
-747425.70100000  -964658.41900000  137.12100000  0.03779286  105  82  57
-747425.70800000  -964658.42600000  137.13000000  0.03031014  102  79  55
-747425.73300000  -964658.45700000  137.19900000  0.02584955  92  71  46
-747425.62800000  -964658.43000000  137.16800000  0.04392762  134  107  79
-747425.54000000  -964658.42800000  137.19500000  0.03411634  166  130  98
-747425.59600000  -964658.39300000  137.16800000  0.04449675  117  97  72
-747425.64100000  -964658.44400000  137.17700000  0.03868070  139  110  81
-747425.42500000  -964658.48600000  137.13200000  0.04774755  161  134  106
-747425.50700000  -964658.46800000  137.18200000  0.05171089  113  90  66
-747425.51700000  -964658.44700000  137.18900000  0.04100748  137  109  81
-747425.49900000  -964658.47500000  137.17300000  0.04641548  103  83  60
-747425.41200000  -964658.45800000  137.12100000  0.07116641  155  130  105
-747425.45900000  -964658.43200000  137.15400000  0.03867208  84  66  40
-747425.41300000  -964658.39400000  137.14600000  0.07540939  123  102  78
-747425.36600000  -964658.51000000  137.11900000  0.09586729  140  119  93
-747425.24900000  -964658.39100000  137.10200000  0.02834880  157  134  108
-747425.06100000  -964658.51300000  137.21700000  0.02220313  155  130  97
-747425.79000000  -964658.35700000  137.19600000  0.02544722  101  82  54
-747425.80700000  -964658.27800000  137.15900000  0.03195806  83  69  43
-747425.85100000  -964658.33000000  137.15900000  0.02075499  128  110  75
-747425.66600000  -964658.33400000  137.10800000  0.04821331  141  121  89
-747425.71800000  -964658.37900000  137.11600000  0.03448620  122  98  70
-747425.65200000  -964658.35800000  137.14000000  0.03574500  116  104  76
-747425.74900000  -964658.31500000  137.16700000  0.02858382  92  70  47
-747425.66600000  -964658.32100000  137.09700000  0.04392762  150  127  94
-747425.71100000  -964658.27000000  137.16800000  0.03620171  145  118  83
-747425.60700000  -964658.29400000  137.11000000  0.05640825  138  116  84
-747425.62300000  -964658.26800000  137.10700000  0.06064341  134  114  79
-747425.58400000  -964658.31300000  137.10400000  0.04588151  144  119  91
-747425.56800000  -964658.35200000  137.12800000  0.04286697  101  79  60
-747425.56900000  -964658.33900000  137.11700000  0.04034742  118  94  72
-747425.57600000  -964658.32000000  137.10500000  0.04279502  139  114  87
-747425.44700000  -964658.28800000  137.10500000  0.04907605  78  59  38
-747425.40900000  -964658.37200000  137.15400000  0.06742615  140  116  94
-747425.51100000  -964658.38800000  137.14600000  0.05796673  170  139  106
-747425.32900000  -964658.37500000  137.12300000  0.08000165  152  133  106
-747425.39700000  -964658.33000000  137.14200000  0.06437871  101  81  62
-747425.37000000  -964658.29000000  137.10300000  0.06475908  107  86  64
-747425.25900000  -964658.29400000  137.11300000  0.11486856  146  127  98
-747425.25300000  -964658.36300000  137.10900000  0.12011834  145  127  101
-747425.07900000  -964658.26700000  137.09900000  0.09801265  91  72  47
-747425.66600000  -964658.21800000  137.15800000  0.04588151  93  73  48
-747425.70500000  -964658.26200000  137.16800000  0.03427029  143  116  83
-747425.57900000  -964658.21500000  137.11700000  0.04286697  124  101  69
-747425.54500000  -964658.19300000  137.09900000  0.04332515  129  101  75
-747425.54900000  -964658.22700000  137.10100000  0.05240329  160  131  101
-747425.62000000  -964658.15500000  137.20700000  0.09053559  84  62  42
-747425.62200000  -964658.25600000  137.16500000  0.04449675  161  137  106
-747425.53000000  -964658.20500000  137.10100000  0.04034742  145  117  90
-747425.42100000  -964658.18200000  137.10900000  0.08566966  90  66  46
-747425.40800000  -964658.25700000  137.10700000  0.05700235  125  99  75
-747425.49500000  -964658.17100000  137.14100000  0.06750761  90  69  45
-747425.47200000  -964658.24200000  137.10900000  0.06049423  137  115  88
-747425.45300000  -964658.21900000  137.10900000  0.05420827  183  160  128
-747425.34300000  -964658.21000000  137.11900000  0.07866235  146  126  94
-747425.17900000  -964658.18200000  137.12200000  0.12099785  122  102  73
-747425.26700000  -964658.19700000  137.11500000  0.12469907  85  70  50
-747425.17300000  -964658.23900000  137.10700000  0.09559076  122  98  69
-747425.86400000  -964658.10300000  137.15100000  0.01985252  137  121  107
-747425.78000000  -964658.05800000  137.10600000  0.01954494  75  62  42
-747425.81600000  -964658.04100000  137.18000000  0.02086347  104  91  74
-747425.87000000  -964658.07100000  137.11800000  0.01648289  224  215  198
-747425.53700000  -964658.12300000  137.18300000  0.03731223  83  62  44
-747425.58500000  -964658.12100000  137.16800000  0.03875461  150  109  82
-747425.57900000  -964658.11300000  137.16800000  0.03921042  146  114  83
-747425.54000000  -964658.06900000  137.15900000  0.03816514  149  118  88
-747425.49200000  -964658.09700000  137.19500000  0.04672337  125  93  72
-747425.41900000  -964658.04400000  137.17800000  0.03984394  174  150  119
-747425.44500000  -964658.06000000  137.17700000  0.03653082  142  118  88
-747425.30700000  -964658.06100000  137.11100000  0.07521032  165  145  121
-747425.37700000  -964658.06600000  137.12500000  0.07258996  151  136  121
-747425.36900000  -964658.02100000  137.15200000  0.03788377  171  144  116
-747425.32900000  -964658.05500000  137.11900000  0.08774183  190  171  148
-747425.19400000  -964658.02900000  137.13900000  0.05275249  154  127  99
-747425.21900000  -964658.13600000  137.13500000  0.08111921  148  127  95
-747425.08100000  -964658.06100000  137.15200000  0.09545096  91  70  50
-747424.65600000  -964658.11300000  137.20500000  0.02390836  138  118  86
-747424.59000000  -964658.05300000  137.18700000  0.01890931  166  148  119
-747424.57100000  -964658.03100000  137.18700000  0.02047213  169  145  115
-747424.62000000  -964658.04100000  137.19400000  0.02189529  146  129  103
-747424.63800000  -964658.07700000  137.20400000  0.02077724  131  117  87
-747425.86700000  -964658.01100000  137.17300000  0.01717976  249  237  221
-747425.55900000  -964657.98900000  137.14100000  0.02959243  195  171  135
-747425.63600000  -964657.97500000  137.21200000  0.03406636  88  68  47
-747425.62300000  -964657.94700000  137.11300000  0.02110188  142  127  85
-747425.41400000  -964657.95800000  137.20200000  0.03417552  78  57  36
-747425.43800000  -964657.98900000  137.19200000  0.04524193  85  62  37
-747425.49300000  -964658.00600000  137.19800000  0.03561524  57  40  22
-747425.40700000  -964657.90100000  137.21800000  0.03603074  134  111  78
-747425.41300000  -964657.90800000  137.21800000  0.03761712  119  97  67
-747425.35800000  -964657.99300000  137.15100000  0.04099055  100  79  55
-747425.32700000  -964657.90400000  137.18600000  0.04144631  150  125  100
-747425.19200000  -964657.94100000  137.11300000  0.06579075  126  100  70
-747425.09200000  -964657.98700000  137.12600000  0.08388247  145  118  84
-747425.03000000  -964657.89900000  137.12500000  0.05756172  152  131  98
-747425.06000000  -964657.93700000  137.11500000  0.09010588  166  137  107
-747424.89100000  -964657.88800000  137.11800000  0.02432088  121  105  73
-747424.58500000  -964657.96800000  137.20100000  0.02249528  143  118  88
-747424.60200000  -964658.00500000  137.19300000  0.02074471  160  138  107
-747424.54700000  -964657.98700000  137.18600000  0.01703666  146  122  95
-747424.62500000  -964657.99900000  137.21000000  0.01959992  159  139  108
-747425.33300000  -964657.86000000  137.21200000  0.03454944  181  162  137
-747425.28900000  -964657.80800000  137.21200000  0.03244534  184  163  137
-747425.33900000  -964657.79100000  137.21600000  0.02381055  208  186  158
-747425.20800000  -964657.80000000  137.15000000  0.02968517  79  59  39
-747425.19600000  -964657.78400000  137.16000000  0.03113435  96  74  51
-747425.24500000  -964657.85800000  137.16100000  0.05747726  154  129  97
-747425.15900000  -964657.85300000  137.12900000  0.08807843  85  64  41
-747425.05400000  -964657.78900000  137.13400000  0.02856062  117  92  66
-747424.94100000  -964657.79500000  137.11600000  0.02996323  103  80  56
-747424.93400000  -964657.78800000  137.11600000  0.02896705  106  82  58
-747424.95600000  -964657.76900000  137.11200000  0.02731457  135  111  79
-747424.97500000  -964657.80400000  137.12300000  0.02682643  97  76  51
-747425.02400000  -964657.80200000  137.11800000  0.02744359  90  71  50
-747424.88800000  -964657.84000000  137.11400000  0.02287304  116  100  63
-747425.39900000  -964657.74100000  137.20700000  0.02610801  88  71  46
-747425.25800000  -964657.68000000  137.21500000  0.02566888  106  87  56
-747425.25100000  -964657.75000000  137.20200000  0.02457086  173  153  118
-747425.15800000  -964657.73900000  137.16000000  0.02615400  131  108  80
-747425.13200000  -964657.71000000  137.15100000  0.02616752  163  139  109
-747425.05800000  -964657.76000000  137.15100000  0.03189749  119  96  69
-747425.10700000  -964657.68000000  137.15100000  0.02234813  162  140  105
-747425.08100000  -964657.63800000  137.13000000  0.02506232  145  121  85
-747425.12700000  -964657.68900000  137.15000000  0.02488521  180  156  124
-747425.08000000  -964657.65200000  137.13200000  0.02501270  133  111  75
-747425.06800000  -964657.72600000  137.14800000  0.02448600  150  125  96
-747425.06700000  -964657.74000000  137.14900000  0.03136061  161  136  106
-747424.94200000  -964657.70500000  137.11900000  0.02102315  138  111  84
-747425.02300000  -964657.72600000  137.11300000  0.02461012  106  81  63
-747424.87500000  -964657.73500000  137.10800000  0.01885750  113  90  68
-747424.88900000  -964657.73600000  137.10600000  0.01993152  102  81  57
-747425.36700000  -964657.51200000  137.17300000  0.03454491  206  184  161
-747425.37200000  -964657.53300000  137.17400000  0.03245296  202  179  153
-747425.36200000  -964657.59300000  137.19900000  0.04066993  119  96  69
-747425.32200000  -964657.55000000  137.17000000  0.02698293  103  79  54
-747425.37600000  -964657.51600000  137.12300000  0.03154102  207  181  161
-747425.17700000  -964657.57000000  137.20500000  0.02568930  146  123  97
-747425.24400000  -964657.60300000  137.21100000  0.02797595  162  140  113
-747425.23200000  -964657.53600000  137.16800000  0.02351017  134  103  75
-747425.13900000  -964657.52600000  137.20500000  0.02172975  130  103  78
-747425.04300000  -964657.58100000  137.12000000  0.01861076  104  82  59
-747425.05300000  -964657.62300000  137.12200000  0.02027163  127  106  78
-747425.08800000  -964657.58100000  137.15500000  0.02188838  119  94  62
-747425.09600000  -964657.57400000  137.16400000  0.02329723  114  89  58
-747425.03700000  -964657.57300000  137.12000000  0.01749126  108  87  62
-747425.43200000  -964657.48100000  137.09600000  0.02724909  158  133  97
-747425.28500000  -964657.41500000  137.17400000  0.02143096  191  168  143
-747425.29300000  -964657.40800000  137.18200000  0.01934070  176  153  127
-747425.38800000  -964657.42900000  137.09600000  0.03568624  149  128  100
-747425.26900000  -964657.42800000  137.16600000  0.02192685  168  137  105
-747425.26400000  -964657.42000000  137.17600000  0.02229802  148  121  96
-747425.22900000  -964657.43700000  137.19000000  0.02161158  105  77  63
-747425.59600000  -964658.89300000  137.34300000  0.02977311  139  114  85
-747425.43000000  -964658.93100000  137.31200000  0.02778194  112  85  61
-747425.44200000  -964658.97200000  137.33300000  0.02412827  180  148  111
-747425.45000000  -964658.96500000  137.34200000  0.02455635  171  141  106
-747425.45200000  -964658.91200000  137.30800000  0.03028002  73  48  29
-747425.41900000  -964658.99100000  137.32700000  0.02694927  151  123  93
-747425.42400000  -964659.01300000  137.32800000  0.02536683  129  104  74
-747425.36300000  -964658.92300000  137.25800000  0.02218596  149  122  91
-747425.33400000  -964658.92200000  137.24100000  0.02135328  156  127  95
-747425.31900000  -964658.90900000  137.22200000  0.02076008  144  117  86
-747425.37000000  -964658.91700000  137.25700000  0.02391097  149  122  90
-747425.39200000  -964658.96300000  137.30800000  0.02229410  154  127  102
-747425.38400000  -964658.95700000  137.28900000  0.02514675  148  122  96
-747426.03000000  -964658.84500000  137.32800000  0.01658409  148  117  85
-747426.08300000  -964658.80100000  137.33000000  0.01345328  93  77  50
-747425.68500000  -964658.81800000  137.32900000  0.04334489  36  18  4
-747425.62200000  -964658.87100000  137.29900000  0.03151957  105  79  56
-747425.53700000  -964658.84000000  137.33500000  0.03198104  188  161  127
-747425.59500000  -964658.79100000  137.31600000  0.03475842  118  90  65
-747425.55600000  -964658.77200000  137.24900000  0.03226153  73  48  29
-747425.54000000  -964658.87600000  137.32700000  0.03332418  144  115  89
-747425.62500000  -964658.84300000  137.30700000  0.03412791  95  72  47
-747425.43800000  -964658.88500000  137.28800000  0.03055934  92  64  38
-747425.43200000  -964658.83900000  137.24600000  0.02842823  114  82  59
-747425.41700000  -964658.83900000  137.23700000  0.03168721  112  80  56
-747425.47500000  -964658.88000000  137.30400000  0.03363384  53  30  11
-747425.40900000  -964658.76900000  137.23300000  0.07676813  168  146  111
-747425.49500000  -964658.88800000  137.30300000  0.03368327  51  29  11
-747425.38000000  -964658.87000000  137.24300000  0.02908755  133  100  75
-747425.37000000  -964658.82800000  137.24100000  0.03972218  97  78  51
-747425.35800000  -964658.87600000  137.23600000  0.02540529  131  103  75
-747425.26800000  -964658.81200000  137.33800000  0.02357061  159  130  96
-747425.24800000  -964658.77800000  137.30800000  0.02366794  146  126  95
-747425.25500000  -964658.79700000  137.32800000  0.02392318  154  130  97
-747425.59800000  -964658.72400000  137.28100000  0.03528749  83  56  31
-747425.29000000  -964658.66500000  137.28500000  0.03787939  153  129  95
-747425.28600000  -964658.74600000  137.31200000  0.03259849  155  132  95
-747425.30200000  -964658.71900000  137.31800000  0.03973482  169  144  105
-747425.28200000  -964658.68500000  137.28800000  0.03991541  157  132  99
-747425.29900000  -964658.64500000  137.28300000  0.03543924  146  123  89
-747425.32300000  -964658.74000000  137.33700000  0.04706583  160  136  100
-747425.23700000  -964658.67100000  137.24200000  0.03636250  151  128  99
-747425.19000000  -964658.75000000  137.25200000  0.02492345  155  133  101
-747425.17100000  -964658.68800000  137.22000000  0.02308798  173  147  117
-747425.17000000  -964658.71500000  137.23200000  0.02305062  156  134  99
-747425.25200000  -964658.68400000  137.26100000  0.03179099  147  125  96
-747425.24100000  -964658.75800000  137.28700000  0.02567185  147  129  98
-747425.19400000  -964658.66900000  137.22600000  0.03635407  167  140  109
-747425.20700000  -964658.69700000  137.23700000  0.03126423  153  130  97
-747425.21700000  -964658.64900000  137.23200000  0.03867758  171  142  109
-747425.27200000  -964658.71800000  137.29100000  0.03966702  150  128  93
-747425.23400000  -964658.73800000  137.26700000  0.02698561  156  134  103
-747425.21400000  -964658.70300000  137.24600000  0.03019280  152  130  97
-747425.25700000  -964658.71900000  137.27300000  0.02954126  146  125  94
-747425.56600000  -964658.55900000  137.31100000  0.02626740  113  96  66
-747425.61900000  -964658.51500000  137.31300000  0.02402164  126  105  75
-747425.52400000  -964658.60700000  137.27900000  0.03244992  129  106  76
-747425.53300000  -964658.60000000  137.28800000  0.03525641  126  104  75
-747425.47600000  -964658.55900000  137.23100000  0.03706442  111  85  61
-747425.43200000  -964658.53200000  137.34100000  0.03780485  161  136  109
-747425.48300000  -964658.55200000  137.23000000  0.03742706  111  85  61
-747425.28100000  -964658.58300000  137.26100000  0.05620569  169  147  117
-747425.39400000  -964658.55100000  137.32600000  0.04676843  172  143  108
-747425.18800000  -964658.57100000  137.21900000  0.03025182  175  147  111
-747425.16300000  -964658.54200000  137.21900000  0.03370916  172  143  107
-747425.27000000  -964658.63100000  137.25500000  0.04587550  158  134  103
-747425.25500000  -964658.63000000  137.24700000  0.03931392  168  143  112
-747425.25500000  -964658.54000000  137.24000000  0.05528579  178  152  118
-747425.27200000  -964658.60300000  137.25300000  0.04194457  174  150  119
-747425.26600000  -964658.58300000  137.24200000  0.05437211  183  159  128
-747425.20000000  -964658.52300000  137.22400000  0.03658470  178  149  113
-747425.20600000  -964658.60800000  137.22000000  0.03296994  180  149  114
-747425.21800000  -964658.55900000  137.22500000  0.03518551  180  154  116
-747425.83700000  -964658.51000000  137.33100000  0.02259800  126  98  68
-747425.70500000  -964658.48000000  137.31200000  0.02370327  121  98  69
-747425.74200000  -964658.47500000  137.32800000  0.02485558  84  64  42
-747425.67500000  -964658.48000000  137.28500000  0.02299709  150  125  90
-747425.53400000  -964658.51000000  137.29100000  0.02916638  141  118  88
-747425.40500000  -964658.50400000  137.32200000  0.02986352  168  143  116
-747425.36900000  -964658.43200000  137.32000000  0.05413148  171  144  107
-747425.18300000  -964658.48600000  137.23300000  0.03135873  175  142  105
-747425.15800000  -964658.45700000  137.23300000  0.02747891  159  131  99
-747425.21200000  -964658.47400000  137.23900000  0.03042032  189  160  122
-747425.23000000  -964658.51100000  137.24000000  0.03203199  170  146  110
-747425.05600000  -964658.42700000  137.24000000  0.03071096  177  151  119
-747425.09300000  -964658.40900000  137.24500000  0.02645606  174  150  117
-747425.04000000  -964658.39000000  137.24900000  0.03247147  156  136  103
-747425.09000000  -964658.50100000  137.22300000  0.02407702  154  131  97
-747425.14600000  -964658.50500000  137.22800000  0.02977151  163  136  103
-747425.13500000  -964658.47600000  137.22700000  0.02754786  156  131  98
-747424.96600000  -964658.42700000  137.23900000  0.03649906  170  147  113
-747424.99000000  -964658.45700000  137.22900000  0.03609128  178  152  121
-747424.91800000  -964658.41700000  137.23300000  0.02571524  152  131  97
-747425.02000000  -964658.44500000  137.23500000  0.02455873  179  151  122
-747424.94200000  -964658.39600000  137.24900000  0.03796027  157  135  102
-747424.93600000  -964658.44000000  137.22300000  0.02530404  158  136  101
-747425.76300000  -964658.38000000  137.31900000  0.02246512  170  149  123
-747425.76400000  -964658.37900000  137.32800000  0.02356134  175  152  125
-747424.92900000  -964658.26600000  137.29900000  0.03451603  166  148  109
-747424.92600000  -964658.35900000  137.26700000  0.03044531  162  139  109
-747424.93800000  -964658.31000000  137.28200000  0.03302975  158  139  104
-747425.01300000  -964658.27300000  137.30200000  0.04825225  167  144  107
-747424.99200000  -964658.32800000  137.27900000  0.03963533  144  126  93
-747424.88500000  -964658.34200000  137.26000000  0.03910624  155  138  105
-747424.89700000  -964658.29300000  137.27500000  0.03662824  162  144  109
-747424.87300000  -964658.26300000  137.28500000  0.03530973  153  134  97
-747424.90100000  -964658.37900000  137.25100000  0.03929056  151  129  97
-747424.86000000  -964658.31200000  137.27000000  0.04490399  167  149  110
-747424.84200000  -964658.27600000  137.26900000  0.03466080  127  112  75
-747424.80400000  -964658.29500000  137.24400000  0.02627902  133  117  88
-747425.74200000  -964658.14200000  137.31300000  0.02366120  163  135  105
-747425.74700000  -964658.16300000  137.31400000  0.02337338  156  124  96
-747425.70100000  -964658.15100000  137.24800000  0.03468519  113  96  65
-747425.74500000  -964658.20300000  137.24800000  0.02544722  148  124  91
-747425.09200000  -964658.18000000  137.32700000  0.12270854  154  139  104
-747424.90500000  -964658.23600000  137.30900000  0.03713578  166  147  107
-747424.99600000  -964658.23600000  137.31100000  0.05049750  171  153  113
-747424.93500000  -964658.22300000  137.31500000  0.03369193  175  155  118
-747425.01600000  -964658.18100000  137.32400000  0.12344094  176  156  117
-747424.92300000  -964658.19500000  137.31400000  0.03047710  165  146  108
-747424.81200000  -964658.21100000  137.25700000  0.05154051  156  137  103
-747424.78600000  -964658.25900000  137.24300000  0.02493090  141  124  91
-747424.85500000  -964658.22700000  137.28400000  0.03043510  156  138  103
-747424.86800000  -964658.16500000  137.28800000  0.03636886  152  138  101
-747424.68300000  -964658.14100000  137.22500000  0.02968477  138  117  81
-747424.76800000  -964658.22300000  137.24200000  0.02626083  159  142  106
-747424.70100000  -964658.17700000  137.22600000  0.02414716  149  128  89
-747424.74200000  -964658.19400000  137.23300000  0.02429816  162  143  103
-747425.80100000  -964658.13100000  137.25700000  0.02864790  149  127  97
-747425.73100000  -964658.10000000  137.31100000  0.02663582  173  150  117
-747425.67700000  -964658.08100000  137.22600000  0.02864790  96  69  43
-747425.70300000  -964658.13700000  137.25700000  0.03667678  116  94  66
-747425.72100000  -964658.03200000  137.27700000  0.02947295  120  95  66
-747425.63600000  -964658.02600000  137.26500000  0.03883026  157  132  99
-747425.62100000  -964658.04000000  137.25700000  0.03154572  157  132  101
-747425.61300000  -964658.04600000  137.25900000  0.02956514  148  122  88
-747425.00800000  -964658.09700000  137.31900000  0.09394072  153  137  104
-747425.02100000  -964658.12500000  137.33000000  0.10075035  164  145  113
-747424.85500000  -964658.13700000  137.27700000  0.03548816  153  135  99
-747424.81900000  -964658.06500000  137.26500000  0.03226463  166  147  113
-747424.71300000  -964658.12900000  137.23100000  0.03298152  153  130  91
-747424.69500000  -964658.09300000  137.23000000  0.02774513  142  119  84
-747424.74300000  -964658.10300000  137.23600000  0.02762286  153  130  95
-747424.67700000  -964658.05700000  137.22900000  0.02916807  144  121  87
-747424.73800000  -964658.01800000  137.25000000  0.02945790  171  144  110
-747425.67700000  -964657.92800000  137.23400000  0.02286897  165  136  103
-747425.67700000  -964657.96700000  137.26700000  0.02497958  122  100  74
-747425.65100000  -964658.00100000  137.25200000  0.03373097  133  110  77
-747425.66700000  -964658.00100000  137.27000000  0.02963880  129  107  76
-747425.45200000  -964657.95200000  137.22700000  0.02517812  120  93  67
-747424.90900000  -964657.92500000  137.28600000  0.03300415  154  140  104
-747424.87100000  -964657.94400000  137.27100000  0.03083243  171  156  123
-747424.83000000  -964657.92700000  137.26400000  0.03082118  172  155  118
-747424.73200000  -964657.93400000  137.25400000  0.02756045  153  138  102
-747424.77600000  -964657.99900000  137.26400000  0.02921801  178  151  114
-747424.68300000  -964657.91100000  137.23700000  0.02005201  152  134  104
-747424.71400000  -964657.89800000  137.25300000  0.02582041  147  130  96
-747424.69000000  -964657.99500000  137.23300000  0.02991371  150  130  98
-747424.77600000  -964657.91000000  137.25800000  0.04624038  161  144  109
-747424.65200000  -964657.93700000  137.22200000  0.02219482  158  140  111
-747425.67700000  -964657.82500000  137.29500000  0.01721796  119  105  82
-747425.27800000  -964657.77900000  137.22100000  0.02866936  182  169  138
-747425.29100000  -964657.80700000  137.23200000  0.02949371  185  172  144
-747425.34100000  -964657.77700000  137.22500000  0.02372577  214  192  162
-747425.20900000  -964657.81200000  137.33800000  0.03228499  177  155  119
-747425.19100000  -964657.85300000  137.33300000  0.03057773  168  146  110
-747425.05700000  -964657.85200000  137.30600000  0.05620610  143  119  85
-747425.14700000  -964657.78800000  137.32200000  0.06385463  180  151  115
-747424.93300000  -964657.81500000  137.28500000  0.03033629  166  143  103
-747424.92800000  -964657.78100000  137.27300000  0.02831501  154  132  92
-747425.00500000  -964657.78000000  137.28600000  0.03069074  162  136  100
-747424.96400000  -964657.76300000  137.27800000  0.02494252  156  131  94
-747424.96400000  -964657.85300000  137.28500000  0.02943338  147  125  89
-747425.02000000  -964657.87000000  137.30100000  0.08756736  141  123  89
-747424.90900000  -964657.83500000  137.27900000  0.02993982  162  141  103
-747424.99500000  -964657.82700000  137.29000000  0.03180802  154  131  97
-747424.80700000  -964657.88300000  137.27300000  0.03011063  161  140  102
-747424.78800000  -964657.86100000  137.27300000  0.03124398  149  128  88
-747424.86100000  -964657.82500000  137.27300000  0.03072697  153  131  95
-747424.80600000  -964657.80700000  137.26700000  0.02309239  156  133  94
-747424.87400000  -964657.85300000  137.28400000  0.02914711  159  141  103
-747424.82400000  -964657.84300000  137.26800000  0.02921698  155  133  97
-747424.85000000  -964657.79600000  137.27200000  0.03037345  148  125  91
-747424.69400000  -964657.86300000  137.23200000  0.01984622  164  142  106
-747424.73900000  -964657.83800000  137.24600000  0.01902389  147  130  93
-747424.67100000  -964657.88300000  137.22600000  0.02044920  163  141  108
-747424.75100000  -964657.87900000  137.26800000  0.03640554  138  122  85
-747425.38200000  -964657.65300000  137.25100000  0.02756529  133  110  81
-747425.31600000  -964657.74700000  137.22500000  0.02613137  169  145  108
-747425.28300000  -964657.66000000  137.23100000  0.02944120  94  79  48
-747425.29800000  -964657.64700000  137.23900000  0.02863461  101  81  50
-747425.30400000  -964657.73100000  137.23500000  0.02555612  172  148  108
-747425.15900000  -964657.65000000  137.32100000  0.02858506  170  143  108
-747425.21400000  -964657.66700000  137.33700000  0.02777449  162  137  104
-747425.25900000  -964657.64200000  137.34000000  0.03120620  166  134  100
-747425.19600000  -964657.72100000  137.34200000  0.03137430  167  143  109
-747425.22200000  -964657.75000000  137.34200000  0.02701344  166  141  108
-747425.26700000  -964657.67300000  137.22400000  0.02949371  102  84  53
-747425.13600000  -964657.66900000  137.31500000  0.02832441  170  141  103
-747425.14100000  -964657.70400000  137.32600000  0.03483222  179  153  115
-747425.11000000  -964657.64000000  137.30500000  0.02823977  175  142  104
-747425.08000000  -964657.65200000  137.29900000  0.02359088  162  131  94
-747425.06800000  -964657.71300000  137.30400000  0.03564511  157  130  94
-747424.92000000  -964657.69800000  137.26800000  0.02206498  161  134  96
-747424.99300000  -964657.75200000  137.27500000  0.02506108  156  129  92
-747424.93800000  -964657.73400000  137.26900000  0.02446219  158  131  97
-747424.99300000  -964657.66200000  137.26800000  0.02178168  163  135  98
-747424.95600000  -964657.68000000  137.26300000  0.02027163  164  135  98
-747424.91000000  -964657.74500000  137.27200000  0.02680193  152  129  91
-747425.01600000  -964657.64200000  137.27500000  0.02241885  159  133  98
-747424.97500000  -964657.71500000  137.27400000  0.03136061  158  128  93
-747425.02400000  -964657.72500000  137.29000000  0.03621793  165  137  101
-747424.85300000  -964657.74200000  137.25800000  0.02077406  156  131  96
-747424.89000000  -964657.72300000  137.26300000  0.02144310  156  130  96
-747425.34900000  -964657.60400000  137.22100000  0.03011528  89  69  45
-747425.37600000  -964657.63200000  137.24000000  0.02724484  109  85  60
-747425.32000000  -964657.62800000  137.23500000  0.02603840  106  82  52
-747425.34200000  -964657.61000000  137.22200000  0.03144806  72  54  32
-747425.28800000  -964657.54000000  137.34000000  0.02557274  177  148  115
-747425.29900000  -964657.63300000  137.23800000  0.02719953  102  82  51
-747425.39100000  -964657.63300000  137.24900000  0.02464152  111  86  60
-747425.19600000  -964657.63200000  137.32600000  0.02622476  162  136  102
-747425.17000000  -964657.51300000  137.31000000  0.02726621  173  140  104
-747425.16500000  -964657.56700000  137.31400000  0.03306601  174  146  111
-747425.24000000  -964657.62000000  137.34100000  0.02955527  161  129  93
-747425.23300000  -964657.52300000  137.32400000  0.02797595  160  129  93
-747425.06100000  -964657.61700000  137.28800000  0.02568930  154  127  94
-747425.11000000  -964657.55000000  137.29800000  0.02789721  166  134  100
-747425.07200000  -964657.56900000  137.28400000  0.02079639  160  133  100
-747425.08400000  -964657.59800000  137.28500000  0.02764743  164  134  98
-747425.14600000  -964657.62200000  137.31000000  0.02865271  178  149  112
-747425.04300000  -964657.58200000  137.27700000  0.02276645  164  138  104
-747425.12800000  -964657.58700000  137.29900000  0.03339606  190  155  121
-747425.14700000  -964657.53200000  137.30300000  0.02608369  171  138  101
-747425.18900000  -964657.45800000  137.31400000  0.02536060  169  143  110
-747425.20700000  -964657.49400000  137.31500000  0.02284886  172  141  105
-747425.15200000  -964657.47600000  137.30900000  0.02533273  169  140  107
-747425.22700000  -964657.43900000  137.32800000  0.02746087  167  146  112
-747425.24400000  -964657.47500000  137.32900000  0.02341799  169  141  104
-747425.25600000  -964657.50400000  137.33000000  0.02557883  170  140  101
-747425.12900000  -964657.49600000  137.30200000  0.02320749  171  138  105
-747426.12600000  -964659.37900000  137.44700000  0.03983036  106  82  63
-747426.12800000  -964659.37700000  137.46700000  0.03409037  107  88  64
-747426.06600000  -964659.18700000  137.43900000  0.02699181  174  159  130
-747426.03100000  -964659.15200000  137.41000000  0.02751207  61  46  28
-747426.07200000  -964659.10500000  137.43200000  0.02525484  64  53  30
-747425.94900000  -964659.03000000  137.45800000  0.03158779  109  86  65
-747425.90100000  -964659.01800000  137.38300000  0.02453127  97  69  50
-747425.93400000  -964659.04300000  137.46000000  0.03338754  107  86  66
-747425.86400000  -964659.03800000  137.44700000  0.02459792  46  29  17
-747425.84400000  -964659.02900000  137.45800000  0.02569299  45  27  16
-747425.79300000  -964659.06000000  137.45500000  0.03642202  109  92  69
-747425.88700000  -964659.08200000  137.43800000  0.03710794  39  24  11
-747425.75900000  -964659.05000000  137.45700000  0.03384481  156  135  106
-747425.60900000  -964659.10000000  137.46500000  0.03105113  148  126  92
-747425.54200000  -964659.13100000  137.44400000  0.02590436  115  91  64
-747425.53900000  -964659.05600000  137.41900000  0.02450609  166  144  112
-747425.55800000  -964659.09100000  137.43000000  0.02235566  132  107  77
-747425.60400000  -964659.06500000  137.45300000  0.03227747  125  109  73
-747425.49900000  -964659.09000000  137.38600000  0.02124126  205  182  160
-747425.52100000  -964659.11000000  137.42500000  0.02375857  148  124  93
-747425.49200000  -964659.08300000  137.38600000  0.02100296  195  171  149
-747425.96500000  -964659.00400000  137.45400000  0.04340568  94  73  50
-747426.01300000  -964658.92400000  137.37500000  0.02491476  50  34  17
-747425.90200000  -964658.91600000  137.44400000  0.02679582  74  50  36
-747425.87900000  -964658.93600000  137.43800000  0.02827235  77  53  38
-747425.82000000  -964658.92100000  137.39300000  0.02596155  108  85  61
-747425.88000000  -964658.99900000  137.43200000  0.02785652  79  62  44
-747425.85600000  -964658.95400000  137.44100000  0.03022658  80  56  40
-747425.82100000  -964658.90700000  137.39200000  0.03264183  104  82  58
-747425.75800000  -964658.90900000  137.38800000  0.03179819  112  89  69
-747425.67900000  -964658.89900000  137.34500000  0.03143146  70  46  31
-747425.68600000  -964658.90600000  137.35500000  0.03177338  97  65  46
-747425.76300000  -964658.95600000  137.41100000  0.02576262  102  67  57
-747425.72400000  -964659.00200000  137.40800000  0.03411554  74  53  40
-747425.58200000  -964658.89200000  137.34400000  0.02890907  162  133  103
-747425.57700000  -964658.97300000  137.37000000  0.03892509  173  148  121
-747425.58500000  -964658.97900000  137.38900000  0.03487782  147  123  96
-747425.56300000  -964658.97200000  137.37100000  0.04124696  187  162  134
-747425.60000000  -964658.97900000  137.39800000  0.03196507  83  62  37
-747425.61000000  -964658.91900000  137.37300000  0.06110025  68  57  41
-747425.40300000  -964658.90300000  137.46000000  0.02412827  150  122  86
-747425.51300000  -964659.01500000  137.38900000  0.02528954  137  112  87
-747425.46700000  -964658.96400000  137.37000000  0.02728395  151  125  96
-747425.50900000  -964658.92800000  137.34400000  0.03403638  54  36  16
-747425.49200000  -964659.00600000  137.39000000  0.02761338  128  105  82
-747425.36600000  -964658.90800000  137.44400000  0.02557385  156  128  91
-747426.10900000  -964658.83000000  137.41800000  0.01579138  188  170  143
-747426.05500000  -964658.87600000  137.40700000  0.01755186  109  84  58
-747425.81700000  -964658.87200000  137.38900000  0.02509083  85  68  45
-747425.78900000  -964658.87000000  137.38200000  0.03369492  86  64  44
-747425.81100000  -964658.86500000  137.38900000  0.02691741  83  66  43
-747425.81800000  -964658.82100000  137.42500000  0.03204245  99  65  43
-747425.73200000  -964658.82900000  137.40400000  0.02609785  65  50  26
-747425.76700000  -964658.88900000  137.38600000  0.04019875  103  80  60
-747425.66200000  -964658.79900000  137.36900000  0.04855128  31  14  3
-747425.73500000  -964658.81400000  137.42200000  0.02738505  60  44  21
-747425.56100000  -964658.76900000  137.46500000  0.03339732  147  120  87
-747425.63600000  -964658.77000000  137.35900000  0.02999167  78  53  33
-747425.42700000  -964658.85700000  137.44400000  0.02737544  157  135  98
-747425.44700000  -964658.87800000  137.46400000  0.02884809  161  135  95
-747425.40400000  -964658.87600000  137.44800000  0.02643624  155  128  93
-747425.46500000  -964658.82500000  137.44800000  0.03351836  156  132  95
-747425.45000000  -964658.82500000  137.44000000  0.03392798  155  132  95
-747425.36900000  -964658.82900000  137.39800000  0.04397399  164  142  105
-747425.31200000  -964658.81300000  137.36300000  0.03206588  173  149  112
-747425.39000000  -964658.86300000  137.42900000  0.03769125  153  129  91
-747425.28100000  -964658.84000000  137.34900000  0.02515190  162  134  97
-747425.33900000  -964658.86700000  137.40400000  0.02778194  148  124  88
-747425.35700000  -964658.80100000  137.38800000  0.03898120  163  145  111
-747425.70200000  -964658.76500000  137.39200000  0.02926426  105  83  56
-747425.71300000  -964658.74300000  137.41900000  0.03433607  104  77  56
-747425.71600000  -964658.72700000  137.35900000  0.03759496  153  130  96
-747425.71000000  -964658.73200000  137.37900000  0.02788250  134  109  80
-747425.76400000  -964658.70000000  137.40100000  0.04547066  109  86  62
-747425.76500000  -964658.68600000  137.40000000  0.04516149  113  83  66
-747425.71000000  -964658.75800000  137.40100000  0.02722193  105  81  56
-747425.62300000  -964658.75500000  137.35900000  0.02678392  107  77  52
-747425.55400000  -964658.68500000  137.45900000  0.03320522  155  132  96
-747425.59100000  -964658.66700000  137.46400000  0.03128907  160  133  100
-747425.51600000  -964658.70400000  137.44400000  0.03110300  154  134  99
-747425.45600000  -964658.74300000  137.42300000  0.06693560  157  140  107
-747425.51200000  -964658.75900000  137.44900000  0.03139856  160  137  99
-747425.39800000  -964658.72700000  137.38800000  0.05518147  151  130  104
-747425.80100000  -964658.56600000  137.45700000  0.02934990  103  81  63
-747425.85300000  -964658.52200000  137.44900000  0.04799794  150  126  96
-747425.65400000  -964658.57500000  137.37300000  0.03456050  120  91  63
-747425.70700000  -964658.51800000  137.36400000  0.02515587  131  100  76
-747425.72500000  -964658.63000000  137.44900000  0.03576760  142  112  86
-747425.62700000  -964658.56000000  137.45300000  0.02809897  160  133  100
-747425.59000000  -964658.57900000  137.43800000  0.03442915  159  132  101
-747425.55300000  -964658.59700000  137.43300000  0.03279192  145  121  93
-747425.52600000  -964658.55600000  137.40300000  0.03492490  148  127  96
-747425.55800000  -964658.51500000  137.41700000  0.03273663  155  125  95
-747425.41400000  -964658.58600000  137.34700000  0.03903245  158  135  103
-747425.42600000  -964658.61400000  137.35800000  0.03872072  152  131  101
-747425.48900000  -964658.54800000  137.37600000  0.04602258  157  135  106
-747425.51300000  -964658.52800000  137.39200000  0.03357717  147  132  102
-747425.49500000  -964658.58100000  137.39800000  0.03774357  159  138  105
-747425.50900000  -964658.59600000  137.40800000  0.03893088  152  132  101
-747425.47700000  -964658.63500000  137.40400000  0.03709637  155  130  99
-747425.44400000  -964658.56000000  137.35200000  0.03525641  152  130  99
-747425.47100000  -964658.60200000  137.38200000  0.04157598  162  135  101
-747425.51600000  -964658.61500000  137.42800000  0.03572292  150  129  100
-747425.79200000  -964658.42000000  137.36800000  0.02299709  176  149  121
-747425.76000000  -964658.39600000  137.45800000  0.03654805  158  135  103
-747425.66800000  -964658.48600000  137.45300000  0.02976886  174  142  106
-747425.65000000  -964658.45100000  137.44300000  0.02402164  150  123  89
-747425.71600000  -964658.42100000  137.45400000  0.03040674  168  142  107
-747425.74200000  -964658.45000000  137.46400000  0.03303639  180  155  118
-747425.69300000  -964658.44000000  137.44800000  0.02718167  176  144  110
-747425.70500000  -964658.46800000  137.45800000  0.03542315  184  153  114
-747425.71300000  -964658.51200000  137.35300000  0.02760636  125  95  71
-747425.58100000  -964658.49600000  137.42300000  0.03133545  159  134  103
-747425.55600000  -964658.45400000  137.40300000  0.02866213  169  137  109
-747425.63800000  -964658.49900000  137.43800000  0.02994653  165  138  104
-747425.54300000  -964658.42600000  137.39200000  0.02658404  166  136  106
-747425.52400000  -964658.48000000  137.38800000  0.02838558  148  125  97
-747425.62700000  -964658.47100000  137.43600000  0.02705212  148  124  95
-747425.57500000  -964658.39900000  137.40700000  0.02342492  167  138  108
-747425.52400000  -964658.39000000  137.38100000  0.02671187  165  137  102
-747425.63100000  -964658.41600000  137.43200000  0.02362993  155  123  93
-747425.51300000  -964658.43900000  137.37600000  0.02576311  159  132  102
-747425.44500000  -964658.39400000  137.34900000  0.02471858  169  141  103
-747425.45100000  -964658.47800000  137.34500000  0.02626740  143  122  94
-747425.47400000  -964658.45800000  137.35100000  0.02753988  148  125  95
-747425.50700000  -964658.49400000  137.37100000  0.02831275  147  126  99
-747425.45600000  -964658.51200000  137.35700000  0.03228494  143  125  99
-747425.77800000  -964658.34200000  137.45200000  0.04195671  159  133  100
-747425.78400000  -964658.28700000  137.45700000  0.03868210  158  132  99
-747425.79500000  -964658.36600000  137.34400000  0.02193693  128  115  83
-747425.78300000  -964658.37700000  137.46400000  0.03760856  162  138  105
-747425.65500000  -964658.28000000  137.41000000  0.05525393  168  139  107
-747425.66700000  -964658.30800000  137.42100000  0.02297527  153  127  97
-747425.68600000  -964658.34400000  137.43100000  0.02527327  155  126  97
-747425.69100000  -964658.37800000  137.44300000  0.02572934  158  127  96
-747425.73300000  -964658.27800000  137.43200000  0.02853146  170  140  104
-747425.69700000  -964658.29600000  137.42700000  0.02690887  156  125  94
-747425.74600000  -964658.30600000  137.44300000  0.03179417  174  144  110
-747425.70800000  -964658.32500000  137.42800000  0.02817483  160  130  98
-747425.64100000  -964658.36900000  137.41800000  0.02246512  163  132  102
-747425.63700000  -964658.33400000  137.41600000  0.02242668  163  136  106
-747425.58500000  -964658.35200000  137.40200000  0.10792888  172  143  113
-747425.70900000  -964658.15700000  137.43500000  0.03347261  178  150  114
-747425.71600000  -964658.24200000  137.43100000  0.02906879  177  147  111
-747425.75400000  -964658.22200000  137.45500000  0.03821795  186  162  133
-747425.67900000  -964658.17000000  137.41900000  0.02727907  184  150  115
-747425.69800000  -964658.20600000  137.43000000  0.02763732  182  152  117
-747425.61600000  -964658.15900000  137.40500000  0.02337338  149  120  90
-747425.59700000  -964658.21400000  137.40100000  0.06194951  150  124  94
-747425.64200000  -964658.18900000  137.41400000  0.02375593  158  126  93
-747425.38500000  -964658.20100000  137.35000000  0.20581365  147  127  96
-747425.70000000  -964658.11400000  137.44300000  0.03698708  174  146  111
-747425.66700000  -964658.09100000  137.44400000  0.02845744  169  139  106
-747425.68400000  -964658.12800000  137.43500000  0.03144046  175  145  110
-747425.74200000  -964658.13000000  137.46000000  0.03374751  167  143  111
-747425.68800000  -964658.03500000  137.46700000  0.03946764  180  148  114
-747425.65800000  -964658.04800000  137.45100000  0.03125572  169  138  104
-747425.66100000  -964658.13400000  137.41800000  0.02778920  167  136  102
-747425.75800000  -964658.11600000  137.38800000  0.02553624  164  149  108
-747425.59400000  -964658.03800000  137.42700000  0.02564389  178  157  130
-747425.61900000  -964658.06700000  137.42700000  0.02705092  174  153  122
-747425.55000000  -964658.11300000  137.39700000  0.06561430  168  142  108
-747425.63200000  -964658.01800000  137.44200000  0.03299761  156  133  103
-747425.60700000  -964658.11600000  137.41200000  0.02630375  159  134  103
-747425.65200000  -964657.96300000  137.45600000  0.04088193  166  138  108
-747425.69200000  -964657.95400000  137.35300000  0.02505765  78  62  40
-747425.63500000  -964657.92600000  137.46400000  0.03464879  168  140  107
-747425.52900000  -964657.90100000  137.42300000  0.07240172  166  139  103
-747425.59600000  -964657.94600000  137.44000000  0.03004458  177  149  117
-747425.57800000  -964657.91000000  137.43900000  0.04809025  170  141  107
-747425.57700000  -964658.00100000  137.43600000  0.02505765  178  150  121
-747425.49800000  -964658.00300000  137.41400000  0.08916544  178  148  115
-747425.38700000  -964657.89200000  137.38600000  0.10413442  153  129  96
-747425.30000000  -964657.97800000  137.35200000  0.18378806  166  139  103
-747425.33700000  -964657.96000000  137.35700000  0.11108876  173  143  106
-747425.29500000  -964657.89300000  137.36600000  0.03063387  181  158  124
-747425.26400000  -964657.90600000  137.35000000  0.02994477  180  155  115
-747425.53500000  -964657.84400000  137.43800000  0.07377917  169  143  109
-747425.27600000  -964657.85800000  137.35500000  0.03669093  184  158  122
-747425.34500000  -964657.81300000  137.38400000  0.03234906  168  139  103
-747425.28900000  -964657.80900000  137.37000000  0.02491033  177  150  114
-747425.33300000  -964657.78500000  137.37400000  0.02327989  170  143  107
-747425.24000000  -964657.78600000  137.35300000  0.02994503  166  143  107
-747425.27000000  -964657.77400000  137.35900000  0.03040068  170  145  109
-747425.45100000  -964657.67200000  137.42300000  0.09257893  163  134  97
-747425.51900000  -964657.64000000  137.45400000  0.11655954  184  156  123
-747425.38700000  -964657.66200000  137.39900000  0.03238064  152  130  101
-747425.35700000  -964657.67500000  137.38300000  0.02956641  157  133  104
-747425.28200000  -964657.71300000  137.35300000  0.02691284  167  141  113
-747425.34400000  -964657.73600000  137.37900000  0.02496537  168  143  110
-747425.28100000  -964657.63700000  137.34800000  0.03009812  181  146  110
-747425.30700000  -964657.75500000  137.36400000  0.02800517  174  147  114
-747425.33800000  -964657.63900000  137.37200000  0.03157171  173  146  116
-747425.37600000  -964657.71000000  137.39400000  0.02809600  161  136  106
-747425.30100000  -964657.65800000  137.35700000  0.02561001  168  140  105
-747425.27700000  -964657.67800000  137.35100000  0.02718929  171  141  109
-747425.23300000  -964657.70200000  137.34700000  0.02607098  176  146  112
-747425.25100000  -964657.73800000  137.34800000  0.03141492  171  145  112
-747425.32000000  -964657.60400000  137.36100000  0.02853428  192  163  133
-747425.34200000  -964657.59800000  137.36900000  0.02970554  183  157  130
-747425.33000000  -964657.55600000  137.35700000  0.02683317  172  148  116
-747425.37600000  -964657.62000000  137.38700000  0.03686562  159  139  111
-747425.26300000  -964657.60000000  137.34700000  0.02956793  173  139  101
-747425.30000000  -964657.49200000  137.34500000  0.03034202  176  149  112
-747425.29500000  -964657.40700000  137.35900000  0.02731400  176  150  119
-747425.35100000  -964657.50000000  137.38000000  0.07437949  168  142  114
-747425.28200000  -964657.45600000  137.34400000  0.02473444  177  148  112
-747425.31500000  -964657.42800000  137.37800000  0.03558728  180  155  125
-747425.25700000  -964657.42600000  137.34400000  0.02467048  170  147  114
-747425.33300000  -964657.32400000  137.39800000  0.03745261  177  152  120
-747425.27800000  -964657.37000000  137.36800000  0.01934070  165  138  110
-747425.31000000  -964657.34300000  137.39200000  0.02864281  166  140  108
-747425.28600000  -964657.36300000  137.37600000  0.01794445  163  135  107
-747425.38900000  -964657.29000000  137.44000000  0.04112413  181  167  148
-747426.33200000  -964659.52500000  137.47800000  0.02673956  19  11  4
-747426.29500000  -964659.58300000  137.58500000  0.02845314  94  78  59
-747426.39400000  -964659.60100000  137.54700000  0.02248899  124  126  106
-747426.09700000  -964659.43000000  137.56200000  0.05631706  120  107  80
-747426.08900000  -964659.42400000  137.54300000  0.04134863  109  94  69
-747426.01700000  -964659.39500000  137.56700000  0.07528965  62  46  26
-747426.07600000  -964659.38300000  137.51200000  0.05282907  59  42  22
-747426.05000000  -964659.39300000  137.54400000  0.06164215  55  38  21
-747426.02100000  -964659.27600000  137.57800000  0.04329903  55  40  24
-747426.08500000  -964659.35000000  137.50800000  0.04895923  105  83  61
-747426.01900000  -964659.29100000  137.56900000  0.03855448  58  43  25
-747426.01000000  -964659.29900000  137.55100000  0.04134863  60  45  25
-747425.72000000  -964659.31400000  137.58900000  0.02510731  127  102  71
-747426.02300000  -964659.18500000  137.59000000  0.02731540  80  64  44
-747425.91000000  -964659.20400000  137.50400000  0.05836890  97  74  58
-747425.96200000  -964659.23700000  137.58000000  0.07339615  126  104  73
-747425.91200000  -964659.24100000  137.56500000  0.07707133  121  96  60
-747425.95200000  -964659.15600000  137.53600000  0.04329903  37  23  11
-747425.78100000  -964659.22300000  137.56600000  0.07749014  222  202  198
-747425.85600000  -964659.22400000  137.55000000  0.07232549  61  48  28
-747425.66700000  -964659.19100000  137.50600000  0.02386294  128  104  71
-747425.69600000  -964659.20500000  137.53400000  0.02539181  144  115  77
-747425.68300000  -964659.21700000  137.54600000  0.02567003  141  112  79
-747425.69500000  -964659.21900000  137.53500000  0.02416151  165  134  93
-747425.67600000  -964659.15800000  137.49300000  0.04147359  132  108  78
-747425.67500000  -964659.18500000  137.50500000  0.02390226  132  107  72
-747425.71600000  -964659.26600000  137.57600000  0.02729738  134  111  81
-747425.72700000  -964659.16700000  137.52800000  0.03391768  75  58  35
-747425.66800000  -964659.21700000  137.53700000  0.02227685  134  108  75
-747425.58400000  -964659.16000000  137.47200000  0.02229069  92  74  52
-747425.63300000  -964659.22100000  137.54100000  0.02031975  104  79  52
-747425.60400000  -964659.19400000  137.50200000  0.02060538  92  71  45
-747425.59100000  -964659.16600000  137.48200000  0.02481072  89  72  51
-747425.64700000  -964659.17000000  137.48700000  0.02339894  146  122  89
-747426.02100000  -964659.03300000  137.49100000  0.02677642  103  89  62
-747426.00700000  -964659.01900000  137.48100000  0.02438891  96  80  54
-747425.91900000  -964659.10600000  137.51500000  0.02943302  35  18  7
-747425.96600000  -964659.07900000  137.47000000  0.03668429  57  37  20
-747425.70100000  -964659.12400000  137.50800000  0.04056435  101  77  53
-747425.69400000  -964659.10500000  137.48700000  0.03475190  109  86  60
-747425.70900000  -964659.07900000  137.47400000  0.03852649  113  92  64
-747425.52600000  -964659.05500000  137.58800000  0.02275920  173  153  118
-747425.52100000  -964659.02100000  137.57600000  0.03083472  156  136  102
-747425.49000000  -964659.03400000  137.55000000  0.02498902  165  137  102
-747425.49800000  -964659.04100000  137.56900000  0.02235566  171  143  107
-747425.51100000  -964659.06800000  137.58000000  0.02148551  175  150  112
-747425.99700000  -964658.92500000  137.59300000  0.02663508  163  141  112
-747425.90100000  -964658.89200000  137.57000000  0.02788874  160  135  101
-747425.97800000  -964658.98000000  137.50100000  0.02502768  64  47  32
-747425.94600000  -964658.94300000  137.50100000  0.02505640  36  19  7
-747425.94800000  -964658.91600000  137.57700000  0.02510652  155  131  100
-747425.97400000  -964658.94500000  137.58700000  0.02950227  149  128  100
-747425.92000000  -964658.92700000  137.58100000  0.03203619  158  131  97
-747425.93800000  -964658.96300000  137.59200000  0.02699795  139  118  87
-747425.86500000  -964658.90900000  137.57500000  0.02928909  161  132  97
-747425.84000000  -964658.96900000  137.59100000  0.02682280  141  114  84
-747425.77400000  -964658.92200000  137.58400000  0.04003698  156  131  93
-747425.89000000  -964658.95200000  137.58500000  0.02679582  150  128  91
-747425.61100000  -964658.94500000  137.57200000  0.03403823  134  114  80
-747425.62500000  -964658.95900000  137.58100000  0.03435457  120  103  70
-747425.57400000  -964658.96300000  137.56700000  0.03102464  139  118  85
-747425.58900000  -964658.97700000  137.58600000  0.03323166  141  124  91
-747425.52400000  -964658.94100000  137.53000000  0.03311515  163  136  100
-747425.43700000  -964658.93800000  137.48900000  0.02416923  155  122  86
-747425.45100000  -964658.96500000  137.50900000  0.02432393  143  120  87
-747425.48700000  -964658.96000000  137.52500000  0.03403646  154  129  90
-747425.48900000  -964658.89400000  137.48100000  0.02728395  170  140  104
-747425.50100000  -964658.98700000  137.54600000  0.03705727  156  130  93
-747425.51000000  -964658.92800000  137.51100000  0.03397402  159  132  93
-747425.50700000  -964659.00800000  137.55600000  0.02450609  153  129  96
-747425.46100000  -964658.90500000  137.48400000  0.03028749  172  140  102
-747425.49600000  -964658.90100000  137.49000000  0.02628843  166  136  100
-747425.42400000  -964658.92400000  137.47900000  0.02295362  154  122  85
-747425.47300000  -964658.94600000  137.50600000  0.02849581  152  125  86
-747425.45600000  -964658.99900000  137.52100000  0.02192521  150  130  94
-747425.38700000  -964658.94200000  137.47400000  0.02510549  148  119  88
-747426.02100000  -964658.81600000  137.59300000  0.01963991  171  148  122
-747426.02200000  -964658.78900000  137.58100000  0.02249391  171  149  125
-747425.92800000  -964658.79200000  137.54000000  0.02622679  155  133  98
-747425.94100000  -964658.81900000  137.56100000  0.03006782  154  127  95
-747425.98000000  -964658.88900000  137.59200000  0.02403251  161  137  103
-747425.90600000  -964658.81100000  137.54400000  0.02758403  159  135  102
-747425.97700000  -964658.80200000  137.55600000  0.02625634  156  132  101
-747425.92900000  -964658.88100000  137.56700000  0.03188656  160  136  106
-747425.87500000  -964658.86300000  137.56100000  0.02888914  160  134  98
-747425.79000000  -964658.87100000  137.54900000  0.02407499  156  128  95
-747425.84500000  -964658.88800000  137.56500000  0.02900079  155  128  96
-747425.85500000  -964658.82800000  137.54000000  0.03362403  168  143  108
-747425.80700000  -964658.81800000  137.53400000  0.02789279  154  129  94
-747425.83300000  -964658.84700000  137.54400000  0.03092118  164  138  104
-747425.69700000  -964658.78300000  137.51200000  0.03106770  161  135  103
-747425.72200000  -964658.81300000  137.51200000  0.02926426  156  132  99
-747425.68600000  -964658.83000000  137.51700000  0.02722193  162  137  103
-747425.66700000  -964658.79500000  137.50600000  0.02833111  165  138  102
-747425.65600000  -964658.85500000  137.52100000  0.02738505  164  139  101
-747425.64800000  -964658.77300000  137.50600000  0.02819536  176  146  106
-747425.73400000  -964658.85400000  137.53400000  0.02693020  146  123  90
-747425.77000000  -964658.83600000  137.52900000  0.02849783  145  121  87
-747425.70500000  -964658.86500000  137.53700000  0.02806456  143  120  89
-747425.75100000  -964658.80100000  137.51800000  0.03138422  147  124  90
-747425.61100000  -964658.79100000  137.50100000  0.02807630  170  139  98
-747425.62900000  -964658.82700000  137.50200000  0.02760637  163  135  97
-747425.50700000  -964658.84000000  137.47500000  0.04519573  143  120  87
-747425.47700000  -964658.86600000  137.47000000  0.02526524  165  138  99
-747425.92700000  -964658.70300000  137.52400000  0.04648629  149  130  98
-747425.96900000  -964658.71900000  137.54100000  0.05560309  150  131  100
-747425.98400000  -964658.66800000  137.58500000  0.04831412  167  149  128
-747425.99400000  -964658.71100000  137.57700000  0.05469906  151  133  106
-747425.71500000  -964658.72900000  137.50600000  0.02942886  149  124  91
-747425.75100000  -964658.71100000  137.51200000  0.02983958  160  131  95
-747425.67800000  -964658.74700000  137.50100000  0.03082670  165  138  101
-747425.73200000  -964658.76500000  137.50800000  0.03190370  151  126  92
-747425.76900000  -964658.74700000  137.51300000  0.03549486  157  130  94
-747425.62900000  -964658.73700000  137.49500000  0.03346550  169  139  99
-747425.61000000  -964658.70200000  137.47500000  0.03503510  153  125  92
-747425.58500000  -964658.74900000  137.48100000  0.03444839  152  126  90
-747425.62800000  -964658.64900000  137.46900000  0.02988400  164  136  103
-747425.95100000  -964658.55500000  137.57000000  0.06643991  179  164  146
-747425.96400000  -964658.63400000  137.55500000  0.03650825  173  155  132
-747425.96100000  -964658.59700000  137.57200000  0.05147286  177  163  148
-747425.78000000  -964658.61000000  137.50100000  0.05373314  176  145  108
-747425.72600000  -964658.59200000  137.49500000  0.03681771  172  142  107
-747425.70000000  -964658.55000000  137.47500000  0.03956712  159  133  95
-747425.69500000  -964658.61800000  137.49000000  0.04203797  168  139  103
-747425.74400000  -964658.53800000  137.49000000  0.03278182  171  143  104
-747425.66600000  -964658.63000000  137.48400000  0.03600986  167  140  107
-747425.66900000  -964658.57600000  137.47000000  0.03761196  157  131  95
-747425.94200000  -964658.51100000  137.58700000  0.06871683  188  171  152
-747425.79300000  -964658.45800000  137.49900000  0.05174365  169  144  111
-747425.89500000  -964658.41000000  137.58400000  0.06817005  160  137  108
-747425.89000000  -964658.45300000  137.56800000  0.08085657  142  121  85
-747425.75500000  -964658.47800000  137.47400000  0.03445697  180  152  117
-747425.80700000  -964658.35600000  137.48000000  0.04548956  159  132  102
-747425.79500000  -964658.32800000  137.46900000  0.04571733  151  124  94
-747425.83500000  -964658.30800000  137.50300000  0.07167083  167  142  117
-747425.81800000  -964658.32200000  137.48600000  0.03912600  155  127  97
-747425.77800000  -964658.20200000  137.47100000  0.04335713  181  157  129
-747425.79600000  -964658.23800000  137.47200000  0.03336271  176  152  122
-747425.82200000  -964658.17800000  137.54400000  0.03418403  203  200  193
-747425.79500000  -964658.18800000  137.48800000  0.04259570  184  160  134
-747425.82200000  -964658.21600000  137.50800000  0.03392347  202  189  173
-747425.81700000  -964658.14300000  137.54200000  0.03600745  202  199  191
-747425.77300000  -964658.11700000  137.48500000  0.05708570  181  159  133
-747425.80000000  -964658.10700000  137.54100000  0.03799979  203  198  190
-747425.71100000  -964658.01500000  137.47400000  0.04643992  191  167  140
-747425.75200000  -964658.04500000  137.49200000  0.04423648  195  184  168
-747425.76500000  -964658.03400000  137.54900000  0.03287958  197  194  189
-747425.72600000  -964657.96500000  137.50800000  0.04268387  195  188  175
-747425.70000000  -964657.98700000  137.47200000  0.04862976  187  161  131
-747425.72300000  -964657.98000000  137.49000000  0.03897034  194  181  164
-747425.73400000  -964658.00900000  137.49100000  0.04737573  193  181  165
-747425.69600000  -964657.90000000  137.50600000  0.03577894  189  169  145
-747425.68200000  -964657.95100000  137.47100000  0.04694504  178  150  120
-747425.74300000  -964658.00100000  137.50900000  0.03388534  192  186  175
-747425.65700000  -964657.92100000  137.47200000  0.03788603  168  139  107
-747425.61900000  -964657.88900000  137.48300000  0.06365397  175  145  103
-747425.65300000  -964657.86000000  137.52700000  0.07560075  190  172  150
-747425.63100000  -964657.78900000  137.52300000  0.06685808  189  172  151
-747425.60800000  -964657.86000000  137.49100000  0.07549521  170  139  99
-747425.58300000  -964657.68900000  137.51100000  0.10594844  189  171  155
-747425.61200000  -964657.75400000  137.51300000  0.08581954  190  171  151
-747425.54700000  -964657.61700000  137.50800000  0.08131410  198  190  177
-747425.51800000  -964657.55200000  137.50600000  0.07338168  199  188  173
-747425.51300000  -964657.49200000  137.55200000  0.07146635  186  180  169
-747425.42600000  -964657.28400000  137.54400000  0.06360176  175  171  163
-747425.42900000  -964657.37200000  137.50100000  0.08663736  177  167  153
-747425.45400000  -964657.36300000  137.54800000  0.08529907  167  159  149
-747426.21100000  -964659.64100000  137.64600000  0.03582634  152  128  96
-747426.10900000  -964659.52200000  137.63700000  0.04506706  196  179  151
-747426.21500000  -964659.39400000  137.60700000  0.03794480  15  9  0
-747426.18900000  -964659.44100000  137.59400000  0.04377158  60  37  25
-747426.25300000  -964659.43900000  137.60700000  0.04926838  17  9  0
-747426.18000000  -964659.51300000  137.63900000  0.04732827  140  124  93
-747426.12500000  -964659.47000000  137.60200000  0.06183968  179  169  140
-747426.07700000  -964659.45900000  137.60600000  0.05865087  123  112  93
-747426.11000000  -964659.50900000  137.62600000  0.05161225  192  178  151
-747426.03600000  -964659.46900000  137.62000000  0.07206313  119  104  82
-747426.06400000  -964659.44500000  137.59600000  0.06851761  84  70  56
-747425.96000000  -964659.44300000  137.60500000  0.05287497  88  72  47
-747425.89800000  -964659.47100000  137.63300000  0.03336910  158  134  106
-747425.92400000  -964659.50000000  137.64300000  0.04130533  159  140  95
-747425.90500000  -964659.47700000  137.64300000  0.03606701  187  158  130
-747425.88800000  -964659.41400000  137.63000000  0.06030528  111  93  70
-747425.85500000  -964659.46800000  137.61700000  0.04696920  47  28  15
-747426.13600000  -964659.37100000  137.63300000  0.04983737  94  75  52
-747425.96800000  -964659.34700000  137.59800000  0.07462489  79  60  40
-747425.95000000  -964659.32400000  137.60700000  0.05000241  69  58  40
-747425.90200000  -964659.32700000  137.61200000  0.06439603  163  142  103
-747425.83000000  -964659.29800000  137.63600000  0.06947051  146  120  90
-747425.81400000  -964659.27200000  137.59700000  0.06227659  104  80  52
-747425.84900000  -964659.37100000  137.61100000  0.05840106  53  35  12
-747425.80300000  -964659.35900000  137.63400000  0.05344746  122  103  73
-747425.76500000  -964659.30200000  137.61300000  0.02378373  168  143  105
-747425.77200000  -964659.30800000  137.62300000  0.02366388  170  144  105
-747426.05800000  -964659.22000000  137.62900000  0.04971038  73  57  40
-747426.04900000  -964659.22700000  137.61100000  0.04633568  62  46  30
-747426.05000000  -964659.22700000  137.62000000  0.04482595  65  49  33
-747425.98300000  -964659.18100000  137.60400000  0.02380664  52  37  19
-747425.68400000  -964659.15200000  137.65900000  0.02600468  166  137  102
-747425.66000000  -964659.19900000  137.66500000  0.02203365  148  123  89
-747425.65400000  -964659.17800000  137.65400000  0.02064027  152  125  92
-747425.59100000  -964659.15400000  137.62800000  0.02082981  167  141  110
-747426.00500000  -964659.02100000  137.61900000  0.02352548  150  129  100
-747425.91500000  -964659.02100000  137.61800000  0.02346133  139  118  90
-747425.97700000  -964659.03300000  137.62300000  0.02555338  152  129  98
-747425.88700000  -964659.03200000  137.63100000  0.02228466  136  116  88
-747425.85100000  -964659.04900000  137.63600000  0.02863186  146  125  95
-747425.83800000  -964659.02200000  137.61500000  0.03021904  153  129  97
-747425.68800000  -964659.09700000  137.65400000  0.02031975  164  138  99
-747425.70500000  -964659.04500000  137.62900000  0.02913578  147  120  84
-747425.76700000  -964659.05700000  137.63400000  0.03103281  152  130  97
-747425.75400000  -964659.02900000  137.62300000  0.03896885  143  121  90
-747425.66400000  -964659.02900000  137.62200000  0.03082707  146  123  89
-747425.67200000  -964659.12400000  137.64800000  0.02598394  164  137  101
-747425.73100000  -964659.08700000  137.65000000  0.02884081  165  137  100
-747425.68300000  -964659.06400000  137.63300000  0.02711152  148  125  89
-747425.56500000  -964659.02200000  137.60100000  0.03117741  166  149  119
-747425.63900000  -964659.08800000  137.63900000  0.02153624  150  125  87
-747425.60700000  -964659.02500000  137.60700000  0.02913672  151  133  100
-747425.57200000  -964659.11900000  137.61800000  0.02148013  148  126  95
-747425.57900000  -964659.03700000  137.61100000  0.02858222  165  146  115
-747425.56000000  -964659.09100000  137.60700000  0.02682223  153  132  97
-747425.61000000  -964659.10000000  137.63200000  0.02227685  146  123  88
-747425.62000000  -964659.05200000  137.62800000  0.02824325  150  130  94
-747425.59100000  -964659.06500000  137.62200000  0.03118192  153  131  97
-747425.62800000  -964659.13500000  137.64300000  0.02340187  156  132  97
-747426.02200000  -964658.96900000  137.59400000  0.02163626  146  128  99
-747425.98700000  -964658.98600000  137.60800000  0.02582398  142  124  94
-747425.95800000  -964658.99700000  137.61200000  0.02689730  141  119  89
-747425.90200000  -964658.99300000  137.60700000  0.02193975  148  125  96
-747425.86700000  -964659.01000000  137.62100000  0.02323762  151  128  99
-747425.77600000  -964659.01100000  137.61000000  0.04810843  138  117  86
-747425.81200000  -964658.98000000  137.59500000  0.02914722  133  109  78
-747425.72800000  -964659.00000000  137.61400000  0.03598253  146  119  86
-747425.67400000  -964658.98200000  137.60800000  0.03800143  157  134  101
-747425.68600000  -964659.01000000  137.61900000  0.03028757  142  118  84
-747425.60200000  -964659.00400000  137.60600000  0.02957267  144  129  98
-747425.63800000  -964658.99900000  137.61200000  0.02909049  155  129  96
-747426.02500000  -964658.86400000  137.60600000  0.01872174  175  147  111
-747426.03800000  -964658.78900000  137.59900000  0.02130694  177  156  134
-747426.29000000  -964659.86900000  137.73400000  0.01440069  60  52  35
-747426.27300000  -964659.84600000  137.92100000  0.01190030  137  132  121
-747426.25900000  -964659.89600000  137.88700000  0.01129703  142  125  112
-747426.26500000  -964659.86500000  137.93300000  0.01114474  130  125  118
-747426.24800000  -964659.85500000  138.04200000  0.01003276  90  86  80
