-747426.290 -964659.869 137.734
-747426.270 -964659.810 137.929
-747426.273 -964659.846 137.921
-747426.290 -964659.869 137.734
-747426.267 -964659.813 137.978
-747426.270 -964659.848 137.971
-747426.239 -964659.837 138.081
-747426.265 -964659.865 137.933
-747426.255 -964659.861 137.973
-747426.290 -964659.869 137.734
-747426.274 -964659.807 137.889
-747426.284 -964659.849 137.891
-747426.290 -964659.869 137.734
-747426.259 -964659.896 137.887
-747426.240 -964659.835 137.854
-747426.247 -964659.829 138.011
-747426.258 -964659.859 138.002
-747426.253 -964659.862 137.865
-747426.244 -964659.833 138.051
-747426.248 -964659.855 138.042
-747426.268 -964659.862 137.883
-747425.778 -964658.202 137.471
-747425.707 -964658.057 137.467
-747425.635 -964657.926 137.464
-747425.291 -964658.294 137.317
-747425.220 -964658.161 137.333
-747425.069 -964657.879 137.317
-747425.461 -964658.905 137.484
-747425.369 -964658.432 137.320
-747425.008 -964658.097 137.319
-747425.136 -964657.669 137.315
-747425.887 -964659.032 137.631
-747425.716 -964658.421 137.454
-747425.562 -964657.796 137.461
-747425.189 -964657.458 137.314
-747425.314 -964658.644 137.301
-747425.674 -964658.982 137.608
-747425.148 -964658.018 137.320
-747425.086 -964658.236 137.312
-747424.567 -964657.970 136.996
-747424.661 -964658.108 137.017
-747425.289 -964657.911 137.151
-747425.120 -964657.682 137.150
-747425.208 -964657.800 137.150
-747425.022 -964658.085 137.140
-747425.105 -964658.590 137.002
-747425.452 -964658.912 137.308
-747425.895 -964659.409 137.619
-747426.125 -964659.470 137.602
-747425.761 -964659.099 137.451
-747425.579 -964658.113 137.168
-747425.419 -964658.581 137.159
-747425.625 -964658.843 137.307
-747425.983 -964659.181 137.604
-747425.708 -964658.426 137.130
-747425.867 -964658.011 137.173
-747425.511 -964658.388 137.146
-747425.194 -964658.029 137.139
-747425.864 -964659.038 137.447
-747426.072 -964659.105 137.432
-747425.622 -964658.256 137.165
-747425.851 -964658.330 137.159
-747426.215 -964659.394 137.607
-747426.332 -964659.525 137.478
-747425.652 -964657.963 137.456
-747425.796 -964658.238 137.472
-747425.686 -964659.010 137.619
-747425.141 -964657.704 137.326
-747425.549 -964658.741 137.454
-747425.560 -964659.091 137.607
-747425.231 -964658.191 137.325
-747425.087 -964657.916 137.318
-747425.381 -964658.460 137.321
-747425.316 -964658.323 137.317
-747425.104 -964658.259 137.302
-747425.730 -964658.102 137.458
-747425.575 -964657.824 137.472
-747425.207 -964657.494 137.315
-747425.327 -964658.672 137.312
-747425.021 -964658.125 137.330
-747424.894 -964658.207 137.308
-747425.742 -964658.450 137.464
-747425.382 -964658.113 137.147
-747425.096 -964657.574 137.164
-747425.109 -964658.611 136.993
-747425.132 -964657.710 137.151
-747425.040 -964658.121 137.141
-747425.163 -964658.068 137.145
-747425.324 -964658.673 137.125
-747425.843 -964659.287 137.615
-747425.888 -964659.414 137.630
-747425.622 -964658.871 137.299
-747425.238 -964657.851 137.151
-747425.619 -964658.515 137.313
-747425.851 -964658.036 137.019
-747425.579 -964658.215 137.117
-747425.731 -964658.100 137.311
-747425.867 -964658.011 137.173
-747425.511 -964658.388 137.146
-747425.724 -964658.451 137.180
-747425.742 -964658.475 137.328
-747426.125 -964659.470 137.602
-747426.211 -964659.641 137.646
-747426.083 -964658.801 137.330
-747425.807 -964658.278 137.159
-747426.253 -964659.439 137.607
-747426.332 -964659.525 137.478
-747425.754 -964658.222 137.455
-747425.987 -964658.986 137.608
-747425.332 -964658.451 137.305
-747425.261 -964658.306 137.311
-747425.183 -964658.180 137.328
-747425.424 -964658.924 137.479
-747425.099 -964657.688 137.310
-747425.049 -964658.254 137.307
-747425.851 -964659.049 137.636
-747425.693 -964658.440 137.448
-747425.532 -964657.809 137.445
-747425.807 -964658.356 137.480
-747425.038 -964657.905 137.312
-747425.104 -964658.041 137.325
-747425.290 -964658.665 137.285
-747425.638 -964658.999 137.612
-747425.152 -964657.476 137.309
-747425.628 -964658.649 137.469
-747424.965 -964658.108 137.314
-747424.565 -964657.984 136.988
-747425.990 -964659.341 137.605
-747425.873 -964659.415 137.611
-747426.077 -964659.459 137.606
-747425.107 -964657.680 137.151
-747425.081 -964658.061 137.152
-747425.061 -964658.601 136.987
-747425.570 -964658.864 137.333
-747425.430 -964658.931 137.312
-747425.293 -964657.408 137.182
-747425.535 -964658.137 137.174
-747425.413 -964658.573 137.159
-747425.372 -964657.533 137.174
-747425.708 -964658.426 137.130
-747425.814 -964659.272 137.597
-747425.511 -964658.388 137.146
-747425.884 -964658.187 136.988
-747425.850 -964659.037 137.448
-747425.851 -964658.330 137.159
-747426.215 -964659.394 137.607
-747425.780 -964658.252 137.455
-747425.550 -964657.845 137.446
-747425.664 -964659.029 137.622
-747425.512 -964658.759 137.449
-747425.118 -964657.723 137.320
-747425.358 -964658.480 137.315
-747425.285 -964658.349 137.312
-747425.207 -964658.210 137.319
-747425.050 -964657.934 137.313
-747426.005 -964659.021 137.619
-747425.700 -964658.114 137.443
-747424.990 -964658.151 137.325
-747425.170 -964657.513 137.310
-747425.122 -964658.078 137.326
-747425.296 -964658.698 137.307
-747425.705 -964658.468 137.458
-747424.576 -964658.014 136.979
-747425.086 -964658.631 136.987
-747425.127 -964657.689 137.150
-747425.134 -964658.079 137.148
-747425.354 -964658.137 137.171
-747425.288 -964658.704 137.141
-747425.442 -964658.972 137.333
-747425.885 -964659.443 137.622
-747425.431 -964658.609 137.170
-747425.285 -964657.415 137.174
-747425.504 -964658.394 137.147
-747425.705 -964658.480 137.312
-747425.566 -964658.559 137.311
-747425.822 -964659.291 137.627
-747426.110 -964659.509 137.626
-747425.884 -964658.187 136.988
-747426.083 -964658.801 137.330
-747426.007 -964659.019 137.481
-747425.807 -964658.278 137.159
-747426.253 -964659.439 137.607
-747426.332 -964659.525 137.478
-747425.799 -964658.555 137.505
-747425.873 -964658.685 137.518
-747425.732 -964658.765 137.508
-747425.263 -964657.600 137.347
-747425.347 -964658.079 137.355
-747425.600 -964658.839 137.496
-747425.282 -964657.942 137.351
-747425.209 -964657.812 137.338
-747425.444 -964658.560 137.352
-747425.467 -964658.926 137.495
-747425.095 -964658.586 137.199
-747424.656 -964658.113 137.205
-747424.585 -964657.968 137.201
-747425.425 -964658.218 137.348
-747425.847 -964658.336 137.514
-747425.666 -964658.630 137.484
-747424.734 -964658.238 137.030
-747424.727 -964657.860 137.052
-747425.493 -964658.006 137.198
-747425.031 -964658.448 137.048
-747425.467 -964658.925 137.337
-747425.604 -964659.194 137.502
-747425.164 -964658.361 137.048
-747425.244 -964657.603 137.211
-747425.441 -964658.588 137.177
-747425.901 -964659.018 137.383
-747425.162 -964658.708 137.055
-747425.724 -964658.451 137.180
-747425.783 -964659.132 137.500
-747425.952 -964659.156 137.536
-747426.332 -964659.525 137.478
-747425.811 -964658.584 137.506
-747425.751 -964658.801 137.518
-747425.281 -964657.637 137.348
-747425.379 -964658.117 137.355
-747425.300 -964657.978 137.352
-747425.221 -964657.840 137.349
-747425.473 -964658.946 137.506
-747424.602 -964658.005 137.193
-747425.819 -964658.231 137.489
-747425.619 -964658.874 137.516
-747425.335 -964658.678 137.332
-747425.120 -964658.616 137.199
-747425.443 -964658.254 137.349
-747425.678 -964658.658 137.495
-747425.167 -964658.052 137.340
-747424.712 -964657.950 137.040
-747424.680 -964658.130 137.017
-747425.042 -964658.477 137.039
-747425.439 -964658.615 137.189
-747425.473 -964658.945 137.348
-747425.596 -964658.893 137.343
-747425.732 -964658.457 137.190
-747425.790 -964659.139 137.500
-747425.742 -964658.475 137.328
-747425.493 -964658.006 137.198
-747425.636 -964657.975 137.212
-747425.851 -964658.036 137.019
-747425.612 -964658.162 137.198
-747426.083 -964658.801 137.330
-747426.021 -964659.033 137.491
-747426.332 -964659.525 137.478
-747425.427 -964657.321 137.517
-747425.829 -964658.709 137.524
-747425.307 -964657.755 137.364
-747425.240 -964657.620 137.341
-747425.697 -964658.783 137.512
-747425.469 -964658.373 137.365
-747425.324 -964658.099 137.349
-747425.245 -964657.961 137.346
-747425.172 -964657.831 137.333
-747425.563 -964658.857 137.491
-747425.396 -964658.230 137.342
-747425.437 -964658.938 137.489
-747425.414 -964658.586 137.347
-747425.343 -964658.787 137.368
-747425.295 -964657.407 137.359
-747425.072 -964658.593 137.182
-747424.547 -964657.987 137.186
-747425.823 -964658.356 137.498
-747425.762 -964658.574 137.500
-747424.668 -964657.897 137.050
-747425.376 -964657.900 137.191
-747425.457 -964658.011 137.192
-747424.982 -964658.451 137.043
-747425.341 -964658.788 137.191
-747425.562 -964658.870 137.334
-747425.113 -964658.391 137.055
-747425.293 -964657.408 137.182
-747425.244 -964657.603 137.211
-747425.432 -964658.595 137.169
-747424.738 -964658.056 137.046
-747425.677 -964658.081 137.226
-747425.372 -964657.533 137.174
-747425.816 -964658.041 137.180
-747425.582 -964658.276 137.052
-747425.701 -964659.124 137.508
-747425.978 -964658.980 137.501
-747425.910 -964659.204 137.504
-747425.790 -964658.357 137.196
-747426.332 -964659.525 137.478
-747425.780 -964658.610 137.501
-747425.259 -964657.642 137.340
-747425.722 -964658.813 137.512
-747425.487 -964658.409 137.366
-747425.271 -964657.991 137.346
-747425.191 -964657.853 137.333
-747425.583 -964658.892 137.511
-747425.420 -964658.274 137.343
-747425.451 -964658.965 137.509
-747425.426 -964658.614 137.358
-747425.306 -964657.436 137.360
-747424.571 -964658.031 137.187
-747425.342 -964658.135 137.350
-747425.829 -964658.389 137.520
-747425.648 -964658.683 137.490
-747424.998 -964658.502 137.202
-747425.082 -964658.635 137.185
-747424.712 -964657.950 137.040
-747424.926 -964658.370 137.042
-747425.005 -964658.495 137.034
-747425.439 -964658.615 137.189
-747425.450 -964658.965 137.342
-747425.145 -964658.428 137.055
-747425.692 -964658.824 137.339
-747425.582 -964658.892 137.344
-747425.362 -964657.593 137.199
-747425.732 -964658.457 137.190
-747426.109 -964659.522 137.637
-747425.816 -964658.041 137.180
-747425.727 -964659.167 137.528
-747425.830 -964659.298 137.636
-747425.452 -964658.054 137.176
-747425.636 -964657.975 137.212
-747425.851 -964658.036 137.019
-747426.083 -964658.801 137.330
-747426.021 -964659.033 137.491
-747425.910 -964659.204 137.504
-747426.332 -964659.525 137.478
-747425.742 -964658.130 137.460
-747425.669 -964657.999 137.457
-747425.233 -964657.523 137.324
-747425.705 -964659.045 137.629
-747425.561 -964658.769 137.465
-747425.572 -964659.119 137.618
-747425.254 -964658.235 137.316
-747425.038 -964657.816 137.295
-747425.405 -964658.504 137.322
-747425.334 -964658.359 137.318
-747424.972 -964658.025 137.307
-747425.333 -964658.706 137.334
-747425.808 -964658.266 137.473
-747425.592 -964657.860 137.473
-747425.527 -964657.724 137.459
-747425.755 -964658.478 137.474
-747425.427 -964658.857 137.444
-747424.905 -964658.236 137.309
-747425.106 -964657.951 137.328
-747425.627 -964658.560 137.453
-747425.044 -964658.169 137.321
-747425.158 -964657.739 137.160
-747424.622 -964658.051 136.987
-747425.129 -964658.646 137.014
-747425.175 -964658.084 137.135
-747425.696 -964659.065 137.464
-747425.860 -964659.323 137.616
-747425.088 -964657.581 137.155
-747425.380 -964658.127 137.139
-747425.352 -964658.689 137.134
-747425.232 -964657.536 137.168
-747425.245 -964657.858 137.161
-747425.742 -964658.142 137.313
-747425.619 -964658.515 137.313
-747425.960 -964659.443 137.605
-747425.540 -964658.069 137.159
-747425.851 -964658.036 137.019
-747425.579 -964658.215 137.117
-747425.425 -964658.486 137.132
-747425.540 -964658.428 137.195
-747425.742 -964658.475 137.328
-747426.179 -964659.514 137.630
-747426.211 -964659.641 137.646
-747426.021 -964659.033 137.491
-747425.807 -964658.278 137.159
-747426.253 -964659.439 137.607
-747425.760 -964658.166 137.461
-747425.688 -964658.035 137.467
-747425.610 -964657.896 137.474
-747425.244 -964657.552 137.325
-747425.279 -964658.265 137.316
-747425.057 -964657.852 137.306
-747425.447 -964658.878 137.464
-747425.351 -964658.396 137.319
-747424.991 -964658.061 137.318
-747425.110 -964657.640 137.305
-747425.867 -964659.010 137.621
-747425.538 -964657.752 137.460
-747425.591 -964659.154 137.628
-747425.640 -964658.588 137.464
-747425.309 -964658.610 137.289
-747424.929 -964658.266 137.299
-747425.130 -964657.982 137.319
-747425.069 -964658.199 137.321
-747425.182 -964657.783 137.161
-747425.235 -964658.826 137.135
-747425.446 -964658.892 137.298
-747424.649 -964658.067 136.996
-747425.206 -964658.121 137.135
-747425.715 -964659.087 137.474
-747425.584 -964659.160 137.472
-747425.894 -964659.333 137.613
-747425.264 -964658.264 137.140
-747425.565 -964658.112 137.170
-747425.061 -964658.550 137.013
-747425.438 -964658.526 137.163
-747425.595 -964658.791 137.316
-747425.232 -964657.536 137.168
-747425.367 -964657.499 137.162
-747425.747 -964658.163 137.314
-747425.282 -964657.903 137.151
-747426.072 -964659.105 137.432
-747425.622 -964658.256 137.165
-747425.851 -964658.330 137.159
-747426.215 -964659.394 137.607
-747425.561 -964657.873 137.447
-747425.683 -964659.064 137.633
-747425.532 -964658.794 137.469
-747425.136 -964657.759 137.321
-747425.375 -964658.516 137.316
-747425.297 -964658.378 137.313
-747425.224 -964658.247 137.310
-747425.069 -964657.969 137.323
-747425.302 -964658.719 137.318
-747425.784 -964658.287 137.457
-747425.718 -964658.150 137.444
-747425.724 -964658.503 137.469
-747424.935 -964658.044 137.302
-747425.404 -964658.876 137.448
-747425.016 -964658.181 137.324
-747425.188 -964657.549 137.311
-747425.149 -964657.760 137.153
-747425.106 -964658.653 136.997
-747425.125 -964658.113 137.152
-747425.020 -964658.534 137.006
-747425.681 -964659.077 137.467
-747425.831 -964659.348 137.620
-747425.293 -964658.738 137.153
-747425.508 -964658.800 137.285
-747425.747 -964658.163 137.314
-747425.566 -964658.559 137.311
-747425.962 -964659.237 137.580
-747425.898 -964659.471 137.633
-747425.677 -964657.825 137.295
-747425.864 -964658.103 137.151
-747425.366 -964658.510 137.119
-747425.652 -964658.358 137.140
-747425.742 -964658.475 137.328
-747425.813 -964658.978 137.447
-747426.021 -964659.033 137.491
-747426.066 -964659.187 137.439
-747425.807 -964658.278 137.159
-747426.253 -964659.439 137.607
-747426.317 -964659.615 137.634
-747425.658 -964658.048 137.451
-747425.838 -964659.022 137.615
-747425.214 -964657.578 137.320
-747425.147 -964657.788 137.322
-747425.544 -964658.822 137.480
-747425.314 -964658.415 137.304
-747425.250 -964658.277 137.310
-747425.394 -964658.551 137.326
-747425.080 -964657.652 137.299
-747425.795 -964658.328 137.469
-747425.603 -964658.606 137.459
-747425.403 -964658.903 137.460
-747425.033 -964658.217 137.316
-747424.953 -964658.080 137.303
-747425.405 -964657.289 137.468
-747425.087 -964658.005 137.324
-747425.020 -964657.870 137.301
-747425.165 -964658.144 137.327
-747425.153 -964657.782 137.144
-747425.431 -964658.904 137.300
-747425.149 -964658.144 137.142
-747425.537 -964658.840 137.335
-747425.688 -964659.084 137.476
-747425.849 -964659.371 137.611
-747426.064 -964659.445 137.596
-747425.537 -964658.123 137.183
-747425.044 -964658.564 136.996
-747425.405 -964658.567 137.149
-747425.367 -964657.499 137.162
-747425.747 -964658.163 137.314
-747425.864 -964658.103 137.151
-747425.844 -964659.029 137.458
-747425.622 -964658.256 137.165
-747425.851 -964658.330 137.159
-747426.215 -964659.394 137.607
-747425.829 -964658.620 137.507
-747425.301 -964657.658 137.357
-747425.390 -964658.145 137.356
-747425.173 -964657.740 137.336
-747425.317 -964658.015 137.343
-747425.354 -964658.714 137.342
-747425.131 -964658.645 137.200
-747424.620 -964658.041 137.194
-747425.823 -964658.266 137.492
-747425.608 -964657.860 137.491
-747425.469 -964658.284 137.359
-747425.247 -964657.870 137.349
-747425.697 -964658.693 137.505
-747425.185 -964658.088 137.341
-747424.750 -964657.994 137.050
-747425.136 -964658.653 137.023
-747425.466 -964658.644 137.199
-747425.066 -964658.508 137.029
-747425.354 -964658.726 137.195
-747425.716 -964658.727 137.359
-747425.616 -964658.914 137.362
-747425.232 -964657.536 137.168
-747425.810 -964659.161 137.510
-747425.851 -964658.036 137.019
-747425.540 -964658.428 137.195
-747425.742 -964658.475 137.328
-747426.076 -964659.383 137.512
-747426.159 -964659.519 137.642
-747426.211 -964659.641 137.646
-747426.083 -964658.801 137.330
-747426.021 -964659.033 137.491
-747425.919 -964659.106 137.515
-747425.611 -964658.252 137.038
-747425.855 -964658.649 137.517
-747425.781 -964658.520 137.495
-747425.319 -964657.694 137.368
-747425.731 -964659.087 137.650
-747425.715 -964658.729 137.506
-747425.414 -964658.189 137.357
-747425.185 -964657.769 137.337
-747425.588 -964658.810 137.495
-747425.336 -964658.051 137.354
-747425.432 -964658.532 137.341
-747425.361 -964658.733 137.363
-747425.078 -964658.550 137.208
-747424.638 -964658.077 137.204
-747425.835 -964658.308 137.503
-747425.619 -964657.889 137.483
-747425.196 -964658.118 137.332
-747425.264 -964657.906 137.350
-747424.721 -964658.224 137.020
-747424.721 -964657.852 137.052
-747425.006 -964658.418 137.048
-747425.709 -964659.079 137.474
-747425.591 -964659.166 137.482
-747425.367 -964658.727 137.194
-747425.152 -964658.345 137.058
-747425.716 -964658.727 137.359
-747425.559 -964658.117 137.180
-747425.447 -964658.519 137.181
-747425.654 -964658.575 137.373
-747425.232 -964657.536 137.168
-747425.149 -964658.681 137.034
-747425.924 -964659.500 137.643
-747425.368 -964657.498 137.172
-747425.540 -964658.428 137.195
-747426.075 -964659.397 137.513
-747426.144 -964659.531 137.644
-747426.013 -964658.924 137.375
-747425.952 -964659.156 137.536
-747425.588 -964657.913 137.074
-747425.447 -964657.407 137.512
-747425.799 -964658.645 137.512
-747425.277 -964657.678 137.351
-747425.367 -964658.165 137.349
-747425.288 -964658.027 137.347
-747425.456 -964658.999 137.521
-747425.323 -964658.740 137.337
-747425.023 -964658.532 137.202
-747424.590 -964658.053 137.187
-747425.432 -964658.302 137.354
-747425.666 -964658.719 137.500
-747425.148 -964658.107 137.336
-747425.324 -964657.472 137.361
-747425.216 -964657.896 137.344
-747424.782 -964658.121 137.056
-747424.729 -964657.986 137.041
-747425.414 -964657.958 137.202
-747424.938 -964658.385 137.042
-747425.458 -964658.650 137.200
-747425.150 -964658.450 137.056
-747425.607 -964658.935 137.355
-747425.713 -964658.512 137.353
-747425.725 -964658.860 137.358
-747425.177 -964657.570 137.205
-747425.362 -964657.593 137.199
-747425.517 -964658.447 137.189
-747425.902 -964659.133 137.509
-747425.905 -964659.477 137.643
-747426.123 -964659.536 137.646
-747426.211 -964659.641 137.646
-747425.842 -964658.069 137.032
-747426.083 -964658.801 137.330
-747426.021 -964659.033 137.491
-747426.068 -964659.403 137.523
-747425.492 -964658.097 137.195
-747425.811 -964658.674 137.513
-747425.678 -964658.747 137.501
-747425.282 -964657.713 137.353
-747425.688 -964659.097 137.654
-747425.385 -964658.201 137.350
-747425.306 -964658.063 137.348
-747425.329 -964658.760 137.348
-747425.416 -964657.293 137.516
-747425.278 -964657.370 137.368
-747425.048 -964658.562 137.202
-747425.818 -964658.322 137.486
-747425.744 -964658.538 137.490
-747425.450 -964658.338 137.355
-747425.234 -964657.932 137.345
-747425.328 -964657.507 137.363
-747424.668 -964657.897 137.050
-747424.742 -964658.014 137.052
-747425.438 -964657.989 137.192
-747424.970 -964658.436 137.052
-747425.694 -964659.105 137.487
-747425.328 -964658.773 137.192
-747425.456 -964658.691 137.213
-747425.537 -964658.123 137.183
-747425.133 -964658.707 137.038
-747425.177 -964657.570 137.205
-747425.333 -964657.860 137.212
-747425.894 -964659.153 137.511
-747425.924 -964659.500 137.643
-747425.833 -964658.115 137.056
-747425.367 -964657.512 137.173
-747425.596 -964658.264 137.040
-747425.507 -964658.468 137.182
-747426.129 -964659.544 137.646
-747425.588 -964657.913 137.074
-747425.790 -964658.357 137.196
-747425.466 -964657.481 137.476
-747425.407 -964657.338 137.462
-747426.038 -964658.789 137.599
-747425.958 -964658.997 137.612
-747425.196 -964657.632 137.326
-747425.129 -964657.842 137.328
-747425.387 -964658.942 137.474
-747425.369 -964658.598 137.322
-747425.230 -964658.332 137.296
-747425.154 -964658.192 137.322
-747425.013 -964658.273 137.302
-747425.783 -964658.377 137.464
-747425.536 -964657.626 137.471
-747425.591 -964658.667 137.464
-747425.075 -964658.054 137.319
-747425.315 -964658.465 137.288
-747424.942 -964658.127 137.308
-747425.607 -964659.025 137.607
-747425.001 -964657.924 137.297
-747425.129 -964657.496 137.302
-747425.068 -964657.713 137.304
-747425.421 -964658.388 137.144
-747425.798 -964659.081 137.456
-747425.968 -964659.347 137.598
-747425.851 -964659.434 137.615
-747426.036 -964659.469 137.620
-747425.068 -964657.726 137.148
-747425.081 -964658.061 137.152
-747425.392 -964658.963 137.308
-747425.269 -964657.428 137.166
-747425.495 -964658.171 137.141
-747425.025 -964658.606 136.981
-747425.322 -964657.550 137.170
-747425.764 -964658.379 137.328
-747425.675 -964658.480 137.285
-747425.765 -964659.302 137.613
-747425.681 -964657.936 136.969
-747425.559 -964657.989 137.141
-747425.711 -964658.270 137.168
-747425.884 -964658.187 136.988
-747425.853 -964658.522 137.449
-747425.965 -964659.004 137.454
-747425.418 -964657.380 137.473
-747425.483 -964657.517 137.477
-747425.977 -964659.033 137.623
-747425.620 -964659.052 137.628
-747425.080 -964657.742 137.306
-747425.247 -964658.368 137.297
-747425.171 -964658.229 137.313
-747425.027 -964657.953 137.306
-747425.147 -964657.532 137.303
-747425.272 -964658.718 137.291
-747425.555 -964657.661 137.482
-747425.789 -964658.410 137.486
-747425.610 -964658.702 137.475
-747425.094 -964658.089 137.330
-747425.668 -964658.486 137.453
-747425.147 -964657.878 137.329
-747425.326 -964658.493 137.289
-747424.954 -964658.169 137.319
-747425.698 -964657.937 137.489
-747424.659 -964657.969 137.017
-747425.067 -964657.740 137.149
-747424.972 -964658.523 137.009
-747425.459 -964658.432 137.154
-747425.398 -964658.650 137.146
-747425.092 -964658.089 137.153
-747425.604 -964659.065 137.453
-747425.829 -964659.119 137.446
-747425.855 -964659.468 137.617
-747425.419 -964658.991 137.327
-747425.269 -964657.428 137.166
-747425.675 -964658.480 137.285
-747425.565 -964658.560 137.301
-747425.889 -964659.248 137.627
-747425.772 -964659.308 137.623
-747425.681 -964657.936 136.969
-747425.884 -964658.187 136.988
-747425.568 -964658.352 137.128
-747425.598 -964658.724 137.281
-747426.030 -964658.845 137.328
-747425.949 -964659.030 137.458
-747426.189 -964659.441 137.594
-747425.711 -964658.270 137.168
-747426.295 -964659.583 137.585
-747425.586 -964657.776 137.477
-747425.455 -964657.502 137.459
-747425.915 -964659.021 137.618
-747425.159 -964657.650 137.321
-747425.328 -964658.274 137.332
-747425.098 -964657.867 137.323
-747425.489 -964658.894 137.481
-747425.039 -964658.071 137.324
-747424.983 -964658.285 137.296
-747425.795 -964658.188 137.488
-747425.729 -964658.051 137.475
-747425.760 -964658.396 137.458
-747425.519 -964657.640 137.454
-747425.657 -964657.921 137.472
-747425.227 -964657.439 137.328
-747425.579 -964659.037 137.611
-747425.554 -964658.685 137.459
-747425.338 -964658.624 137.317
-747424.905 -964658.146 137.303
-747425.117 -964658.210 137.317
-747424.653 -964657.961 137.017
-747425.317 -964657.925 137.169
-747425.413 -964658.394 137.146
-747425.293 -964658.828 137.160
-747425.495 -964658.888 137.303
-747425.647 -964659.170 137.487
-747425.784 -964659.093 137.468
-747425.874 -964659.247 137.619
-747425.938 -964659.372 137.602
-747426.021 -964659.481 137.622
-747425.196 -964657.784 137.160
-747425.028 -964658.092 137.140
-747425.625 -964658.843 137.307
-747425.721 -964658.032 137.277
-747425.756 -964658.386 137.320
-747425.553 -964657.981 137.141
-747425.585 -964658.121 137.168
-747425.705 -964658.262 137.168
-747425.867 -964658.011 137.173
-747425.941 -964659.036 137.459
-747425.591 -964657.810 137.489
-747425.467 -964657.531 137.460
-747425.402 -964657.394 137.456
-747425.682 -964657.951 137.471
-747425.728 -964659.000 137.614
-747425.591 -964659.065 137.622
-747425.573 -964658.721 137.470
-747425.345 -964658.311 137.323
-747425.117 -964657.890 137.323
-747425.134 -964658.247 137.308
-747424.989 -964657.972 137.292
-747425.110 -964657.550 137.298
-747425.755 -964658.081 137.484
-747425.538 -964657.675 137.464
-747425.057 -964657.762 137.299
-747425.337 -964658.651 137.329
-747424.923 -964658.195 137.314
-747425.766 -964658.430 137.479
-747425.244 -964657.475 137.329
-747425.063 -964658.115 137.325
-747425.404 -964658.094 137.144
-747424.653 -964657.961 137.017
-747425.058 -964657.760 137.151
-747425.383 -964658.662 137.149
-747425.062 -964658.115 137.148
-747425.516 -964658.922 137.333
-747425.604 -964659.065 137.453
-747425.873 -964659.261 137.620
-747425.945 -964659.393 137.613
-747425.096 -964657.574 137.164
-747425.245 -964657.858 137.161
-747425.194 -964658.029 137.139
-747425.619 -964658.515 137.313
-747425.591 -964658.731 137.282
-747425.631 -964658.850 137.307
-747425.681 -964657.936 136.969
-747425.553 -964657.981 137.141
-747425.867 -964658.011 137.173
-747425.568 -964658.352 137.128
-747426.030 -964658.845 137.328
-747425.934 -964659.043 137.460
-747425.711 -964658.270 137.168
-747425.612 -964657.754 137.513
-747425.482 -964657.480 137.504
-747425.800 -964658.721 137.518
-747425.667 -964658.795 137.506
-747425.270 -964657.774 137.359
-747425.365 -964658.256 137.337
-747425.287 -964658.117 137.344
-747425.382 -964658.613 137.332
-747425.312 -964658.813 137.363
-747425.761 -964658.037 137.510
-747425.527 -964658.875 137.495
-747425.684 -964659.152 137.659
-747425.257 -964657.426 137.344
-747425.726 -964658.592 137.495
-747425.547 -964657.617 137.508
-747425.805 -964658.384 137.482
-747425.696 -964657.900 137.506
-747425.209 -964657.979 137.341
-747425.330 -964657.556 137.357
-747425.445 -964658.394 137.349
-747424.655 -964657.947 137.026
-747424.730 -964658.062 137.047
-747425.349 -964657.898 137.194
-747425.419 -964658.044 137.178
-747424.951 -964658.477 137.037
-747425.146 -964658.555 137.035
-747425.090 -964658.411 137.049
-747425.896 -964659.203 137.505
-747425.251 -964657.750 137.202
-747425.540 -964658.876 137.327
-747425.676 -964659.158 137.493
-747425.264 -964657.420 137.176
-747425.399 -964657.741 137.207
-747425.667 -964658.807 137.359
-747425.322 -964657.550 137.170
-747425.816 -964658.041 137.180
-747425.582 -964658.276 137.052
-747425.641 -964658.444 137.177
-747425.711 -964658.270 137.168
-747425.790 -964658.357 137.196
-747425.429 -964657.372 137.501
-747425.631 -964657.789 137.523
-747425.500 -964657.516 137.505
-747425.686 -964658.830 137.517
-747425.289 -964657.809 137.370
-747425.547 -964658.910 137.516
-747425.383 -964658.292 137.338
-747425.234 -964658.009 137.340
-747425.396 -964658.640 137.352
-747425.818 -964658.757 137.519
-747425.565 -964657.653 137.510
-747425.342 -964657.598 137.369
-747425.708 -964657.929 137.507
-747425.744 -964658.627 137.506
-747425.282 -964657.456 137.344
-747425.214 -964657.667 137.337
-747425.305 -964658.153 137.345
-747425.810 -964658.418 137.494
-747425.456 -964658.422 137.350
-747424.666 -964657.976 137.017
-747424.747 -964658.112 137.049
-747425.321 -964658.869 137.199
-747425.365 -964657.949 137.186
-747424.897 -964658.382 137.045
-747425.102 -964658.439 137.050
-747425.551 -964658.918 137.339
-747425.425 -964658.999 137.327
-747425.675 -964659.185 137.505
-747425.362 -964657.593 137.199
-747425.399 -964657.741 137.207
-747425.685 -964658.818 137.329
-747425.139 -964657.526 137.205
-747425.289 -964657.808 137.212
-747425.792 -964658.420 137.368
-747425.445 -964658.060 137.177
-747425.692 -964657.954 137.353
-747425.816 -964658.041 137.180
-747425.711 -964658.270 137.168
-747425.602 -964657.775 137.495
-747425.822 -964658.536 137.512
-747425.769 -964658.747 137.513
-747425.240 -964657.786 137.353
-747425.629 -964658.827 137.502
-747425.384 -964658.061 137.360
-747425.258 -964658.129 137.337
-747425.496 -964658.901 137.490
-747424.614 -964657.956 137.207
-747425.818 -964658.181 137.505
-747425.752 -964658.045 137.492
-747425.654 -964659.178 137.654
-747425.463 -964658.199 137.363
-747425.668 -964657.899 137.498
-747425.695 -964658.618 137.490
-747425.313 -964657.930 137.367
-747425.281 -964658.840 137.349
-747425.407 -964658.413 137.335
-747425.178 -964658.005 137.336
-747425.132 -964658.567 137.214
-747425.307 -964657.576 137.351
-747424.653 -964657.961 137.017
-747424.766 -964658.211 137.045
-747424.691 -964658.096 137.024
-747425.325 -964657.918 137.178
-747425.145 -964658.556 137.025
-747425.061 -964658.422 137.053
-747425.279 -964658.840 137.172
-747425.647 -964659.170 137.487
-747425.792 -964659.099 137.487
-747425.251 -964657.750 137.202
-747425.399 -964657.741 137.207
-747424.842 -964658.378 137.040
-747425.322 -964657.550 137.170
-747425.454 -964658.526 137.191
-747425.592 -964658.127 137.178
-747425.901 -964659.018 137.383
-747425.229 -964657.437 137.190
-747425.641 -964658.444 137.177
-747425.952 -964659.156 137.536
-747425.493 -964658.006 137.198
-747425.613 -964657.804 137.497
-747425.787 -964658.783 137.514
-747425.402 -964658.097 137.361
-747425.258 -964657.822 137.354
-747425.660 -964659.199 137.665
-747425.649 -964658.849 137.512
-747425.184 -964657.693 137.332
-747425.276 -964658.165 137.338
-747424.625 -964657.999 137.210
-747425.822 -964658.216 137.508
-747425.771 -964658.080 137.502
-747425.510 -964658.928 137.511
-747425.320 -964657.604 137.361
-747425.715 -964658.639 137.500
-747425.337 -964657.960 137.357
-747425.373 -964658.659 137.346
-747425.143 -964658.597 137.206
-747425.841 -964658.571 137.522
-747425.196 -964658.041 137.337
-747425.481 -964658.235 137.364
-747425.425 -964658.449 137.336
-747424.653 -964657.961 137.017
-747424.710 -964658.118 137.024
-747425.307 -964658.868 137.201
-747425.344 -964657.941 137.178
-747424.854 -964658.392 137.040
-747425.156 -964658.585 137.026
-747425.065 -964658.458 137.045
-747425.509 -964658.928 137.344
-747425.790 -964659.139 137.500
-747425.667 -964659.191 137.506
-747425.342 -964657.610 137.222
-747425.399 -964657.741 137.207
-747424.791 -964658.254 137.056
-747425.288 -964657.822 137.213
-747425.792 -964658.420 137.368
-747425.692 -964657.954 137.353
-747425.620 -964658.155 137.207
-747425.874 -964659.260 137.629
-747425.493 -964658.006 137.198
-747426.085 -964659.350 137.508
-747425.436 -964657.416 137.474
-747425.776 -964659.011 137.610
-747425.099 -964657.778 137.316
-747425.494 -964658.813 137.455
-747425.344 -964658.542 137.301
-747425.195 -964658.259 137.304
-747425.046 -964657.989 137.317
-747425.165 -964657.567 137.314
-747425.286 -964658.746 137.312
-747425.566 -964657.690 137.483
-747425.501 -964657.553 137.479
-747425.273 -964658.398 137.297
-747424.979 -964658.199 137.319
-747425.687 -964658.522 137.464
-747425.111 -964658.126 137.321
-747425.397 -964658.330 137.142
-747425.366 -964657.986 137.159
-747425.397 -964658.664 137.148
-747425.117 -964658.119 137.153
-747424.990 -964658.546 137.000
-747425.293 -964658.738 137.153
-747425.651 -964659.089 137.460
-747425.996 -964659.425 137.601
-747425.452 -964658.118 137.161
-747425.508 -964658.800 137.285
-747425.473 -964658.446 137.164
-747425.803 -964659.359 137.634
-747425.860 -964659.477 137.607
-747425.677 -964657.825 137.295
-747425.692 -964657.954 137.353
-747425.596 -964658.393 137.168
-747426.136 -964659.371 137.633
-747425.498 -964657.592 136.999
-747425.598 -964658.724 137.281
-747425.424 -964659.013 137.328
-747426.030 -964658.845 137.328
-747426.066 -964659.187 137.439
-747426.128 -964659.377 137.467
-747425.666 -964658.218 137.158
-747425.749 -964658.315 137.167
-747425.850 -964659.152 137.486
-747425.966 -964659.079 137.470
-747426.317 -964659.615 137.634
-747426.058 -964659.220 137.629
-747425.454 -964657.452 137.475
-747425.803 -964659.039 137.630
-747425.177 -964657.596 137.315
-747425.572 -964658.632 137.454
-747425.117 -964657.814 137.317
-747425.356 -964658.570 137.312
-747425.212 -964658.296 137.295
-747425.778 -964658.342 137.452
-747425.507 -964658.840 137.475
-747425.700 -964658.550 137.475
-747425.291 -964658.434 137.298
-747425.057 -964658.017 137.318
-747424.983 -964657.888 137.296
-747425.381 -964658.922 137.463
-747425.285 -964658.772 137.333
-747424.996 -964658.236 137.311
-747424.930 -964658.099 137.297
-747425.519 -964657.589 137.480
-747425.128 -964658.162 137.322
-747425.409 -964658.372 137.154
-747425.384 -964658.022 137.160
-747425.135 -964658.155 137.154
-747425.950 -964659.324 137.607
-747426.036 -964659.469 137.620
-747425.292 -964658.765 137.165
-747425.521 -964658.854 137.327
-747425.793 -964659.060 137.455
-747425.495 -964658.171 137.141
-747425.013 -964658.591 136.981
-747425.322 -964657.550 137.170
-747425.815 -964659.374 137.624
-747425.677 -964657.825 137.295
-747425.666 -964658.218 137.158
-747425.763 -964658.380 137.319
-747425.498 -964657.592 136.999
-747425.837 -964658.510 137.331
-747426.065 -964659.227 137.629
-747425.413 -964657.423 137.457
-747425.773 -964658.117 137.485
-747425.700 -964657.987 137.472
-747425.256 -964657.504 137.330
-747425.754 -964659.029 137.623
-747425.585 -964658.749 137.481
-747425.610 -964659.100 137.632
-747425.061 -964657.797 137.301
-747425.158 -964658.277 137.299
-747424.994 -964658.007 137.304
-747425.128 -964657.587 137.299
-747425.248 -964658.778 137.308
-747426.025 -964658.864 137.606
-747425.551 -964657.703 137.475
-747425.465 -964658.825 137.448
-747425.485 -964657.567 137.461
-747425.357 -964658.340 137.324
-747425.141 -964657.933 137.324
-747424.935 -964658.223 137.315
-747425.664 -964658.541 137.458
-747425.321 -964658.562 137.295
-747425.081 -964658.151 137.326
-747425.358 -964657.993 137.151
-747425.388 -964658.671 137.139
-747425.087 -964658.145 137.148
-747425.246 -964658.778 137.131
-747425.609 -964659.100 137.465
-747425.753 -964659.042 137.457
-747425.902 -964659.326 137.622
-747425.969 -964659.436 137.614
-747425.232 -964658.074 137.139
-747425.096 -964657.574 137.164
-747425.431 -964658.110 137.152
-747425.245 -964657.858 137.161
-747425.619 -964658.515 137.313
-747425.589 -964658.757 137.294
-747425.540 -964658.069 137.159
-747425.432 -964658.493 137.141
-747425.596 -964658.393 137.168
-747426.127 -964659.379 137.615
-747426.179 -964659.514 137.630
-747425.498 -964657.592 136.999
-747425.932 -964658.415 136.971
-747426.030 -964658.845 137.328
-747426.049 -964659.227 137.611
-747426.127 -964659.378 137.457
-747425.666 -964658.218 137.158
-747425.749 -964658.315 137.167
-747425.966 -964659.079 137.470
-747424.644 -964658.046 136.995
-747425.430 -964657.459 137.449
-747425.790 -964658.153 137.476
-747425.902 -964658.993 137.607
-747425.767 -964659.057 137.634
-747425.146 -964657.622 137.310
-747425.080 -964657.832 137.312
-747425.477 -964658.866 137.470
-747425.019 -964658.050 137.314
-747425.711 -964658.015 137.474
-747425.568 -964657.739 137.476
-747425.669 -964658.576 137.470
-747425.333 -964658.590 137.305
-747424.959 -964658.254 137.306
-747425.255 -964658.797 137.328
-747425.502 -964657.604 137.453
-747425.159 -964657.969 137.325
-747425.092 -964658.180 137.327
-747425.369 -964658.021 137.152
-747425.402 -964658.365 137.145
-747424.657 -964658.060 137.004
-747425.098 -964658.174 137.149
-747425.259 -964658.806 137.141
-747425.475 -964658.880 137.304
-747425.759 -964659.050 137.457
-747425.621 -964659.141 137.477
-747425.902 -964659.327 137.612
-747426.015 -964659.474 137.622
-747425.223 -964658.094 137.141
-747425.595 -964658.791 137.316
-747425.322 -964657.550 137.170
-747425.721 -964658.032 137.277
-747425.446 -964658.519 137.172
-747425.666 -964658.218 137.158
-747425.282 -964657.903 137.151
-747425.628 -964658.430 137.168
-747425.756 -964658.386 137.320
-747426.127 -964659.379 137.615
-747425.498 -964657.592 136.999
-747425.932 -964658.415 136.971
-747425.837 -964658.510 137.331
-747426.050 -964659.227 137.620
-747426.127 -964659.378 137.457
-747425.446 -964657.408 137.502
-747425.518 -964657.552 137.506
-747425.824 -964658.445 137.515
-747425.762 -964658.663 137.507
-747425.300 -964657.492 137.345
-747425.233 -964657.702 137.347
-747425.639 -964659.088 137.639
-747425.629 -964658.737 137.495
-747425.474 -964658.458 137.351
-747425.252 -964658.045 137.341
-747425.408 -964658.668 137.363
-747425.726 -964657.965 137.508
-747425.583 -964657.689 137.511
-747425.323 -964658.189 137.346
-747425.408 -964658.322 137.338
-747425.179 -964657.914 137.339
-747424.765 -964658.135 137.039
-747425.393 -964657.950 137.193
-747424.915 -964658.418 137.046
-747425.047 -964658.345 137.048
-747425.119 -964658.475 137.051
-747425.563 -964658.946 137.340
-747425.447 -964658.698 137.204
-747425.718 -964658.867 137.359
-747425.707 -964658.518 137.364
-747425.177 -964657.570 137.205
-747425.314 -964657.838 137.212
-747425.499 -964658.475 137.173
-747425.857 -964659.159 137.496
-747425.692 -964657.954 137.353
-747425.596 -964658.393 137.168
-747425.498 -964657.592 136.999
-747425.623 -964658.755 137.359
-747425.424 -964659.013 137.328
-747426.030 -964658.845 137.328
-747425.877 -964658.270 137.073
-747425.966 -964659.079 137.470
-747424.685 -964657.998 137.027
-747425.464 -964657.444 137.503
-747425.601 -964657.725 137.512
-747425.536 -964657.588 137.507
-747425.835 -964658.487 137.526
-747425.787 -964658.693 137.507
-747425.312 -964657.520 137.356
-747425.251 -964657.738 137.348
-747425.672 -964659.124 137.648
-747425.648 -964658.773 137.506
-747425.341 -964658.226 137.347
-747425.269 -964658.081 137.343
-747425.743 -964658.001 137.509
-747425.426 -964658.358 137.339
-747425.299 -964658.786 137.343
-747425.197 -964657.950 137.340
-747424.668 -964657.897 137.050
-747424.769 -964658.183 137.052
-747424.722 -964658.069 137.038
-747425.401 -964658.021 137.188
-747425.136 -964658.512 137.042
-747425.446 -964658.711 137.205
-747425.066 -964658.367 137.048
-747425.872 -964659.172 137.515
-747425.251 -964657.750 137.202
-747425.314 -964658.772 137.183
-747425.529 -964658.847 137.336
-747425.577 -964658.973 137.370
-747424.927 -964658.446 137.047
-747425.177 -964657.570 137.205
-747425.322 -964657.550 137.170
-747425.331 -964657.875 137.203
-747425.687 -964659.111 137.488
-747425.833 -964658.115 137.056
-747425.635 -964658.437 137.177
-747425.499 -964658.475 137.173
-747425.795 -964658.366 137.344
-747425.905 -964659.477 137.643
-747425.837 -964658.510 137.331
-747425.636 -964658.770 137.359
-747425.946 -964658.943 137.501
-747425.877 -964658.270 137.073
-747425.782 -964658.350 137.187
-747425.789 -964658.116 137.503
-747425.858 -964658.608 137.514
-747425.338 -964657.639 137.372
-747425.427 -964658.127 137.361
-747425.196 -964657.721 137.342
-747425.451 -964658.478 137.345
-747425.302 -964658.195 137.348
-747425.378 -964658.693 137.358
-747425.161 -964658.633 137.207
-747425.840 -964658.252 137.509
-747425.723 -964657.980 137.490
-747425.625 -964657.846 137.508
-747425.355 -964657.996 137.358
-747425.276 -964657.858 137.355
-747425.221 -964658.071 137.336
-747425.793 -964658.458 137.499
-747425.733 -964658.675 137.501
-747425.313 -964658.888 137.211
-747424.742 -964658.155 137.033
-747424.799 -964658.311 137.049
-747424.885 -964658.431 137.030
-747425.161 -964658.632 137.049
-747425.020 -964658.342 137.051
-747425.102 -964658.503 137.035
-747425.679 -964658.899 137.345
-747425.096 -964657.574 137.164
-747425.654 -964658.575 137.373
-747425.262 -964657.844 137.178
-747425.623 -964658.755 137.359
-747425.823 -964659.162 137.509
-747425.692 -964657.954 137.353
-747425.758 -964658.116 137.388
-747425.596 -964658.393 137.168
-747425.375 -964658.734 137.204
-747426.180 -964659.513 137.639
-747425.498 -964657.592 136.999
-747426.030 -964658.845 137.328
-747425.966 -964659.079 137.470
-747425.800 -964658.145 137.504
-747425.805 -964658.500 137.511
-747425.884 -964658.637 137.523
-747425.288 -964657.540 137.340
-747425.222 -964657.750 137.342
-747425.611 -964658.791 137.501
-747425.445 -964658.163 137.362
-747425.456 -964658.512 137.357
-747425.311 -964658.238 137.340
-747425.233 -964658.099 137.337
-747425.734 -964658.009 137.491
-747425.628 -964659.135 137.643
-747425.366 -964658.025 137.359
-747425.584 -964657.739 137.494
-747425.751 -964658.711 137.512
-747425.295 -964657.893 137.366
-747425.650 -964657.875 137.508
-747425.389 -964658.377 137.334
-747425.268 -964658.812 137.338
-747424.752 -964658.197 137.035
-747424.721 -964657.852 137.052
-747425.108 -964658.511 137.035
-747425.375 -964658.734 137.204
-747425.043 -964658.400 137.053
-747425.842 -964659.197 137.519
-747425.251 -964657.750 137.202
-747424.904 -964658.453 137.030
-747425.686 -964658.906 137.355
-747425.654 -964658.575 137.373
-747425.322 -964657.550 137.170
-747425.447 -964658.519 137.181
-747425.579 -964658.113 137.168
-747425.498 -964657.592 136.999
-747425.837 -964658.510 137.331
-747426.013 -964658.924 137.375
-747425.952 -964659.156 137.536
-747425.327 -964657.904 137.186
-747425.877 -964658.270 137.073
-747425.561 -964658.142 137.398
-747425.344 -964657.736 137.379
-747425.507 -964658.354 137.380
-747425.380 -964658.781 137.394
-747425.328 -964657.379 137.393
-747424.714 -964657.898 137.253
-747425.419 -964657.866 137.401
-747425.863 -964658.335 137.542
-747425.941 -964658.819 137.561
-747425.230 -964658.511 137.240
-747425.020 -964658.445 137.235
-747425.170 -964658.715 137.232
-747425.400 -964657.523 137.407
-747425.459 -964658.574 137.371
-747424.870 -964658.175 137.082
-747424.793 -964658.009 137.077
-747425.241 -964658.475 137.089
-747424.940 -964658.307 137.065
-747425.710 -964658.758 137.401
-747425.244 -964657.603 137.211
-747424.854 -964657.792 137.074
-747425.316 -964657.747 137.225
-747425.821 -964658.907 137.392
-747425.677 -964658.081 137.226
-747425.476 -964658.559 137.231
-747425.402 -964658.775 137.234
-747426.010 -964659.299 137.551
-747426.096 -964659.430 137.552
-747425.442 -964657.512 137.077
-747425.865 -964658.344 137.090
-747426.013 -964658.924 137.375
-747425.952 -964659.156 137.536
-747425.407 -964657.901 137.218
-747425.602 -964657.926 137.093
-747425.745 -964658.203 137.248
-747425.891 -964658.721 137.529
-747425.436 -964657.902 137.402
-747425.357 -964657.764 137.390
-747425.524 -964658.390 137.381
-747425.471 -964658.602 137.382
-747425.487 -964658.960 137.525
-747425.346 -964657.415 137.394
-747424.683 -964658.141 137.225
-747425.619 -964658.887 137.527
-747425.393 -964658.809 137.405
-747425.255 -964658.540 137.240
-747425.190 -964658.750 137.252
-747424.732 -964657.934 137.254
-747425.412 -964657.552 137.408
-747425.868 -964658.369 137.554
-747425.044 -964658.476 137.226
-747425.587 -964658.171 137.398
-747425.411 -964658.831 137.237
-747424.825 -964658.059 137.087
-747424.880 -964658.204 137.073
-747425.189 -964658.404 137.059
-747425.448 -964658.608 137.198
-747424.965 -964658.338 137.055
-747425.210 -964658.744 137.082
-747425.633 -964659.221 137.541
-747425.299 -964657.633 137.238
-747425.341 -964657.777 137.225
-747425.242 -964658.551 137.095
-747425.388 -964657.429 137.096
-747425.733 -964658.457 137.199
-747425.636 -964657.975 137.212
-747425.666 -964658.321 137.097
-747425.820 -964658.921 137.393
-747425.418 -964657.558 137.083
-747425.865 -964658.344 137.090
-747425.556 -964658.772 137.249
-747425.467 -964658.964 137.370
-747425.407 -964657.901 137.218
-747426.085 -964659.350 137.508
-747425.501 -964657.464 137.551
-747425.436 -964657.327 137.546
-747425.964 -964658.634 137.555
-747425.899 -964658.497 137.551
-747425.460 -964658.023 137.389
-747425.537 -964658.162 137.383
-747425.357 -964658.801 137.388
-747425.303 -964657.400 137.368
-747424.683 -964657.911 137.237
-747425.612 -964658.291 137.405
-747425.846 -964658.363 137.526
-747425.370 -964657.536 137.391
-747425.387 -964657.892 137.386
-747425.918 -964658.839 137.555
-747425.200 -964658.523 137.224
-747424.990 -964658.457 137.229
-747424.833 -964658.193 137.077
-747424.809 -964657.842 137.092
-747424.887 -964657.981 137.085
-747425.492 -964659.083 137.386
-747425.195 -964658.514 137.077
-747424.912 -964658.318 137.069
-747425.333 -964658.462 137.089
-747425.702 -964658.765 137.392
-747425.758 -964658.909 137.388
-747425.244 -964657.603 137.211
-747425.304 -964657.731 137.235
-747425.677 -964658.081 137.226
-747425.407 -964657.901 137.218
-747425.595 -964657.920 137.084
-747425.745 -964658.203 137.248
-747426.088 -964659.437 137.544
-747425.513 -964657.492 137.552
-747425.454 -964657.363 137.548
-747425.917 -964658.533 137.552
-747425.854 -964658.739 137.524
-747425.477 -964658.059 137.390
-747425.333 -964657.785 137.374
-747425.590 -964658.899 137.521
-747425.441 -964658.627 137.377
-747425.369 -964658.829 137.398
-747425.315 -964657.428 137.378
-747425.218 -964658.559 137.225
-747424.708 -964657.954 137.238
-747425.399 -964657.921 137.387
-747425.147 -964658.427 137.242
-747425.850 -964658.397 137.528
-747425.388 -964657.572 137.392
-747425.550 -964658.190 137.393
-747424.777 -964658.099 137.065
-747424.821 -964657.871 137.093
-747424.905 -964658.017 137.086
-747425.370 -964658.828 137.241
-747425.499 -964659.090 137.386
-747424.859 -964658.209 137.075
-747425.413 -964657.908 137.218
-747425.551 -964658.187 137.088
-747425.486 -964658.781 137.246
-747425.732 -964658.829 137.404
-747425.763 -964658.956 137.411
-747426.024 -964659.389 137.566
-747425.283 -964657.660 137.231
-747425.341 -964657.777 137.225
-747425.331 -964658.476 137.081
-747425.703 -964658.137 137.257
-747425.733 -964658.457 137.199
-747425.424 -964657.565 137.083
-747425.234 -964658.557 137.096
-747425.727 -964659.167 137.528
-747425.467 -964658.964 137.370
-747426.022 -964658.969 137.594
-747425.498 -964658.003 137.414
-747425.809 -964658.905 137.570
-747425.516 -964658.704 137.444
-747425.526 -964659.055 137.588
-747425.162 -964658.364 137.265
-747425.299 -964658.645 137.283
-747424.938 -964658.310 137.282
-747425.655 -964658.280 137.410
-747425.931 -964658.483 137.586
-747425.481 -964657.660 137.429
-747425.409 -964657.516 137.416
-747425.581 -964658.496 137.423
-747424.993 -964657.752 137.275
-747424.861 -964657.825 137.273
-747424.793 -964658.035 137.265
-747424.927 -964657.961 137.287
-747424.868 -964658.165 137.288
-747425.363 -964658.065 137.126
-747424.984 -964657.758 137.099
-747425.059 -964657.874 137.120
-747425.439 -964658.218 137.110
-747425.043 -964657.581 137.120
-747425.286 -964658.296 137.111
-747425.489 -964658.368 137.107
-747425.379 -964658.435 137.113
-747425.713 -964658.743 137.419
-747425.539 -964659.056 137.419
-747425.670 -964658.997 137.422
-747425.823 -964659.239 137.583
-747426.118 -964659.451 137.581
-747424.935 -964657.941 137.117
-747425.077 -964658.230 137.116
-747425.305 -964658.652 137.116
-747425.219 -964658.136 137.135
-747425.983 -964659.181 137.604
-747425.721 -964658.032 137.277
-747425.701 -964658.419 137.121
-747426.019 -964659.291 137.569
-747425.623 -964658.268 137.107
-747425.295 -964657.956 137.114
-747425.865 -964658.344 137.090
-747425.801 -964658.566 137.457
-747426.072 -964659.105 137.432
-747425.623 -964657.947 137.113
-747425.885 -964658.368 137.582
-747425.516 -964658.039 137.415
-747424.946 -964657.983 137.287
-747425.361 -964657.415 137.412
-747425.072 -964657.569 137.284
-747424.969 -964658.348 137.272
-747425.967 -964658.861 137.581
-747425.822 -964658.933 137.581
-747425.667 -964658.308 137.421
-747425.493 -964657.688 137.440
-747425.942 -964658.511 137.587
-747425.408 -964658.809 137.423
-747425.179 -964658.400 137.266
-747424.874 -964657.853 137.284
-747425.196 -964658.757 137.252
-747425.426 -964657.552 137.417
-747425.005 -964657.780 137.286
-747424.819 -964658.065 137.265
-747425.594 -964658.524 137.434
-747424.597 -964658.009 136.977
-747425.017 -964657.794 137.118
-747425.464 -964658.249 137.101
-747425.043 -964657.581 137.120
-747425.306 -964658.318 137.120
-747425.735 -964658.814 137.422
-747425.558 -964659.091 137.430
-747425.690 -964659.005 137.421
-747425.090 -964657.912 137.111
-747425.324 -964658.673 137.125
-747424.888 -964657.840 137.114
-747424.962 -964658.020 137.111
-747425.079 -964658.267 137.099
-747425.267 -964658.197 137.115
-747425.391 -964658.450 137.113
-747425.302 -964657.963 137.114
-747425.718 -964658.123 137.264
-747425.566 -964658.187 137.096
-747425.666 -964658.321 137.097
-747425.424 -964657.565 137.083
-747426.132 -964659.464 137.601
-747425.865 -964658.344 137.090
-747425.887 -964659.082 137.438
-747425.623 -964657.947 137.113
-747426.039 -964658.775 137.598
-747425.667 -964658.091 137.444
-747425.596 -964657.946 137.440
-747425.517 -964657.808 137.437
-747425.451 -964657.672 137.423
-747425.774 -964658.922 137.584
-747425.558 -964658.515 137.417
-747425.485 -964658.731 137.430
-747425.511 -964659.068 137.580
-747424.964 -964657.763 137.278
-747425.275 -964658.665 137.267
-747424.836 -964658.191 137.273
-747425.980 -964658.633 137.583
-747425.638 -964658.986 137.602
-747424.898 -964657.973 137.281
-747424.764 -964658.048 137.259
-747425.907 -964658.490 137.559
-747424.915 -964658.329 137.276
-747424.824 -964657.843 137.268
-747425.125 -964658.382 137.260
-747424.956 -964657.769 137.112
-747425.030 -964657.899 137.125
-747425.396 -964658.242 137.116
-747425.259 -964658.294 137.113
-747425.190 -964658.518 137.107
-747425.489 -964658.368 137.107
-747424.967 -964658.118 137.108
-747425.179 -964658.182 137.122
-747425.283 -964658.657 137.118
-747425.644 -964658.994 137.434
-747425.080 -964658.266 137.108
-747426.072 -964659.105 137.432
-747425.159 -964657.853 137.129
-747425.245 -964657.960 137.100
-747425.328 -964658.056 137.109
-747425.701 -964658.419 137.121
-747425.534 -964658.510 137.291
-747425.675 -964658.480 137.285
-747425.814 -964659.272 137.597
-747425.607 -964658.294 137.110
-747425.884 -964658.187 136.988
-747425.623 -964657.947 137.113
-747425.745 -964658.203 137.248
-747425.614 -964657.982 137.441
-747425.535 -964657.844 137.438
-747425.470 -964657.707 137.434
-747425.571 -964658.543 137.427
-747425.072 -964658.299 137.289
-747424.855 -964658.227 137.284
-747424.782 -964658.084 137.260
-747425.984 -964658.668 137.585
-747425.800 -964658.951 137.594
-747425.684 -964658.128 137.435
-747425.637 -964658.334 137.416
-747425.940 -964658.526 137.569
-747425.377 -964658.835 137.408
-747424.982 -964657.799 137.279
-747424.926 -964658.359 137.267
-747425.043 -964657.582 137.277
-747424.916 -964658.008 137.291
-747424.837 -964657.871 137.279
-747425.282 -964658.685 137.288
-747425.929 -964658.881 137.567
-747424.975 -964657.804 137.123
-747425.408 -964658.257 137.107
-747425.037 -964657.573 137.120
-747425.545 -964658.193 137.099
-747425.500 -964658.794 137.266
-747425.282 -964658.351 137.115
-747425.735 -964658.814 137.422
-747425.521 -964659.110 137.425
-747425.785 -964658.964 137.429
-747425.955 -964659.243 137.581
-747426.017 -964659.395 137.567
-747425.060 -964657.937 137.115
-747425.172 -964657.868 137.129
-747424.986 -964658.153 137.118
-747425.203 -964658.213 137.112
-747425.289 -964658.678 137.119
-747425.675 -964659.031 137.434
-747425.080 -964658.266 137.108
-747425.675 -964658.480 137.285
-747425.884 -964658.187 136.988
-747425.638 -964658.331 137.110
-747425.424 -964657.565 137.083
-747425.250 -964657.994 137.112
-747425.887 -964659.082 137.438
-747425.623 -964657.947 137.113
-747426.253 -964659.439 137.607
-747425.454 -964657.938 137.403
-747425.533 -964658.076 137.406
-747425.543 -964658.426 137.392
-747425.477 -964658.635 137.404
-747425.501 -964658.987 137.546
-747425.061 -964658.513 137.217
-747424.701 -964658.177 137.226
-747425.770 -964658.836 137.529
-747425.383 -964657.793 137.399
-747425.364 -964657.452 137.395
-747424.757 -964657.964 137.254
-747425.632 -964658.914 137.548
-747425.266 -964658.583 137.242
-747425.916 -964658.763 137.539
-747425.597 -964658.214 137.401
-747424.814 -964657.761 137.066
-747424.827 -964658.109 137.081
-747425.417 -964658.839 137.237
-747425.208 -964658.426 137.059
-747425.480 -964658.657 137.218
-747424.912 -964658.241 137.073
-747425.716 -964658.727 137.359
-747425.610 -964658.919 137.373
-747425.298 -964657.647 137.239
-747425.341 -964657.777 137.225
-747425.259 -964658.588 137.086
-747425.492 -964659.006 137.390
-747425.349 -964657.462 137.082
-747425.733 -964658.457 137.199
-747425.817 -964659.180 137.530
-747425.452 -964657.952 137.227
-747425.651 -964658.001 137.252
-747425.424 -964657.565 137.083
-747424.976 -964658.366 137.056
-747426.069 -964659.389 137.522
-747425.556 -964658.772 137.249
-747426.109 -964658.830 137.418
-747425.919 -964659.106 137.515
-747426.394 -964659.601 137.547
-747425.103 -964658.297 137.089
-747425.550 -964658.113 137.397
-747425.472 -964657.974 137.404
-747425.790 -964658.871 137.549
-747425.556 -964658.454 137.403
-747425.507 -964659.008 137.556
-747425.374 -964658.748 137.372
-747425.310 -964657.343 137.392
-747425.272 -964658.603 137.253
-747424.995 -964658.415 137.245
-747425.171 -964658.688 137.220
-747424.694 -964657.863 137.232
-747425.401 -964657.830 137.400
-747425.382 -964657.487 137.406
-747425.212 -964658.474 137.239
-747425.928 -964658.792 137.540
-747425.488 -964658.319 137.369
-747424.846 -964657.785 137.065
-747424.779 -964658.008 137.078
-747424.838 -964658.137 137.082
-747425.235 -964658.468 137.089
-747424.925 -964658.256 137.083
-747425.710 -964658.732 137.379
-747425.644 -964658.942 137.391
-747425.304 -964657.731 137.235
-747425.278 -964658.610 137.086
-747425.513 -964659.015 137.389
-747425.789 -964658.870 137.382
-747425.480 -964658.657 137.218
-747425.795 -964659.225 137.565
-747426.011 -964659.298 137.560
-747425.452 -964657.952 137.227
-747425.375 -964658.734 137.204
-747426.089 -964659.424 137.543
-747426.013 -964658.924 137.375
-747425.952 -964659.156 137.536
-747425.588 -964657.913 137.074
-747425.718 -964658.379 137.116
-747426.394 -964659.601 137.547
-747425.466 -964657.392 137.549
-747425.530 -964657.542 137.554
-747425.856 -964658.431 137.550
-747425.489 -964658.088 137.391
-747425.417 -964657.957 137.388
-747425.604 -964658.925 137.551
-747425.513 -964658.439 137.376
-747425.447 -964658.648 137.388
-747425.477 -964659.007 137.530
-747425.236 -964658.596 137.226
-747425.345 -964657.813 137.384
-747425.934 -964658.569 137.553
-747425.873 -964658.774 137.534
-747425.574 -964658.233 137.394
-747425.734 -964658.854 137.534
-747425.158 -964658.457 137.233
-747424.720 -964657.982 137.249
-747424.942 -964658.396 137.249
-747425.406 -964657.608 137.393
-747425.340 -964657.472 137.379
-747425.380 -964658.870 137.243
-747424.875 -964658.260 137.068
-747426.050 -964659.393 137.544
-747425.610 -964658.919 137.373
-747425.086 -964658.325 137.073
-747425.267 -964657.673 137.224
-747425.339 -964657.791 137.216
-747425.259 -964658.588 137.086
-747425.341 -964657.469 137.074
-747425.391 -964657.633 137.249
-747425.701 -964658.151 137.248
-747425.781 -964659.223 137.566
-747425.666 -964658.321 137.097
-747425.424 -964657.565 137.083
-747425.492 -964659.006 137.390
-747426.109 -964658.830 137.418
-747425.484 -964657.428 137.550
-747425.953 -964658.591 137.553
-747425.874 -964658.467 137.551
-747425.761 -964658.882 137.553
-747425.520 -964658.126 137.382
-747425.434 -964657.993 137.389
-747425.524 -964658.480 137.388
-747425.459 -964658.689 137.409
-747425.426 -964657.284 137.544
-747425.286 -964657.363 137.376
-747425.255 -964658.630 137.247
-747424.671 -964657.883 137.226
-747425.490 -964659.034 137.550
-747425.362 -964657.862 137.387
-747425.418 -964657.636 137.404
-747425.351 -964657.500 137.380
-747425.593 -964658.256 137.394
-747424.966 -964658.427 137.239
-747425.906 -964658.811 137.544
-747425.183 -964658.486 137.233
-747424.738 -964658.018 137.250
-747424.822 -964658.151 137.065
-747424.796 -964657.815 137.072
-747425.188 -964658.507 137.077
-747424.887 -964658.288 137.079
-747425.622 -964658.960 137.395
-747425.096 -964658.354 137.064
-747425.457 -964658.677 137.212
-747425.304 -964657.731 137.235
-747425.278 -964658.610 137.086
-747425.767 -964658.889 137.386
-747425.341 -964657.469 137.074
-747425.391 -964657.633 137.249
-747425.781 -964659.223 137.566
-747425.833 -964658.115 137.056
-747425.489 -964659.034 137.383
-747425.588 -964657.913 137.074
-747425.745 -964658.203 137.248
-747425.960 -964658.547 137.588
-747425.492 -964658.636 137.412
-747425.127 -964658.304 137.284
-747425.084 -964657.598 137.285
-747424.956 -964657.680 137.263
-747424.987 -964658.371 137.262
-747425.980 -964658.889 137.592
-747425.840 -964658.969 137.591
-747425.686 -964658.344 137.431
-747425.445 -964657.588 137.427
-747425.373 -964657.444 137.413
-747425.427 -964658.844 137.434
-747425.204 -964658.431 137.256
-747424.891 -964657.889 137.285
-747425.895 -964658.410 137.584
-747425.640 -964658.921 137.557
-747425.281 -964658.583 137.261
-747424.830 -964658.107 137.277
-747425.326 -964658.020 137.126
-747424.943 -964657.704 137.129
-747425.024 -964657.802 137.118
-747425.469 -964658.270 137.102
-747425.432 -964658.839 137.246
-747425.329 -964658.375 137.123
-747425.210 -964658.770 137.104
-747425.735 -964658.814 137.422
-747425.563 -964659.113 137.431
-747425.708 -964659.042 137.422
-747425.087 -964657.966 137.125
-747424.969 -964658.027 137.111
-747425.035 -964658.163 137.134
-747425.267 -964658.197 137.115
-747424.891 -964657.888 137.118
-747425.667 -964658.001 137.270
-747425.551 -964658.764 137.259
-747426.011 -964659.247 137.586
-747425.579 -964658.215 137.117
-747425.870 -964658.071 137.118
-747425.666 -964658.334 137.108
-747425.856 -964658.954 137.441
-747425.411 -964658.472 137.122
-747426.109 -964658.830 137.418
-747425.887 -964659.082 137.438
-747426.253 -964659.439 137.607
-747426.394 -964659.601 137.547
-747425.997 -964658.925 137.593
-747425.521 -964659.021 137.576
-747425.498 -964658.669 137.434
-747425.137 -964658.333 137.275
-747425.294 -964658.610 137.271
-747425.691 -964658.378 137.443
-747425.913 -964658.447 137.585
-747425.463 -964657.624 137.428
-747425.391 -964657.480 137.415
-747425.637 -964658.244 137.409
-747425.660 -964658.942 137.577
-747424.975 -964657.715 137.274
-747424.850 -964657.796 137.272
-747424.776 -964657.999 137.264
-747424.909 -964657.925 137.286
-747424.855 -964658.137 137.277
-747425.329 -964658.055 137.119
-747424.950 -964657.698 137.127
-747425.054 -964657.853 137.119
-747425.243 -964658.819 137.134
-747425.438 -964658.885 137.288
-747425.341 -964658.391 137.113
-747425.810 -964659.225 137.574
-747426.097 -964659.430 137.562
-747425.081 -964657.638 137.130
-747424.915 -964657.932 137.119
-747424.996 -964658.056 137.130
-747425.072 -964658.208 137.124
-747425.421 -964658.182 137.109
-747425.098 -964657.995 137.126
-747425.376 -964657.516 137.123
-747425.686 -964658.023 137.270
-747425.718 -964658.379 137.116
-747426.021 -964659.276 137.578
-747425.870 -964658.071 137.118
-747425.282 -964657.903 137.151
-747425.880 -964658.999 137.432
-747426.072 -964659.105 137.432
-747426.394 -964659.601 137.547
-747425.951 -964658.555 137.570
-747425.632 -964658.018 137.442
-747425.553 -964657.880 137.439
-747425.812 -964658.980 137.595
-747425.611 -964658.945 137.572
-747425.590 -964658.579 137.438
-747424.920 -964657.698 137.268
-747425.089 -964658.323 137.269
-747424.800 -964658.120 137.261
-747426.002 -964658.704 137.586
-747425.709 -964658.157 137.435
-747425.480 -964657.750 137.436
-747425.061 -964657.617 137.288
-747424.861 -964657.915 137.280
-747424.873 -964658.263 137.285
-747425.879 -964658.424 137.567
-747425.641 -964658.369 137.418
-747425.390 -964658.863 137.429
-747424.995 -964657.827 137.290
-747425.948 -964658.916 137.577
-747425.294 -964658.046 137.111
-747424.942 -964657.705 137.119
-747424.989 -964657.819 137.133
-747425.447 -964658.288 137.105
-747425.394 -964658.871 137.242
-747424.600 -964658.057 136.980
-747425.571 -964658.222 137.108
-747425.508 -964658.787 137.274
-747425.542 -964659.131 137.444
-747425.307 -964658.368 137.104
-747425.735 -964658.814 137.422
-747426.024 -964659.402 137.577
-747425.053 -964657.623 137.122
-747425.198 -964657.884 137.128
-747425.080 -964657.959 137.125
-747424.932 -964658.046 137.106
-747425.005 -964658.176 137.118
-747425.346 -964658.181 137.126
-747425.222 -964658.235 137.112
-747424.875 -964657.902 137.110
-747425.636 -964658.026 137.265
-747425.708 -964658.145 137.247
-747425.962 -964659.237 137.580
-747425.677 -964657.825 137.295
-747425.424 -964657.565 137.083
-747425.366 -964658.510 137.119
-747426.109 -964658.830 137.418
-747425.887 -964659.082 137.438
-747426.253 -964659.439 137.607
-747425.961 -964658.597 137.572
-747425.721 -964658.186 137.436
-747425.578 -964657.910 137.439
-747425.974 -964658.945 137.587
-747425.761 -964658.895 137.564
-747425.625 -964658.959 137.581
-747425.498 -964659.041 137.569
-747425.474 -964658.689 137.418
-747425.389 -964657.290 137.440
-747424.938 -964657.734 137.269
-747425.270 -964658.631 137.255
-747425.107 -964658.346 137.259
-747424.817 -964658.156 137.262
-747426.014 -964658.733 137.587
-747425.668 -964658.397 137.437
-747425.506 -964657.779 137.436
-747425.890 -964658.453 137.568
-747424.897 -964658.293 137.275
-747424.806 -964657.807 137.267
-747424.871 -964657.944 137.271
-747425.307 -964658.061 137.111
-747424.942 -964657.705 137.119
-747425.025 -964657.878 137.124
-747425.401 -964658.891 137.262
-747425.253 -964658.286 137.123
-747425.339 -964658.405 137.104
-747426.010 -964659.299 137.551
-747426.071 -964659.439 137.595
-747425.080 -964657.652 137.132
-747424.887 -964657.930 137.111
-747424.936 -964658.081 137.108
-747425.227 -964657.937 137.109
-747425.092 -964657.987 137.126
-747425.364 -964658.205 137.116
-747425.615 -964658.967 137.396
-747425.376 -964657.516 137.123
-747425.391 -964657.633 137.249
-747425.024 -964658.211 137.129
-747425.636 -964658.026 137.265
-747425.405 -964658.567 137.149
-747425.534 -964658.510 137.291
-747425.781 -964659.223 137.566
-747425.623 -964658.268 137.107
-747426.072 -964659.105 137.432
-747425.745 -964658.203 137.248
-747425.628 -964657.753 137.540
-747425.947 -964658.648 137.538
-747425.861 -964658.516 137.536
-747425.406 -964657.697 137.410
-747425.875 -964658.863 137.561
-747425.513 -964658.528 137.392
-747425.326 -964658.827 137.373
-747425.237 -964658.671 137.242
-747424.652 -964657.937 137.222
-747424.718 -964658.074 137.236
-747425.765 -964658.034 137.549
-747425.558 -964657.608 137.546
-747425.430 -964658.035 137.383
-747425.350 -964657.911 137.381
-747425.163 -964658.542 137.219
-747425.093 -964658.409 137.245
-747425.573 -964658.324 137.391
-747425.501 -964658.180 137.377
-747425.701 -964657.897 137.554
-747424.803 -964658.205 137.070
-747424.793 -964657.855 137.085
-747424.864 -964658.001 137.079
-747425.445 -964658.738 137.217
-747424.987 -964658.267 137.087
-747425.763 -964658.943 137.400
-747425.877 -964659.219 137.547
-747425.278 -964657.779 137.221
-747425.332 -964658.475 137.090
-747424.875 -964658.337 137.064
-747425.677 -964657.928 137.234
-747425.780 -964658.058 137.106
-747425.427 -964657.473 137.106
-747425.584 -964658.313 137.104
-747425.662 -964658.799 137.369
-747425.646 -964657.789 137.542
-747425.886 -964658.546 137.536
-747425.958 -964658.690 137.540
-747425.692 -964658.851 137.527
-747425.447 -964658.072 137.374
-747425.526 -964658.556 137.403
-747425.560 -964658.924 137.526
-747425.338 -964658.855 137.384
-747425.188 -964658.571 137.219
-747424.743 -964658.103 137.236
-747424.671 -964657.973 137.233
-747425.783 -964658.070 137.550
-747425.576 -964657.644 137.547
-747425.711 -964657.926 137.546
-747425.376 -964657.940 137.381
-747425.585 -964658.352 137.402
-747424.901 -964658.379 137.251
-747425.110 -964658.446 137.237
-747425.518 -964658.216 137.379
-747424.805 -964657.884 137.086
-747424.884 -964658.022 137.089
-747425.335 -964658.869 137.208
-747424.996 -964657.607 137.087
-747424.820 -964658.242 137.062
-747425.180 -964658.603 137.075
-747425.486 -964658.781 137.246
-747425.024 -964658.313 137.068
-747425.763 -964658.956 137.411
-747425.912 -964659.241 137.565
-747425.291 -964657.807 137.232
-747424.949 -964658.159 137.093
-747425.349 -964657.604 137.221
-747425.258 -964657.680 137.215
-747425.331 -964658.476 137.081
-747425.696 -964659.205 137.534
-747425.701 -964658.151 137.248
-747425.584 -964658.313 137.104
-747425.902 -964658.673 137.524
-747425.376 -964657.710 137.394
-747425.489 -964658.548 137.376
-747425.411 -964658.755 137.399
-747425.345 -964657.365 137.410
-747424.768 -964658.223 137.242
-747424.695 -964658.093 137.230
-747425.822 -964658.178 137.544
-747425.543 -964658.336 137.385
-747425.254 -964658.490 137.256
-747425.056 -964658.427 137.240
-747425.207 -964658.697 137.237
-747425.977 -964658.802 137.556
-747424.763 -964657.881 137.080
-747424.828 -964658.018 137.084
-747424.907 -964658.156 137.087
-747425.241 -964658.475 137.089
-747425.409 -964658.769 137.233
-747424.978 -964658.288 137.080
-747425.709 -964659.002 137.399
-747425.856 -964659.224 137.550
-747425.166 -964658.347 137.057
-747425.194 -964658.681 137.069
-747425.817 -964658.872 137.389
-747425.677 -964657.928 137.234
-747425.620 -964658.155 137.207
-747425.442 -964657.512 137.077
-747425.483 -964658.552 137.230
-747425.952 -964659.156 137.536
-747425.555 -964659.017 137.405
-747425.927 -964658.703 137.524
-747425.395 -964657.745 137.404
-747425.656 -964658.855 137.521
-747425.495 -964658.581 137.398
-747424.786 -964658.259 137.243
-747424.713 -964658.129 137.231
-747425.839 -964658.214 137.545
-747425.524 -964658.941 137.530
-747425.570 -964658.365 137.395
-747425.279 -964658.520 137.256
-747425.616 -964658.159 137.405
-747425.067 -964658.456 137.232
-747424.832 -964658.053 137.086
-747424.989 -964657.614 137.088
-747425.204 -964658.404 137.068
-747425.180 -964658.603 137.075
-747425.420 -964658.810 137.245
-747425.001 -964658.319 137.060
-747425.210 -964658.744 137.082
-747425.717 -964658.995 137.398
-747424.918 -964658.185 137.088
-747425.516 -964658.934 137.353
-747425.320 -964657.628 137.235
-747425.279 -964658.520 137.089
-747425.388 -964657.429 137.096
-747425.668 -964659.217 137.537
-747425.677 -964657.928 137.234
-747425.780 -964658.058 137.106
-747425.620 -964658.155 137.207
-747425.483 -964658.552 137.230
-747425.442 -964657.512 137.077
-747426.085 -964659.350 137.508
-747424.776 -964657.895 137.089
-747426.022 -964658.789 137.581
-747425.486 -964657.835 137.422
-747425.559 -964657.965 137.435
-747425.383 -964657.346 137.435
-747424.928 -964657.781 137.273
-747425.252 -964658.684 137.261
-747424.812 -964658.211 137.257
-747425.746 -964658.934 137.588
-747425.716 -964658.242 137.431
-747425.456 -964658.743 137.423
-747425.602 -964659.004 137.606
-747425.650 -964658.451 137.443
-747424.860 -964657.992 137.266
-747424.885 -964658.342 137.260
-747425.637 -964658.103 137.428
-747425.300 -964658.464 137.279
-747424.788 -964657.861 137.273
-747424.934 -964657.788 137.116
-747425.153 -964657.846 137.129
-747425.384 -964658.957 137.289
-747425.374 -964658.248 137.109
-747425.499 -964658.180 137.122
-747425.974 -964659.354 137.598
-747425.006 -964657.931 137.130
-747424.959 -964658.125 137.099
-747425.171 -964658.189 137.123
-747425.599 -964659.031 137.441
-747425.229 -964658.306 137.107
-747425.357 -964658.607 137.117
-747425.276 -964658.100 137.117
-747425.253 -964658.683 137.113
-747426.031 -964659.152 137.410
-747425.209 -964657.991 137.115
-747425.534 -964658.510 137.291
-747425.675 -964658.480 137.285
-747425.681 -964657.936 136.969
-747425.559 -964657.989 137.141
-747425.677 -964657.928 137.234
-747425.576 -964658.320 137.105
-747425.853 -964658.522 137.449
-747426.189 -964659.441 137.594
-747426.021 -964658.816 137.593
-747425.577 -964658.001 137.436
-747425.511 -964657.864 137.422
-747425.432 -964657.726 137.419
-747425.533 -964658.562 137.413
-747425.468 -964658.771 137.434
-747425.042 -964658.311 137.282
-747425.257 -964658.719 137.273
-747424.824 -964658.240 137.258
-747425.764 -964658.969 137.598
-747425.733 -964658.278 137.432
-747425.901 -964658.892 137.570
-747425.011 -964657.608 137.263
-747424.933 -964657.815 137.285
-747425.318 -964658.500 137.281
-747425.661 -964658.134 137.418
-747424.879 -964658.027 137.286
-747424.807 -964657.883 137.273
-747424.941 -964657.795 137.116
-747425.530 -964658.205 137.101
-747425.370 -964658.290 137.103
-747425.397 -964658.638 137.126
-747425.493 -964658.788 137.256
-747425.253 -964658.363 137.109
-747425.251 -964658.710 137.115
-747425.763 -964658.956 137.411
-747425.605 -964659.052 137.452
-747425.912 -964659.241 137.565
-747425.998 -964659.386 137.578
-747425.005 -964657.945 137.131
-747425.165 -964657.861 137.119
-747425.173 -964658.239 137.107
-747425.725 -964658.630 137.449
-747425.320 -964658.152 137.117
-747426.053 -964659.159 137.428
-747425.228 -964658.013 137.115
-747425.675 -964658.480 137.285
-747425.533 -964658.600 137.288
-747425.681 -964657.936 136.969
-747425.559 -964657.989 137.141
-747425.780 -964658.058 137.106
-747425.884 -964658.187 136.988
-747425.902 -964658.916 137.444
-747425.569 -964658.339 137.117
-747425.598 -964658.724 137.281
-747426.189 -964659.441 137.594
-747426.295 -964659.583 137.585
-747425.874 -964658.326 137.580
-747425.529 -964657.990 137.430
-747425.845 -964658.888 137.565
-747425.607 -964658.116 137.412
-747425.424 -964658.770 137.409
-747425.192 -964658.351 137.281
-747425.367 -964657.360 137.418
-747425.505 -964657.640 137.445
-747425.679 -964658.260 137.426
-747425.456 -964657.847 137.416
-747425.702 -964658.958 137.593
-747425.565 -964659.022 137.601
-747425.276 -964658.484 137.264
-747424.830 -964658.017 137.270
-747425.214 -964658.703 137.246
-747424.751 -964657.879 137.268
-747425.439 -964657.503 137.431
-747425.627 -964658.471 137.436
-747425.024 -964657.725 137.290
-747424.884 -964657.805 137.279
-747425.984 -964658.808 137.566
-747424.971 -964657.936 137.291
-747425.377 -964658.066 137.125
-747425.023 -964657.726 137.113
-747424.896 -964657.820 137.112
-747425.088 -964657.862 137.117
-747425.330 -964658.272 137.105
-747425.453 -964658.219 137.109
-747425.864 -964659.230 137.569
-747424.957 -964657.935 137.125
-747425.120 -964658.219 137.121
-747425.576 -964659.038 137.424
-747425.364 -964658.615 137.117
-747425.239 -964658.131 137.123
-747425.195 -964658.002 137.127
-747425.721 -964658.032 137.277
-747425.720 -964659.314 137.589
-747425.677 -964657.928 137.234
-747425.432 -964657.481 137.096
-747425.568 -964658.352 137.128
-747425.853 -964658.522 137.449
-747426.031 -964659.152 137.410
-747426.021 -964659.276 137.578
-747425.385 -964657.395 137.428
-747425.547 -964658.013 137.420
-747425.473 -964657.883 137.407
-747425.509 -964658.596 137.408
-747425.234 -964658.738 137.267
-747424.992 -964658.328 137.279
-747425.998 -964658.836 137.586
-747425.697 -964658.296 137.427
-747425.437 -964658.797 137.429
-747425.451 -964657.531 137.442
-747425.865 -964658.909 137.575
-747425.638 -964658.499 137.438
-747424.909 -964657.835 137.279
-747425.294 -964658.521 137.265
-747425.210 -964658.387 137.282
-747424.843 -964658.045 137.281
-747424.776 -964657.910 137.258
-747424.895 -964657.834 137.113
-747425.330 -964657.965 137.122
-747425.472 -964658.242 137.109
-747425.355 -964658.302 137.105
-747425.412 -964658.458 137.121
-747425.359 -964658.670 137.122
-747425.724 -964659.002 137.408
-747425.590 -964659.065 137.445
-747425.003 -964657.973 137.133
-747425.119 -964657.901 137.107
-747425.132 -964658.235 137.111
-747425.267 -964658.197 137.115
-747426.023 -964659.185 137.590
-747425.677 -964657.967 137.267
-747425.524 -964658.607 137.279
-747425.591 -964658.731 137.282
-747425.681 -964657.936 136.969
-747425.780 -964658.058 137.106
-747425.879 -964658.936 137.438
-747425.568 -964658.352 137.128
-747426.031 -964659.152 137.410
-747425.839 -964658.445 137.533
-747425.376 -964657.620 137.387
-747425.844 -964658.799 137.539
-747425.387 -964657.969 137.382
-747425.465 -964658.108 137.375
-747425.705 -964658.865 137.537
-747425.567 -964658.944 137.546
-747425.416 -964658.674 137.383
-747425.339 -964658.867 137.404
-747425.206 -964658.608 137.220
-747425.135 -964658.476 137.227
-747424.761 -964658.140 137.237
-747425.969 -964658.719 137.541
-747425.800 -964658.107 137.541
-747425.735 -964657.970 137.547
-747425.651 -964657.823 137.553
-747425.593 -964657.681 137.538
-747425.904 -964658.582 137.537
-747425.537 -964658.252 137.389
-747424.918 -964658.417 137.233
-747425.314 -964657.839 137.370
-747424.690 -964657.995 137.233
-747424.804 -964657.962 137.072
-747425.358 -964658.876 137.236
-747425.186 -964658.611 137.075
-747425.765 -964658.686 137.400
-747425.376 -964657.632 137.240
-747425.258 -964657.680 137.215
-747425.621 -964658.040 137.257
-747425.801 -964658.131 137.257
-747425.695 -964659.219 137.535
-747425.833 -964658.115 137.056
-747424.838 -964658.278 137.063
-747426.055 -964658.876 137.407
-747425.701 -964658.151 137.248
-747425.877 -964658.270 137.073
-747425.611 -964657.717 137.539
-747425.547 -964657.579 137.545
-747425.921 -964658.619 137.528
-747425.850 -964658.487 137.535
-747425.387 -964657.662 137.399
-747425.855 -964658.828 137.540
-747425.405 -964658.005 137.383
-747425.507 -964658.494 137.371
-747425.429 -964658.702 137.393
-747425.217 -964658.649 137.232
-747425.068 -964658.379 137.246
-747425.146 -964658.505 137.228
-747424.780 -964658.175 137.248
-747425.747 -964657.998 137.548
-747425.719 -964658.892 137.558
-747425.555 -964658.288 137.390
-747425.483 -964658.144 137.376
-747425.332 -964657.874 137.380
-747424.936 -964658.440 137.223
-747424.707 -964658.044 137.245
-747425.988 -964658.754 137.552
-747425.677 -964657.853 137.553
-747424.781 -964657.828 137.074
-747424.853 -964657.971 137.088
-747425.370 -964658.917 137.257
-747425.447 -964658.711 137.215
-747425.871 -964659.186 137.516
-747425.251 -964657.750 137.202
-747425.585 -964658.979 137.389
-747425.207 -964658.299 137.079
-747425.715 -964658.907 137.372
-747425.390 -964657.646 137.250
-747425.205 -964658.646 137.085
-747425.613 -964658.046 137.259
-747425.801 -964658.131 137.257
-747424.864 -964658.307 137.072
-747425.833 -964658.115 137.056
-747425.427 -964657.473 137.106
-747425.636 -964658.770 137.359
-747425.877 -964658.270 137.073
-747425.244 -964658.434 137.086
-747425.807 -964658.818 137.534
-747425.676 -964658.890 137.542
-747425.531 -964658.961 137.551
-747425.385 -964658.700 137.368
-747425.090 -964658.501 137.223
-747424.804 -964658.295 137.244
-747424.724 -964658.158 137.232
-747424.659 -964658.021 137.228
-747425.850 -964658.257 137.547
-747425.648 -964657.839 137.525
-747425.946 -964658.738 137.535
-747425.575 -964658.399 137.407
-747425.513 -964658.272 137.373
-747424.804 -964657.962 137.072
-747425.319 -964658.909 137.222
-747424.857 -964658.096 137.097
-747425.223 -964658.426 137.077
-747425.185 -964658.612 137.065
-747425.453 -964658.834 137.243
-747424.936 -964658.221 137.089
-747425.563 -964658.972 137.371
-747425.765 -964658.686 137.400
-747425.320 -964657.628 137.235
-747425.388 -964657.429 137.096
-747425.801 -964658.131 137.257
-747425.683 -964659.217 137.546
-747425.877 -964658.270 137.073
-747426.394 -964659.601 137.547
-747425.357 -964657.675 137.383
-747425.833 -964658.847 137.544
-747425.398 -964658.727 137.388
-747425.333 -964657.324 137.398
-747425.040 -964658.390 137.249
-747425.194 -964658.669 137.226
-747425.109 -964658.523 137.223
-747424.742 -964658.194 137.233
-747424.677 -964658.057 137.229
-747425.817 -964658.143 137.542
-747425.683 -964658.910 137.562
-747425.526 -964658.300 137.384
-747425.243 -964658.462 137.255
-747424.739 -964657.838 137.246
-747425.861 -964658.285 137.548
-747425.965 -964658.774 137.546
-747425.653 -964657.860 137.527
-747424.856 -964657.777 137.083
-747424.803 -964657.975 137.073
-747425.334 -964658.922 137.241
-747425.242 -964658.461 137.088
-747425.388 -964658.735 137.203
-747424.954 -964658.257 137.090
-747425.849 -964659.204 137.529
-747425.184 -964658.319 137.073
-747425.764 -964658.700 137.401
-747424.834 -964658.333 137.067
-747425.203 -964658.661 137.077
-747425.556 -964659.004 137.394
-747425.811 -964658.865 137.389
-747425.801 -964658.131 137.257
-747425.427 -964657.473 137.106
-747426.021 -964658.917 137.374
-747425.877 -964658.270 137.073
-747426.394 -964659.601 137.547
-747425.594 -964658.038 137.427
-747425.529 -964657.901 137.423
-747425.450 -964657.762 137.420
-747425.574 -964658.963 137.567
-747425.553 -964658.597 137.433
-747425.352 -964658.895 137.425
-747424.890 -964657.723 137.263
-747425.047 -964658.333 137.274
-747424.842 -964658.276 137.269
-747425.994 -964658.711 137.577
-747425.746 -964658.306 137.443
-747425.016 -964657.642 137.275
-747424.897 -964658.063 137.287
-747424.830 -964657.927 137.264
-747425.619 -964658.388 137.421
-747424.964 -964657.853 137.285
-747425.679 -964658.170 137.419
-747425.920 -964658.927 137.581
-747425.245 -964658.062 137.127
-747424.889 -964657.736 137.106
-747425.103 -964657.773 137.119
-747424.909 -964658.065 137.099
-747425.549 -964658.227 137.101
-747425.501 -964658.794 137.275
-747425.249 -964658.391 137.102
-747426.010 -964659.414 137.589
-747425.161 -964657.903 137.123
-747424.980 -964658.210 137.104
-747425.178 -964658.260 137.108
-747425.333 -964658.180 137.127
-747425.765 -964658.686 137.400
-747425.053 -964657.623 137.122
-747425.021 -964657.996 137.123
-747424.973 -964657.845 137.136
-747425.613 -964658.046 137.259
-747425.349 -964658.537 137.113
-747425.524 -964658.607 137.279
-747425.677 -964657.825 137.295
-747425.818 -964658.821 137.425
-747425.902 -964658.916 137.444
-747426.055 -964658.876 137.407
-747426.126 -964659.379 137.447
-747426.295 -964659.583 137.585
-747425.534 -964657.935 137.435
-747425.938 -964658.963 137.592
-747425.619 -964658.067 137.427
-747425.468 -964657.798 137.421
-747425.589 -964658.977 137.586
-747425.442 -964658.716 137.403
-747425.378 -964657.311 137.423
-747424.910 -964657.745 137.272
-747426.003 -964658.754 137.570
-747425.725 -964658.913 137.568
-747425.631 -964658.416 137.432
-747425.282 -964658.441 137.289
-747425.698 -964658.206 137.430
-747425.035 -964657.678 137.285
-747425.366 -964658.908 137.444
-747424.848 -964657.963 137.265
-747424.770 -964657.825 137.262
-747424.860 -964658.312 137.270
-747425.270 -964658.093 137.117
-747424.896 -964657.743 137.116
-747425.100 -964657.814 137.132
-747425.363 -964658.923 137.258
-747424.928 -964658.087 137.109
-747425.343 -964658.210 137.119
-747424.991 -964658.239 137.095
-747425.950 -964659.324 137.607
-747425.192 -964657.941 137.113
-747425.046 -964658.026 137.123
-747425.351 -964658.587 137.107
-747425.772 -964658.693 137.410
-747425.382 -964657.653 137.251
-747424.981 -964657.889 137.119
-747425.614 -964658.045 137.268
-747425.801 -964658.131 137.257
-747425.677 -964657.825 137.295
-747425.818 -964658.821 137.425
-747425.716 -964659.266 137.576
-747425.600 -964658.979 137.398
-747425.403 -964657.431 137.429
-747425.564 -964658.050 137.421
-747425.492 -964657.919 137.418
-747425.427 -964657.782 137.414
-747425.516 -964658.615 137.428
-747425.538 -964658.981 137.571
-747424.993 -964657.662 137.268
-747425.241 -964658.758 137.287
-747425.016 -964658.359 137.269
-747425.708 -964658.325 137.428
-747425.450 -964658.825 137.440
-747425.469 -964657.567 137.443
-747425.890 -964658.952 137.585
-747424.928 -964657.870 137.290
-747425.299 -964658.555 137.276
-747425.234 -964658.418 137.272
-747424.794 -964657.946 137.259
-747424.853 -964657.742 137.258
-747425.642 -964658.189 137.414
-747424.868 -964658.075 137.281
-747425.342 -964657.994 137.123
-747424.875 -964657.735 137.108
-747425.054 -964657.789 137.134
-747425.383 -964658.330 137.134
-747425.447 -964658.827 137.244
