98
0
97
0
1266
0
143
50
120
168
98
124
92
0
0
41
176
137
0
0
1282
0
0
187
439
0
185
81
1116
0
13
137
120
142
53
0
0
166
171
0
165
0
137
185
0
0
90
0
92
0
0
145
78
0
0
0
439
97
0
187
88
0
81
0
98
73
50
44
98
0
1366
0
53
0
171
53
0
92
0
88
197
0
0
165
0
0
44
90
0
157
0
0
0
0
0
0
171
0
0
526
0
172
97
19
0
69
0
0
81
127
185
166
1170
157
171
69
182
1366
166
0
0
182
0
166
0
69
0
0
92
92
1366
167
0
120
0
0
0
0
0
92
97
0
0
0
0
0
187
176
168
372
0
90
0
29
90
0
187
0
0
166
0
172
262
144
0
0
0
0
0
58
0
0
0
166
0
1285
0
165
0
92
0
1285
0
1342
171
0
168
0
176
171
100
1206
88
50
1134
187
88
0
536
0
514
0
580
271
462
372
509
0
586
533
215
81
623
651
0
0
0
0
2202
2073
661
199
0
0
214
479
579
308
580
671
495
668
510
322
653
446
291
446
563
329
405
0
417
608
0
0
81
474
510
580
0
414
372
2034
1916
366
676
0
0
366
0
1910
0
0
0
652
534
1883
0
666
0
0
341
590
0
291
0
0
241
446
611
0
407
366
519
606
329
0
334
0
462
0
665
1883
0
257
464
477
35
0
317
583
526
373
661
555
350
214
0
2152
268
567
378
534
664
0
0
0
512
0
571
0
0
372
294
608
411
350
2034
0
0
223
613
438
0
0
590
0
639
635
299
0
475
441
446
600
0
653
370
502
0
567
0
661
0
357
176
0
519
434
676
599
350
0
514
601
0
0
490
462
0
0
0
0
446
0
612
1901
0
584
651
600
0
475
0
0
276
0
571
446
670
370
471
445
562
439
593
182
262
562
0
207
1901
534
0
0
0
0
1851
299
567
0
2034
445
0
294
0
0
0
462
661
0
670
0
671
0
514
1854
1901
534
0
367
590
482
0
81
0
563
0
0
475
0
580
495
0
0
0
593
406
214
502
571
553
650
606
370
0
329
0
446
371
490
0
676
0
0
526
0
616
315
337
0
474
0
0
0
0
0
384
0
244
534
0
0
474
0
371
0
580
446
0
632
552
294
555
0
176
350
599
1851
0
321
0
2152
352
299
567
0
430
0
0
623
0
329
0
0
639
434
660
0
0
605
417
510
645
628
0
653
562
0
446
668
0
0
0
373
0
373
567
0
512
653
602
291
214
0
0
0
2017
547
2030
562
0
0
0
0
0
438
141
372
0
534
0
0
370
317
81
0
0
291
602
0
0
534
308
650
0
214
660
0
0
0
0
0
0
434
0
0
670
0
0
668
608
0
572
0
241
317
645
0
0
0
0
628
639
0
0
322
0
0
676
0
0
0
655
656
0
317
322
0
446
670
414
0
0
658
628
639
0
673
668
653
0
656
0
0
653
434
337
0
1851
0
0
670
510
0
547
405
407
0
0
0
0
0
438
0
0
0
0
322
0
0
384
623
0
0
0
0
0
0
0
0
0
0
526
50
0
439
584
510
0
434
407
562
721
729
717
729
725
726
720
728
723
729
720
731
728
726
728
717
730
721
721
720
726
721
717
728
731
717
729
723
717
731
721
729
717
0
723
725
0
0
725
0
728
0
0
729
0
0
0
0
762
758
763
760
757
763
758
760
748
758
763
757
756
757
756
758
0
762
763
761
756
760
760
758
0
0
0
762
0
0
0
0
974
770
1023
774
1055
1051
0
1023
1060
1054
0
977
0
813
814
855
1060
0
0
820
813
988
893
1059
830
993
813
988
1023
1262
0
844
1262
884
867
1006
1033
0
813
1023
1262
884
981
867
883
0
1014
883
1015
0
0
874
969
0
884
0
0
0
0
977
844
853
1054
840
814
883
0
993
1006
0
981
814
1033
1332
1060
844
0
1055
1262
1056
0
0
840
1055
1002
0
0
966
973
0
0
0
966
0
950
366
954
0
1056
0
868
980
884
0
0
884
0
0
0
1006
0
1015
867
0
900
0
0
853
1006
0
0
867
770
983
0
977
0
916
980
0
770
0
983
973
916
0
0
1328
926
893
997
983
977
916
980
665
0
926
933
844
983
0
0
1002
926
0
1007
1364
854
1055
982
1089
0
994
942
980
1055
982
0
0
0
883
926
1006
1606
1008
982
893
0
1014
980
1015
1006
982
983
926
0
997
770
1001
0
770
983
966
1002
982
0
770
770
934
0
977
0
980
983
0
770
1006
982
0
0
0
844
0
900
994
0
0
0
0
997
0
0
1001
0
1002
1003
0
1038
0
0
1051
1002
0
0
1052
883
0
0
0
900
1033
0
0
0
0
1038
0
1051
809
0
0
1495
888
1036
888
1008
1051
1036
0
1023
1059
874
1036
1014
1023
1051
844
981
0
1060
1006
0
0
0
993
1044
0
1051
1052
0
1056
0
0
1618
993
1054
0
0
993
0
0
0
809
0
0
0
1015
1006
1200
1240
1273
1357
1196
1320
1283
1088
1217
0
1116
1290
1088
0
0
1320
1342
0
1238
1202
1185
1163
1286
1273
0
0
0
964
1320
1179
1096
1116
0
0
1160
1342
1166
119
1366
1311
1116
0
0
1185
0
0
0
0
0
1347
1273
1366
1290
0
1316
1283
0
197
1077
1116
1347
1290
0
1166
0
1328
1366
1316
1283
0
1366
0
1320
1088
1366
0
1320
0
0
0
0
0
1330
0
1240
1320
1342
1342
1077
1321
1110
1320
1087
1211
1116
0
0
0
883
1321
0
0
1366
0
1336
1201
1076
0
1366
1326
1282
1336
1358
1348
0
0
0
0
0
0
1096
0
0
1366
1342
1320
0
0
1262
0
1348
606
0
0
137
0
0
0
0
0
0
1178
0
0
1354
0
1321
0
0
1342
0
1180
137
1262
0
0
0
1342
1286
1087
0
0
0
1192
0
1342
1088
1366
1364
1088
63
1200
0
1366
1185
0
61
0
1258
1328
1269
1284
1271
0
1273
0
1246
0
1180
1373
1320
1358
1364
1180
0
0
1180
0
0
0
119
0
0
0
1328
197
0
0
0
1354
0
0
1320
0
0
0
1331
0
1180
0
0
0
0
0
1200
0
0
0
1311
1180
0
1087
1366
1373
1331
874
1014
964
1358
1170
964
0
1088
1320
1320
1371
1179
0
0
1273
0
1180
0
0
1320
0
1088
0
0
0
1366
0
1320
0
1336
0
0
0
0
0
0
1373
1282
0
1316
1320
0
1111
1116
0
1348
964
1321
1196
0
0
1342
0
1262
1342
0
0
1354
0
0
0
1180
1240
1364
1321
1342
0
0
0
1320
1143
1192
1373
0
0
0
1311
1481
1593
1613
1546
1386
1496
1630
1577
1420
1503
1386
0
1420
0
1390
0
1613
1426
1613
0
1605
0
1390
1386
1412
1639
1503
1508
1582
1420
1639
0
0
0
0
0
1563
0
1473
0
1520
1639
1503
1419
0
0
0
1496
0
1631
1508
0
1421
0
1461
1421
1548
1409
1606
1390
1483
985
1548
1390
1534
1461
1508
1496
1593
0
1582
1615
1582
0
0
0
0
1461
0
1420
0
1473
0
1473
1483
1428
0
1453
0
1386
1615
0
1577
1426
1625
1496
0
1473
0
1638
1582
1586
1522
1583
0
1582
0
1390
0
1503
1426
0
1483
1420
1473
1473
1631
1630
1481
1534
0
0
1646
1648
1639
1631
1481
1390
0
0
1473
1426
1453
0
1495
1473
1420
1615
1577
0
1522
1646
1639
1593
1426
0
1650
0
0
1650
1508
1583
1639
1593
0
1449
1522
1593
1522
0
1461
1453
1615
985
0
1605
1522
1412
1639
1426
1496
0
0
0
1461
1522
1461
0
1582
1593
1646
1593
1471
0
1420
1390
1426
1613
0
1394
0
1586
0
1576
1390
1586
1613
1426
1503
0
1630
0
0
1648
0
0
1483
0
0
0
1638
0
0
1546
1496
1473
0
1630
0
1421
1421
1548
1618
1428
1615
1546
0
1473
1503
0
0
0
1421
1496
1586
1583
0
0
0
0
0
1631
1412
0
1520
1473
1586
1386
1631
1390
0
1548
1615
1426
1548
0
0
0
1420
1390
0
1615
1646
0
0
1548
1426
1390
1426
1563
1586
0
1584
0
1390
0
1653
1653
0
1689
0
1687
0
0
0
1773
0
1687
0
2045
0
1809
1663
1717
0
0
0
0
0
1706
1755
0
0
1687
1804
0
1784
1714
0
0
0
1717
0
1767
0
1765
1800
1702
0
1773
0
0
1702
1659
0
1804
1714
0
0
0
1756
0
1780
2075
1780
1745
1809
1765
0
0
0
0
0
1676
1766
1689
0
0
0
1745
1689
1755
0
1780
1663
1782
1714
1689
1765
1755
1767
1721
1714
0
1806
1760
0
0
1702
1908
0
1661
1766
0
1684
1699
1745
1791
1797
2231
0
0
1755
0
1677
0
1760
1714
1819
1804
0
0
0
1756
1806
1780
1778
1820
0
0
1797
1791
1663
0
2251
0
1676
0
0
0
1760
0
1760
0
0
1824
0
1657
1661
0
0
1797
0
0
1738
0
1657
1745
1809
0
0
0
1765
0
0
0
1804
1539
1766
1809
0
1760
1702
1828
0
0
0
1676
1677
0
1716
1717
2075
0
1791
0
0
1996
2170
0
0
502
2004
1987
1900
2010
0
2123
2126
0
0
2105
0
1977
2184
1993
0
0
0
0
0
0
2154
1958
2151
1738
0
1855
2042
639
1947
1914
1546
2066
0
0
0
0
1909
2148
0
2068
2090
346
2105
1976
2144
1917
0
0
2090
1909
2068
1976
1911
2090
2090
0
0
1902
1911
2033
0
2028
1993
0
0
0
2101
1995
1696
0
1958
0
0
0
0
2090
1992
0
2068
0
0
0
0
1998
1946
0
2142
2005
0
2101
2068
0
1995
0
2146
0
2030
0
1856
0
2078
0
0
2005
0
1977
0
0
0
0
0
0
0
2093
1914
1830
0
0
0
0
2151
0
1936
519
0
0
2000
2090
0
0
0
519
2030
0
1987
2418
2073
456
2144
0
0
1961
2030
2054
0
1998
0
0
2156
0
0
519
0
0
0
0
0
0
0
0
0
0
2000
0
2092
2068
0
0
0
2101
1987
0
2108
0
2054
2080
0
2068
2148
1900
0
2056
0
2068
1918
0
2049
1917
1481
2075
0
0
2156
0
0
2115
0
0
1908
0
2036
0
1916
0
0
0
0
1945
0
2033
2145
2068
0
0
1917
2101
1987
0
1977
0
1977
2097
2090
2106
0
2030
0
2108
2008
0
2017
0
1958
2063
2017
1987
0
1998
0
0
2041
0
2056
0
2041
1966
0
407
2063
0
0
1917
0
0
0
0
0
1983
2139
0
0
0
1938
2154
0
0
1938
1993
0
0
2092
0
456
0
1909
0
2131
2090
0
0
0
0
2068
1990
2156
1995
0
1696
0
0
0
2030
0
0
0
2033
2028
1481
1977
0
2108
2105
0
0
287
0
0
0
0
0
2145
0
1938
2116
0
0
2142
0
1977
0
0
2030
0
0
1995
0
2033
0
0
0
2208
0
0
0
2236
2220
2142
2220
0
0
0
0
0
0
2033
2236
245
0
0
0
2142
2225
0
0
2221
0
0
0
0
0
0
0
0
0
2236
0
0
0
1693
0
0
0
2231
0
2236
0
0
0
0
0
1995
0
0
0
0
0
1995
0
0
0
0
0
2236
0
0
2221
0
0
0
0
2405
2429
2330
2429
0
2423
2224
2266
2434
0
2426
2262
2263
2388
0
2418
2405
2406
2348
2313
2330
2222
2343
2395
2357
0
0
2379
1693
0
2406
2313
2450
0
2346
1693
2439
2434
2262
0
2324
2429
2360
2346
2348
0
2354
2343
2266
2262
1693
2306
0
0
2406
2421
2241
2313
2442
2421
2438
2313
2405
2421
2378
2313
2309
2313
0
0
2378
2422
0
2434
2357
2393
0
2361
2429
2407
0
2422
2379
2438
2378
2406
2453
0
2453
2405
2348
2407
2317
0
0
2378
2409
0
2413
2406
2449
2429
2434
2419
0
2418
0
0
0
0
0
0
2324
2429
2406
2434
2431
0
2393
2422
0
2379
2378
0
0
2405
2422
2354
2422
0
0
2438
2426
2392
2449
2439
2423
2453
2354
2451
2449
0
0
2305
2434
2366
2421
2324
2409
2435
1765
0
2451
0
2392
0
0
0
0
2429
2347
2407
2241
2416
2405
2409
2431
0
0
0
0
2395
0
2418
2309
2345
0
0
2434
0
2225
0
0
2450
0
0
0
2309
2263
0
2213
2438
0
0
0
2451
2438
0
0
2438
2438
0
0
0
2434
0
2421
0
2435
2213
2390
2431
0
0
0
2434
0
2343
0
2213
2469
2472
2469
2464
2474
2472
2464
0
2470
2469
2470
2470
0
0
2474
0
2472
0
2472
2470
2470
