0
447
0
0
4900
263
4900
0
1510
12
0
0
0
0
0
0
170
0
0
3
176
272
3
99
0
1579
3
0
0
238
267
3
124
12
0
17
12
0
200
0
0
0
0
0
447
4900
0
0
0
1507
12
0
48
263
12
3
151
0
0
0
261
0
0
261
0
0
261
0
253
447
0
362
94
0
94
0
0
362
0
0
0
3
3
12
0
0
0
0
70
0
3
261
0
0
0
0
250
0
267
0
0
92
58
4900
241
131
241
0
138
1497
0
261
37
0
167
202
0
263
0
0
0
267
0
48
0
48
0
0
5021
261
0
0
0
0
0
12
12
4900
0
279
0
281
12
4900
3
273
0
34
261
267
118
0
0
28
0
0
261
78
261
0
447
17
0
261
272
5021
0
0
0
0
0
447
1595
0
12
362
0
263
65
92
0
447
0
267
4900
0
0
0
0
185
92
0
0
3
0
4900
0
138
12
3
0
12
0
3
281
267
194
270
0
3
0
12
0
274
468
0
97
279
267
202
0
261
263
261
94
261
3
113
0
3
0
0
124
4900
0
261
0
0
0
267
124
0
92
4900
0
0
4900
267
37
0
0
220
0
0
3
261
0
0
5021
3
0
0
3
0
85
0
0
0
0
12
0
0
0
0
0
95
0
0
12
0
12
0
3
261
0
270
0
0
369
0
0
598
441
0
479
598
401
598
97
441
441
0
598
369
415
441
0
0
441
1297
441
598
603
322
1284
0
362
0
369
0
0
0
0
369
598
441
0
666
0
598
479
369
362
0
479
362
479
0
212
362
598
0
371
598
0
362
489
380
479
362
598
369
0
362
0
0
380
369
4788
0
598
441
0
437
0
362
441
369
479
0
598
0
468
0
489
0
489
0
441
391
0
362
489
369
598
447
0
479
441
441
0
0
489
0
441
489
479
1297
441
0
489
0
598
598
441
489
362
0
447
598
421
380
369
598
479
0
598
0
0
479
401
0
489
489
1297
0
362
447
598
598
321
0
479
371
0
362
0
0
0
0
489
0
362
369
479
369
0
0
0
362
344
369
598
0
0
369
598
417
369
441
479
479
306
0
0
447
362
479
0
489
0
0
1297
0
377
447
362
0
176
0
1297
431
479
1284
0
909
657
560
0
0
596
1284
618
0
598
561
819
0
561
561
0
484
0
596
824
596
657
488
0
0
657
657
509
0
641
596
561
561
657
618
0
841
596
0
598
603
561
489
596
596
500
569
1284
596
0
618
657
1284
489
0
598
586
596
489
561
0
598
561
657
618
598
0
909
0
909
0
598
545
0
658
0
0
561
909
638
484
561
0
598
0
909
0
561
513
489
0
545
909
598
0
909
484
657
0
596
0
0
561
0
561
1284
658
598
657
596
598
0
618
0
598
657
0
618
0
819
819
0
0
1284
0
596
0
484
607
598
618
500
489
0
598
596
618
654
0
534
909
652
0
618
4601
657
489
561
598
561
0
596
909
0
657
657
0
4601
0
596
0
598
561
551
1284
909
561
0
489
0
641
551
0
0
0
0
0
819
596
545
603
0
596
561
561
0
4522
736
0
0
779
0
0
0
819
0
928
969
721
0
4522
0
928
721
950
0
0
0
0
862
839
801
913
862
913
0
0
819
712
0
779
825
721
736
800
0
0
0
0
928
913
721
928
779
0
0
0
0
721
736
738
928
0
0
819
779
909
0
0
4522
0
0
618
0
928
0
0
0
0
819
954
913
801
902
0
831
0
736
0
721
0
828
0
736
0
0
0
0
677
909
913
819
0
736
0
0
0
913
819
736
1031
736
779
0
0
0
721
0
0
782
0
0
779
0
835
1051
0
1144
0
779
913
819
779
0
0
0
0
4522
0
736
927
909
736
673
4522
893
0
736
826
862
888
928
909
722
0
928
913
721
721
0
0
0
819
0
0
736
0
0
0
4522
0
0
0
618
0
721
0
4522
0
721
928
913
721
0
4522
829
0
909
0
909
0
0
0
4522
779
0
913
0
779
677
0
831
0
879
736
779
0
928
779
0
928
721
0
913
0
0
928
936
928
0
751
721
909
0
0
779
0
928
0
4522
0
0
779
0
0
736
909
0
0
0
909
0
0
909
0
928
0
0
0
851
0
0
943
819
704
0
928
909
618
0
0
0
0
0
0
0
0
727
865
928
4522
0
0
0
853
0
819
721
0
909
736
0
721
928
721
0
0
0
0
0
0
0
0
0
819
928
0
0
0
721
928
928
909
899
0
931
0
1115
1144
0
1115
1115
0
0
1142
1194
0
1138
986
1142
1142
0
1144
1142
0
1115
1142
0
741
0
1154
1125
1154
1144
1115
0
0
1115
0
1186
0
1049
1154
1144
0
992
1031
1186
0
1154
1142
1144
1142
1138
1115
0
1102
0
1157
1115
989
1179
0
1115
1144
1115
0
1138
1186
1142
1115
1115
1144
1115
741
1142
1072
1142
1142
0
1115
913
1154
1142
0
1115
0
1138
1138
1144
1115
913
1104
1144
1144
0
913
1142
1144
0
1154
1144
1144
1115
0
1142
0
0
1142
0
1186
2081
1115
1142
1115
1115
0
1154
1142
1165
0
1144
0
1157
0
1144
1115
1115
1115
1144
0
1125
1154
1144
0
1138
1186
0
1144
0
0
1144
1144
1186
1186
1144
974
913
0
1144
0
1144
1138
1115
1165
727
1157
1115
1154
0
0
1115
2081
913
1144
1142
1142
1115
1115
0
1144
1154
1144
0
1142
1144
1138
0
1138
0
1115
913
1138
1142
1049
1154
1154
1144
1049
0
1144
1138
0
2079
0
1138
913
1142
1157
1115
0
1115
1115
1154
1115
1157
1115
1124
1142
1138
0
0
1154
1115
0
1144
1115
1144
0
1154
1115
0
1125
0
1142
913
1194
1115
1194
0
1186
0
1186
1154
1284
1284
1144
1284
1284
1284
1284
1284
2023
1284
1284
1284
1284
2020
1284
1284
1115
2020
1284
1284
1284
2023
1284
1284
1284
1284
1284
2023
1115
1284
2023
1186
1186
1284
1284
1115
1284
1284
1284
2020
1284
1284
1284
1284
2020
1284
1284
1144
2023
1284
1284
1284
2020
1284
1284
1284
1284
1284
1144
1284
1284
1284
1284
1284
1115
1284
2020
2020
2020
489
2023
1284
1284
2020
596
1284
1284
1115
1284
2023
1284
1284
2023
1284
1284
0
618
1284
2020
1144
1297
1507
1297
1297
1297
1581
489
1863
0
1297
1297
1297
1297
1297
1297
1581
1297
441
1297
1297
489
1297
2020
1297
1507
1297
489
1284
1297
1581
1297
1297
1297
1284
1581
1297
1297
1297
441
441
1297
1297
1297
1284
1297
1297
1297
2020
1297
1297
1297
1297
1297
1297
1297
1284
1297
1297
1297
362
1863
441
1297
1284
362
1297
1297
1297
1297
362
1297
1284
1297
1297
1297
1297
1297
1297
1297
1297
1297
1297
1297
1581
1297
1297
1507
441
1297
1297
1297
1297
1284
1297
1297
1297
1297
1297
1581
1297
441
1601
0
1618
0
1391
0
1600
1507
1590
1598
0
1507
1645
0
28
0
0
0
0
1498
0
1618
1600
0
1600
0
1600
1529
1507
1573
0
1590
0
0
1596
1600
1590
1472
1590
0
0
0
1598
1618
0
1600
0
1581
1618
1507
1507
1600
1581
4122
1581
1590
1590
1600
1581
1507
1590
1596
1507
0
1600
1581
1581
0
1507
1598
1507
0
1407
1618
1520
0
1507
1600
1590
1564
0
0
0
1603
1600
0
1600
1590
1581
1581
1590
1590
1618
1507
1512
1497
1436
1475
1600
1393
1529
0
1590
0
1598
0
1539
0
0
1618
1600
1600
1510
1413
1507
0
0
0
1507
0
0
1507
0
1507
1598
1393
1601
1590
1598
1600
0
1618
1581
1507
1577
1600
0
1618
1507
0
1507
4122
1618
1590
1598
276
1590
1600
1590
0
1600
0
0
1507
1600
1507
1600
0
1794
1590
1600
0
1645
1422
1600
1581
1600
1590
1581
1507
1581
0
1475
1581
0
3
1581
1590
1600
0
1601
1581
1590
0
1590
1767
1507
0
1507
0
1590
0
0
70
1507
1618
1581
1590
1600
1573
0
0
0
1509
1581
0
0
1598
0
1581
0
0
1600
0
1507
4122
1730
1730
1730
1765
0
1631
0
1618
1730
1677
0
1765
0
1618
1790
1765
1730
1716
1765
1765
3282
1790
1790
1765
1730
0
1790
0
1730
1730
1765
0
1631
4122
0
0
0
1742
1778
0
1737
1765
1716
1790
1765
1742
4122
1737
1730
1730
4122
1736
1730
1771
1730
0
1737
0
1790
1765
1777
1716
1716
1730
1742
1742
1685
1681
0
1765
1790
0
1737
1618
0
0
1737
0
4122
0
1730
1716
0
1771
1742
1737
0
0
1737
1716
0
0
1730
1790
1737
0
1777
1716
3282
1730
1737
0
0
1716
1730
1737
1737
1765
1737
1737
0
3243
1730
0
1716
1737
1730
1716
4122
1737
1737
0
1765
1716
0
1737
1631
1730
1737
1716
0
0
1765
1618
3209
1765
0
1716
1716
4122
1727
3128
1770
1730
1742
0
1716
1799
1790
1730
0
1737
3249
1730
0
1716
0
4122
0
0
1770
0
1777
1742
0
0
0
4122
1730
1730
1730
0
0
3282
1737
1495
1765
0
1790
1685
1737
1765
3282
1716
0
0
1742
1737
0
1577
1730
1742
1756
0
4122
1790
0
1641
1742
1765
1737
0
1730
3209
4122
1631
1765
0
0
1716
1719
1737
1716
3282
0
1716
1737
1577
1737
0
1790
1737
1863
1863
1863
1863
1863
1863
1863
2020
1863
1863
1863
1863
1730
1730
1863
1863
1863
1863
1863
2020
1716
2020
2020
1863
2020
2655
1863
1863
1863
1863
2020
2020
2020
2020
2020
0
1863
1730
1863
1863
2842
2020
1765
2763
1863
2020
2020
1863
1863
1863
1863
1863
2020
1863
2763
1716
2020
1863
1765
1765
1863
1863
1863
2842
1863
2763
1863
1863
1863
1863
2020
1863
2020
2842
1863
1863
1863
1765
1863
2020
2763
1716
2020
1863
1730
1863
3249
1863
1863
1863
1863
1863
1716
2020
2023
2023
2023
2020
2655
2023
2020
2023
2056
2023
2023
2023
2020
2023
2023
2023
2020
2023
2023
2023
2655
2023
2020
2023
2023
2020
2655
2023
2020
2023
2020
2020
2020
2023
2020
2023
2020
2023
2020
2020
2023
2023
2023
2020
2023
2020
2023
2020
2020
2020
2020
2020
2023
2023
2023
2023
2023
2020
2023
2020
2023
2020
2023
2655
2719
2221
2023
2023
2023
2023
2056
2023
2023
2655
2023
2020
2023
2023
2023
2020
2023
2023
2023
2719
2655
1186
2023
2056
2023
2020
2023
2023
2023
2023
2023
2023
2023
2655
0
2020
2023
0
2020
2056
2112
2216
2182
0
0
0
0
2112
2182
2112
2112
2221
2157
2216
2182
2213
2216
1138
2109
2335
2109
0
2112
2109
0
2216
2112
0
2109
2056
0
2216
2056
2112
0
0
2109
2023
0
2112
2112
2182
0
2207
0
1186
2157
1188
2221
2117
1186
2227
0
0
2056
0
2056
2112
2109
0
0
2216
2112
1138
2109
0
2112
2370
2216
2068
2370
2109
2112
2109
2109
2112
2112
2109
2032
2221
2216
2370
1138
0
2112
2221
0
2216
2030
2173
0
0
2023
2159
2182
2216
2112
2370
0
2109
1138
2112
2056
2112
2056
2109
2173
2112
1138
2221
2109
2207
2112
2370
2221
2056
2056
2109
2182
0
2112
0
2216
2109
2182
2370
0
2216
2061
2216
2109
0
2109
0
2370
2109
1186
2112
2109
2109
2109
981
2109
0
2112
2228
2216
0
2112
0
2177
0
2112
2070
2112
0
0
1020
2271
0
2216
2213
2112
1138
2109
2056
2216
2216
2109
2221
2216
0
2109
2221
0
2221
1186
2056
2182
2109
2056
0
0
2023
0
2056
1138
0
2109
1186
0
2228
2109
2112
0
0
2109
2112
2221
2112
0
0
0
0
2216
0
0
0
2396
0
0
2056
0
2341
0
3876
0
2236
0
0
3876
2353
2270
0
2330
2719
2350
0
2719
2719
2330
3876
0
0
0
2437
2182
0
2370
3876
0
0
0
2438
0
0
0
2516
3876
0
0
2370
0
2719
0
2437
0
0
2506
0
2396
2488
2437
2312
0
2313
2437
2207
0
0
2267
0
2370
2488
0
2370
0
0
2370
2719
2525
2444
0
2437
3876
0
0
0
2378
0
0
0
2407
2370
2719
0
2519
2396
2353
0
2435
2719
3876
2396
0
2605
0
0
0
0
0
2437
0
0
0
0
2396
2525
0
3876
2182
0
0
2397
0
0
0
0
2370
2182
3764
0
2391
0
0
0
2377
0
2437
2182
3869
0
2182
2522
0
0
2437
2259
2437
3876
2182
0
0
2359
2437
2680
2396
3876
0
3876
0
2605
0
2182
2719
0
2397
2435
2347
0
0
0
2182
2418
2182
0
0
2437
2719
2435
0
0
0
2397
0
0
0
2723
2435
2719
0
0
0
0
2481
0
2182
2498
2347
0
3876
2182
2525
2370
2056
2396
2370
2437
2437
0
2386
0
0
0
0
2437
2419
2719
0
0
2719
0
0
2396
2350
2719
2499
0
2483
2483
2437
2719
2437
0
2249
2370
0
2435
2437
0
2435
2396
2242
2499
3869
2370
0
2391
2437
2521
0
2370
2576
2498
2370
0
0
0
2435
0
2437
3876
0
0
0
2370
2529
2056
2303
0
0
2182
0
0
2437
0
0
2437
0
3876
0
2437
2437
2483
0
2396
2370
0
0
0
0
2437
2182
0
0
0
0
0
2506
0
0
2719
2396
0
2267
0
2182
2719
2719
2719
0
2605
2655
2727
2655
2904
2605
0
2728
2023
0
2681
2272
2720
2655
2605
2618
2630
2605
0
2618
0
2655
2720
0
2605
0
2618
2630
2589
2589
2719
2618
2655
2689
0
2719
2655
2618
0
0
0
2655
2618
2605
2589
2589
2655
2023
2589
0
2605
2618
0
2728
2719
2655
0
2655
0
2655
2630
0
2720
0
0
0
0
2681
0
2630
2589
0
0
2589
2589
0
2589
0
2618
2689
2702
0
2618
2712
0
0
2589
2719
2630
2589
3698
2719
2630
0
3876
0
3698
0
2605
2655
2655
3876
2655
0
0
2693
2618
2598
0
2630
2655
0
2691
2605
2023
2605
2671
0
0
2630
0
2719
0
2589
0
2605
2719
0
2630
2630
2719
0
2605
0
0
2723
2589
2630
2618
2630
2719
2589
2605
0
0
2630
2630
2655
0
2577
0
2719
0
2605
0
2630
0
0
2618
2719
2589
0
2630
2589
2576
0
2655
2605
2719
2655
2589
0
2630
0
2589
0
2655
2601
3876
2630
2630
2589
0
0
2664
2655
0
2708
3876
2719
0
0
2557
2655
2605
2655
2657
2655
0
0
2605
2763
2804
0
2763
2893
2893
2893
0
0
2885
0
2919
2763
2885
2763
2893
2885
2842
2763
2763
2842
2893
0
2763
2763
0
2893
3108
3610
2842
2774
0
2763
2885
0
2893
0
2885
2885
2763
2885
2763
0
2655
2893
2919
2956
0
2893
2919
2885
0
2763
3249
3108
2804
2919
2860
2745
0
2893
2842
2842
2763
3249
2842
0
2763
2893
2919
0
2763
2934
2893
2763
0
0
2763
2618
0
2885
2893
0
2655
2842
0
2937
0
3249
3108
2864
0
2763
0
0
2763
0
2763
0
2919
2953
0
0
2893
0
2919
2919
0
0
2885
2763
0
2919
2893
2893
2893
2655
2842
2823
2893
2842
2763
0
2919
2893
2842
0
2763
0
2846
2842
0
2919
3249
2763
2893
0
0
2763
2919
0
2893
2763
0
2919
2893
2919
0
2919
2763
2885
2919
0
0
2885
0
2763
2885
2763
2813
2919
0
2842
3249
2655
2937
0
2763
2842
0
0
2919
0
0
2763
2842
0
2763
2655
2919
2919
0
2919
2953
2893
2893
2919
3249
2893
2893
0
2763
0
0
2655
2885
0
2842
2885
0
2919
0
0
2885
2919
2842
2885
2893
0
2919
2763
2893
2956
2804
0
0
2842
2893
0
2893
2893
0
3370
3138
3071
3280
3010
0
0
3178
3265
3265
3052
3010
3142
3051
3265
0
3052
0
3128
3096
0
0
0
0
3108
0
3143
3282
3249
3265
3370
0
3265
3284
0
0
3284
2985
2981
3196
0
0
0
3284
3265
3051
3249
0
0
0
0
0
3230
3284
3282
3284
0
0
3022
3265
0
3108
0
0
0
0
3319
0
3118
0
0
3108
0
0
1756
3282
3282
3010
3282
2813
3108
3010
0
0
3010
3265
3265
3265
3052
0
3075
0
0
3370
0
3052
0
3284
3010
0
0
3118
3010
3284
0
3020
0
3282
0
3108
3178
0
3265
0
3052
0
3010
0
3282
3179
3178
3249
3249
3118
3282
0
3266
0
3284
3284
0
0
3117
3265
3282
3051
0
3282
0
3289
3249
0
0
0
3249
3108
3370
0
0
3010
3317
3178
0
3368
0
0
3010
0
0
3249
0
0
3178
3052
3217
0
0
0
0
0
3178
3249
3296
0
3010
3129
3010
3284
0
2959
3284
3010
0
0
0
3108
0
3370
3249
0
3370
0
3249
0
3178
3284
0
0
0
0
0
3282
3010
3178
0
3143
0
3203
3282
0
3370
3282
0
0
3249
0
3108
3010
0
0
3265
3153
0
3153
3284
3010
3108
3265
3249
0
0
2983
3230
0
3249
1707
0
3010
3098
3196
3010
0
3052
0
3265
3052
3370
0
3241
0
0
0
3169
0
0
0
3108
0
0
3265
0
3282
0
0
3282
3179
3282
3108
0
3368
0
3249
3153
3282
3108
3249
0
0
3108
0
0
0
0
0
3085
0
0
0
3265
0
3178
0
0
3282
0
3265
3370
0
3245
0
3282
3265
3020
0
3282
0
0
0
3265
3010
0
0
3010
3108
3370
3282
0
0
3182
3052
0
3249
0
3024
0
0
3265
3178
0
0
0
0
3434
0
3434
3462
0
0
3462
0
3370
3368
6567
3462
3475
3370
3329
3370
3327
3475
3368
3510
0
6620
3370
3439
0
0
0
0
3475
3368
3439
0
3370
3428
3370
0
0
0
3434
6620
0
6620
3475
6620
3434
3368
3476
3368
3434
3462
3368
0
3469
3370
3462
3439
0
3439
3370
0
3073
3462
0
0
3434
3439
3475
3434
3462
3462
3462
3439
3439
3504
3439
3462
0
3462
0
6620
3434
6620
0
6620
3368
3460
5898
3368
3460
3434
3434
3368
3475
3368
0
3368
3368
0
3475
3434
3439
0
3370
0
3434
3434
3312
3510
3368
3462
3368
3368
3460
3475
0
3434
3610
3370
3439
6620
3368
3439
3510
3439
3368
6620
3471
0
3475
6620
3368
3368
3434
3370
3370
3370
0
6620
0
3462
3439
3370
0
3370
3475
0
3439
0
3434
3439
0
3475
3462
3462
6620
0
0
3370
6612
3462
3475
0
3475
0
3368
3299
6700
3434
0
3368
0
0
3370
0
3368
3439
3439
0
3462
0
3368
3469
3317
0
0
3327
3439
3370
3370
3475
3515
3434
3434
0
3439
3475
3469
3475
3434
0
0
3370
3442
0
3370
0
3434
3504
0
3434
3434
3434
0
3368
0
3370
3462
3439
0
0
6620
6620
3439
0
3462
3510
3434
3368
3462
3475
3610
3610
3610
3610
3610
3610
3610
3610
3610
3610
3434
3610
3610
6511
3610
3610
6511
3610
3610
3610
6511
3610
3610
3610
3610
2893
3610
2919
6511
3610
6620
3610
3610
2618
2893
3610
3610
3434
3610
6620
3610
3610
3610
3610
3368
2893
3610
3610
3698
3610
3610
2919
2919
3610
3610
3610
3368
3434
3610
3610
3610
3610
2919
3610
3698
3610
6511
3610
3610
3610
3610
3610
3610
6511
3610
3610
2893
3610
3610
3610
3610
3610
3610
3610
3610
3610
3610
3610
0
3610
3610
3610
3698
3610
3610
3610
6620
2893
3610
3610
3610
3610
3610
6346
3698
3698
3698
3698
3698
3610
3698
3698
3698
6346
3610
3698
6346
6233
3698
3807
3698
3698
3698
3698
3698
3698
3698
3698
3698
3807
2618
3610
3698
3698
3698
3698
6346
3698
3807
3698
3610
3698
3698
3698
3698
3698
3698
3698
3698
3698
3698
3698
3698
3698
3698
3698
3807
3807
3698
3698
3698
3698
3698
3698
3896
3698
6233
3698
3698
3807
6346
3698
3698
3698
3698
3698
0
3698
3698
2618
3698
3698
3896
6233
3698
3698
3610
3698
3698
3698
3698
3698
3698
3698
3698
3698
3698
3698
3698
3698
3698
3698
3698
3610
3610
3698
3698
3698
3698
3698
3896
6250
6274
0
3845
0
0
3874
3856
3896
0
0
3775
3869
0
6233
0
0
3896
3807
3876
0
3807
3788
3876
3876
6185
6185
0
3788
0
6185
0
3876
3896
3807
6185
3807
0
3824
0
3775
0
0
3824
3775
3896
3869
3896
3869
3896
3807
0
3896
3840
3807
0
3775
3896
3869
3869
3737
0
3869
3824
3869
0
3869
0
3876
0
0
6185
3775
0
0
3807
0
3775
0
0
0
3876
3834
3896
3807
0
3881
0
3807
0
3896
0
0
3896
3874
3869
3772
3896
6233
3869
0
0
3775
3824
3876
3896
3775
0
3824
3824
0
3876
0
3807
0
3902
3869
0
3824
3807
3840
3824
3896
0
3807
0
3869
6185
3807
3824
0
3896
0
0
3824
3807
0
3885
3794
3869
0
0
0
0
3807
3735
3775
0
0
3775
3775
3869
0
0
3775
0
3876
3788
3807
3869
3775
3775
0
0
3738
3869
6233
3876
3896
0
0
3824
0
3772
3869
3807
6226
3807
3762
3807
3807
3896
6233
3869
3824
3775
3896
3775
6185
0
0
0
3896
3923
3775
0
4009
2112
4009
4009
6069
3869
6069
6069
6069
6069
2112
4009
6069
4009
4009
4009
2370
3869
2109
6069
4009
6069
6069
4009
4009
2112
4009
6069
2112
6069
4009
4341
6069
6069
4009
6069
4009
6069
4009
4009
4009
4009
4009
4009
4009
2109
4009
6185
6069
4009
4009
6069
6069
4009
4009
6069
4009
4009
2109
4009
4009
4009
4009
4009
4009
4009
4009
6185
4009
4009
4009
3869
4341
4009
2112
4341
4009
4341
4341
6069
0
2109
2112
1138
2112
6069
3775
6069
4009
4009
4009
4009
6185
4341
6069
6069
5898
4122
4122
4122
5898
4122
5898
4122
4122
4122
4254
5898
4122
4122
4122
1737
4122
5898
5898
5898
4122
4122
4122
4122
5898
5898
5898
4122
4122
4122
4122
4122
4122
4122
5898
4122
4122
4122
5898
4122
5898
5898
4122
3439
4122
4122
4122
4122
5898
4122
3370
4122
4122
5898
4122
4122
4122
4122
4122
5898
4122
4122
3475
4122
4122
4122
4122
4122
4122
3475
4122
5898
1737
3475
4122
5898
4122
4122
3370
4122
3370
4122
4122
4122
5898
5898
1737
3475
5898
4122
5898
4122
4122
5898
4122
5898
4122
0
5898
4122
5898
4122
4122
5898
3475
3475
4122
4122
3475
5898
4122
4122
5898
4122
1590
1600
4254
4254
4254
4254
5021
5898
4254
1600
5020
4254
4254
5020
1600
1600
4254
4254
1600
4254
1600
5020
4254
5021
1590
4254
1600
4254
4254
4254
5020
4254
4254
5021
5021
4254
4254
4254
4122
4254
1600
4254
5020
4254
4254
4254
4254
4254
5021
4254
4254
1600
4254
4254
4254
4254
4254
4254
4254
4254
4254
1600
4254
4254
1600
1600
4254
4122
4122
4254
4254
5021
4254
4254
1618
5021
5021
4254
5021
4254
4254
4122
4254
4254
1618
5020
4254
4254
4254
4254
4254
1618
4122
4254
4122
1600
4254
4254
1600
5020
4254
4254
4122
4254
4122
4254
4254
1600
4254
5021
4122
4254
4122
4254
4254
0
4254
4254
1618
4254
4254
4254
4341
5764
4341
4341
4341
4341
4341
1154
4341
4341
4341
4341
4341
5764
4341
4341
4341
4341
4341
4542
4341
1154
4522
4341
4341
4341
4341
1154
4341
4341
4522
4341
4341
4341
5764
4341
5764
5764
4341
4341
4341
4341
4341
4341
4341
5764
4341
4341
4341
4341
4341
4341
4341
4341
4341
4522
5764
4341
1154
1138
5764
5764
4341
4341
5764
5764
4341
4341
4542
4341
4341
4341
4341
4341
5764
4341
5764
5764
4341
5764
0
5764
4341
5764
1138
4341
4341
4341
4341
4341
4341
4341
4341
4341
4466
4341
4341
4341
4341
4341
4522
4426
4522
0
4557
4522
936
4522
4542
4557
4522
0
0
4542
0
4571
4542
4546
4508
4394
4522
0
4443
0
4466
4462
0
4542
4522
4522
4466
0
4508
0
4557
4542
4462
4446
4542
4522
4542
0
4522
4557
4542
0
4513
4542
4557
4508
4522
4462
4542
4557
0
4546
5531
4466
4557
4462
909
4546
4522
4466
4542
0
4542
4522
4508
4542
4542
4508
4522
0
4466
4542
4542
4542
0
0
4508
5594
0
0
4522
0
4542
4587
4466
0
4522
4557
4522
4508
5531
4466
4511
4466
4466
4557
4542
0
4466
0
4522
0
4466
4522
4462
4522
4462
4511
4546
4466
4571
0
0
4466
4508
4542
4542
4466
4508
0
4532
4542
684
4495
0
4508
4546
4573
4466
4542
0
4508
4554
4542
4542
0
0
4508
4439
4542
4466
4542
4542
0
4450
4466
0
4542
0
4542
4406
4522
4522
4546
4542
0
4394
0
4522
4462
0
0
0
4570
4542
4466
0
0
4466
4466
4462
4557
4542
0
4462
951
4557
0
4542
4522
0
0
4508
0
4557
4439
4462
4508
4508
0
4542
4466
0
4542
0
4542
4466
0
4466
0
4440
4546
0
4462
0
0
0
4546
0
4508
4557
0
4557
4542
4542
0
4511
0
4542
4542
4508
4462
0
4546
4601
4601
4601
4557
4601
4601
5328
4601
4557
4601
4601
4601
0
4508
561
4601
4601
5424
4601
4601
4601
909
4601
4601
4601
4601
4788
4462
4788
598
4601
4601
4601
4462
4557
4601
4601
4601
4601
4601
4601
4601
4601
4601
4601
4601
4601
4601
4601
4601
561
4462
4601
4601
4557
4788
4601
909
4601
4601
4601
4601
5424
4508
4601
4462
4601
4601
5424
4557
4601
4557
4601
4601
4601
4601
4601
4601
4788
4601
5424
4508
4601
4601
4462
4601
4601
4601
4601
598
4557
4601
4788
4788
4788
4788
4788
4788
4788
598
4788
4788
4788
4788
4788
4788
4900
4788
4788
4788
4788
4788
4788
4788
598
4788
4788
4788
4788
4788
4788
4788
4788
4788
4788
4788
4788
4788
4788
4788
4788
4601
4788
598
4788
4788
4788
4788
4788
4601
4788
598
4788
4966
4788
4788
4788
4788
4788
4788
4788
4788
4788
4788
4788
4788
4788
4788
4788
4788
4788
4788
4788
4788
4788
4788
4788
4966
4788
4788
4788
4788
4788
4788
4788
4788
4848
4966
4788
447
4788
4601
4788
4601
4788
4788
4788
4788
4788
4788
4788
4788
4788
4788
4788
4788
4788
4788
4966
0
4788
4788
4788
4601
4788
4788
479
4788
4788
4788
4788
4788
4788
4788
4788
4788
4788
4788
5021
5021
4874
4966
0
5020
4848
5020
5020
270
5021
4900
0
4966
4966
4900
4848
4912
0
5020
4900
4966
0
0
0
4848
5051
0
0
0
4848
5021
5051
5020
0
4999
5012
0
4848
5200
5020
0
5021
4900
5021
5020
4848
5021
5021
4946
5020
0
4848
4922
4900
4848
4858
4966
5021
5021
4966
4834
0
4858
4848
0
0
0
0
5021
4946
4848
4900
5021
4848
5021
5020
4966
0
0
4912
5021
4848
4900
5020
5020
4825
5020
5020
5021
5021
0
5021
0
5021
4900
5020
4966
4912
5020
4966
5021
0
4900
4966
0
5200
0
5020
4966
0
4900
5020
0
4848
0
4848
4848
5020
4942
5021
4848
5020
4948
4848
5021
0
0
4941
5021
5020
4848
5021
0
0
0
5021
5020
4966
0
4966
0
5020
0
4848
0
5029
5051
5020
0
4848
0
5021
4900
5021
4900
5020
0
4848
0
5021
5021
0
4874
5022
4869
5021
4900
0
0
4900
4848
4848
4848
4999
5021
0
5020
5021
5021
5020
5020
0
4848
5020
4848
5020
4942
4848
4952
4966
5020
0
4858
4834
0
4848
5021
4946
0
4966
0
5020
0
0
0
5021
0
4933
0
4900
4942
5020
0
0
0
4966
0
4966
4966
4966
4966
0
5020
4966
4900
4836
4900
5020
4848
4900
9842
5051
5082
0
9842
0
0
5210
5200
5051
0
5051
5080
0
5200
5108
5051
5051
0
5051
0
0
5200
9842
0
5200
9842
9783
0
0
5199
5056
0
5210
0
5186
4831
5051
0
9842
5186
0
0
5184
0
0
0
5051
5082
5241
0
5186
0
5186
5210
5186
5200
5127
5051
0
5200
5141
0
5051
5114
5051
5224
0
5200
5186
0
5210
5082
5051
5200
5200
0
5200
5082
0
0
5200
5186
5186
5051
0
0
0
0
0
0
5186
9842
5200
5200
5186
5210
5186
0
9842
5186
0
5186
0
5072
5210
5210
5051
5186
9842
5200
5186
5210
5200
5209
5051
9842
5186
5072
0
0
5210
5051
5200
9842
5118
5186
0
5210
5210
9842
5006
9783
5051
5200
5210
5186
5123
5210
9783
9842
5186
5200
5186
5210
9783
0
0
0
5210
5200
5200
5080
0
5082
5210
0
5210
5082
5200
5200
0
0
9842
5186
5200
5051
5051
5191
5051
5200
0
0
5127
5051
5051
0
5186
5210
5200
5186
5186
5051
5200
9842
5136
0
5082
0
5210
5051
5076
5200
0
5186
5200
5210
5051
0
5210
5051
5210
5186
0
5210
5210
0
0
9842
5186
0
5124
5210
0
5051
5328
5328
5328
5328
5328
9328
5328
5328
5210
5328
5328
5328
5328
5328
5328
5328
5328
5328
5328
5328
5328
5328
5051
5328
5051
5328
5328
5051
4788
5328
5328
5328
5328
5328
5328
5328
5328
5328
5328
5328
5328
5328
5328
5328
9678
5051
4788
5328
5328
5328
5328
5328
5328
4788
5328
5328
5328
5328
5424
5328
5328
4788
5328
5328
5328
9652
5328
5328
5328
9783
5328
9678
5051
9678
5328
0
5328
5328
9328
5328
9678
5328
9783
5328
5328
5328
9678
5328
5328
5328
5328
9783
5328
9328
5051
5328
5328
5328
4788
5328
5496
5424
5424
5424
5424
4462
9498
5328
5424
5496
5424
5424
5424
5424
5424
5424
5424
9328
5424
5424
9328
5424
5424
5424
4462
4601
5424
5424
5328
5424
5424
5328
5424
5424
5424
5424
5328
5424
5424
5424
5424
5424
5424
5424
5424
5424
5424
5495
5495
5424
5424
5424
5424
5424
9328
9328
5424
5574
9328
5424
5424
5424
5424
5424
5424
5328
5424
5424
5424
5424
5424
0
5424
5424
5424
9328
5424
5424
9328
5496
5424
5424
5424
5424
5424
4601
5424
5424
5424
5424
5424
5424
5424
5424
9103
0
5599
5495
5531
0
5495
5627
0
5495
5495
5515
0
0
5574
5496
5496
5574
5531
0
5586
0
5574
5495
5574
5531
5496
0
5486
5578
0
5486
5531
9224
0
5486
0
5495
5486
0
9224
5593
0
0
5496
5627
5495
5574
0
0
0
0
0
0
0
5486
0
5627
9224
5531
5627
0
5495
5578
5501
0
5495
5496
0
0
5599
5574
5588
0
5531
5495
9224
5486
5495
5486
5574
5486
0
5497
0
0
5574
0
5495
5574
5620
5627
5574
5577
4462
5501
5496
5495
5627
0
9224
5627
5515
0
0
5627
4462
5486
9224
5627
5574
5633
5574
5496
5574
9224
0
5486
5531
5486
5627
0
5486
5486
5497
9224
4462
0
5627
5578
0
0
5495
5574
9224
5593
9224
0
0
0
5486
0
5620
5477
5477
5495
0
0
0
5627
5495
5627
0
0
0
5495
5495
5424
0
5574
5531
5574
5495
5496
9224
0
0
5627
5486
5515
5574
5486
0
0
0
5627
5490
5627
0
9224
0
5647
5460
5486
0
9246
0
4450
5531
5574
0
5486
0
5574
5515
5486
5495
5495
9103
5495
0
5486
5495
5495
5764
8918
5764
5764
5764
8883
8883
5764
8918
5764
5486
8883
8918
5764
5764
5764
8883
8918
5764
8883
5764
5764
5764
5764
5764
5764
5764
5764
5764
5764
5764
5764
8918
5764
5764
5764
5764
5764
8883
5764
5764
8883
5764
8883
8883
5764
8883
5764
8918
5764
5764
5764
5764
8883
5764
8883
5764
5764
5764
5764
5764
8883
5764
5764
5764
7934
5764
5486
8883
5764
5764
5764
5764
5764
5764
5764
5764
5764
5764
5486
5764
5764
5764
5764
5764
9224
5764
8918
5764
8883
5764
8883
5764
5764
8883
8883
8883
8883
8883
5764
5764
5764
5764
5764
5764
5764
5764
5764
5486
5764
5764
5764
5764
0
5764
5764
5764
5764
5806
5806
5806
8437
5806
5806
5928
5928
5806
5806
5806
4254
5928
5806
5806
5186
5806
5898
5186
8437
5806
5928
8437
5806
5806
5806
5806
5806
5806
5806
5200
5806
5806
5806
5806
4254
5928
0
5200
5806
5806
4254
8448
5186
5186
5806
8448
5898
5928
5200
8437
5928
5806
5186
5806
5200
5806
5186
5806
5806
5200
5806
5806
5806
4254
5186
5806
5806
5186
5806
5806
5186
5200
5186
5806
5806
5928
5806
5806
5928
5806
5200
5200
5186
5200
5928
5806
5806
5806
5186
5186
5806
5806
5806
5806
8448
8448
8437
5186
8448
5806
5200
5200
5806
5806
5806
5806
5806
5928
5200
4254
5806
5806
5806
5898
5186
5806
5898
5898
5898
5898
5898
5928
5898
5928
5928
5898
5928
6599
0
5898
5898
5928
5898
6599
5898
5898
5898
5928
5928
5898
5898
5928
6599
5928
5928
6599
6599
5928
5928
5898
5898
5928
6599
5928
5898
5928
5928
5806
0
5928
5806
6599
5898
5898
5928
5928
5898
6599
5898
6612
6599
5928
6599
5898
6599
5898
6599
5928
5898
5806
5928
5928
5898
5898
5898
5898
6612
5898
5928
5928
5898
5806
5928
5898
5928
6612
6612
5806
5898
8381
5806
6599
5928
5898
5898
5928
5898
5898
5928
5898
6599
6612
5898
5928
5898
5898
5928
5898
5898
5898
6599
5806
5928
5928
6599
5898
5898
6069
7806
6098
6069
6069
6069
6069
6069
6069
6069
6069
6069
6185
6069
6069
5764
6069
7865
7631
6069
6069
6069
7806
6185
6069
6098
6069
6185
6069
6069
7934
6069
6069
7934
7865
6069
6069
6098
6069
6069
6069
6069
6069
6069
6069
6069
6069
6069
6069
6069
6069
6069
7934
6069
6069
7934
6185
6069
6069
7934
6069
6069
6069
6069
6098
6098
7934
6069
6069
6069
7806
6069
0
6069
6185
6098
6069
7934
6069
6069
6069
6069
6185
6069
6069
6069
6185
6069
6069
6098
6069
6069
6069
6069
6069
6069
6098
6069
7865
5764
6185
0
6185
0
0
6243
6233
6244
6243
0
6243
6233
6244
6185
0
7631
0
7631
6098
0
6243
0
6098
6233
6098
6185
6244
0
0
6302
6098
6185
6244
0
0
0
6244
0
0
0
7625
0
6098
6243
6098
6098
6244
6185
6233
0
6185
6185
6185
0
0
6233
0
0
6185
0
6098
6098
6244
6233
6185
6243
6185
6098
0
6233
0
0
6273
0
6302
6244
6185
6185
6185
0
6233
6243
6233
6243
6185
6244
6243
6233
0
6098
6233
0
0
6185
0
6098
7631
6098
6185
6098
6245
6243
0
0
0
6231
0
6098
6098
6243
6098
6098
6185
6185
6260
6098
6185
6248
6244
6243
6244
6243
6243
6185
0
6165
6185
6243
0
0
0
6233
0
6243
0
6243
0
6244
6098
6250
6233
6244
0
6243
7610
6243
0
0
0
6188
6244
0
6185
0
6098
6233
6278
0
7631
6243
6244
6069
6302
0
0
6243
6244
6243
6098
6098
0
6185
6098
6098
6185
6185
0
0
6098
6098
6233
0
6244
6134
0
6069
6098
3856
6098
6244
6244
6185
6293
0
0
6185
0
0
6233
6185
0
7631
0
6231
0
0
6243
6414
6346
6346
6346
6346
6414
7330
6346
6243
6414
6233
6414
6346
6414
6346
6414
6346
6346
6346
6346
6346
6414
6346
6346
6346
6414
6414
6414
6414
6346
6414
3698
6414
6346
6346
6346
6414
6346
6346
6346
6233
6346
0
6233
6346
6346
6346
6346
6346
6346
6346
6346
6414
6346
6243
6346
6414
6243
6414
6346
6346
6414
6346
6346
6414
6346
7373
6346
7330
6346
6346
6346
6346
6346
6346
6346
6346
6346
6233
6346
6346
6414
6243
6346
6414
6346
6346
6346
6346
6243
6346
6346
6243
3698
7330
6233
6414
6414
6346
6346
6414
6346
6414
6346
6346
6346
6233
6511
6414
6511
0
6511
6346
6511
6511
6511
6414
6511
6511
6511
6414
6511
6704
6511
6511
6511
6414
6346
6511
6511
6511
6511
6414
6511
6511
6511
6414
7237
6511
6511
6414
6346
6511
6511
6511
6414
6511
6704
6511
6704
6511
6511
6414
6511
6414
6511
6511
6511
6511
6414
6414
6511
7074
6414
6511
6511
6414
7237
6414
6414
7237
6511
6414
6511
6511
6511
6414
6511
6511
6511
6511
6511
6511
6414
6414
7237
6511
6414
6511
7237
6511
6511
6704
6511
6511
6511
6511
6511
6414
6511
6511
6511
6511
6620
6346
6511
6346
0
6414
6414
6511
6511
6511
6511
3610
0
6511
0
6599
0
6599
6599
6686
6612
6511
6612
6787
6704
6599
6620
6666
6599
6616
6612
6704
6704
6704
6704
0
6704
6704
6511
6704
6704
6610
0
6585
6511
6594
6620
0
3476
0
6612
6599
6635
6511
6599
0
6612
6599
5898
6704
0
0
6620
0
6624
6612
6562
6704
6599
6704
0
0
0
6594
6704
6599
6521
0
0
6964
0
6612
6843
0
0
0
6643
0
0
0
6585
6599
0
6704
0
6599
6704
0
6716
0
6716
6612
6709
0
6704
0
6610
6612
0
0
6599
0
6704
0
6704
0
6686
0
0
6716
6599
6673
6686
6612
6704
6716
0
0
0
6599
6612
6704
0
6702
6700
6579
0
6612
6599
6599
6599
6713
6687
6620
0
6511
6554
6704
6684
6599
6704
0
6599
6704
6612
6599
6704
6612
0
0
6716
6599
0
6704
6612
6716
0
6612
0
6964
0
6704
6511
6666
6704
0
5898
0
0
0
0
0
6612
0
6704
6612
0
6599
0
6612
6964
6511
6620
0
6599
0
6612
0
6690
0
6599
6716
0
6612
6624
6599
0
6706
0
0
0
0
6746
0
6843
6964
6843
6758
0
0
7047
6964
6781
0
6917
6843
0
6998
6871
6783
6952
6955
6781
6843
0
7010
6815
7010
0
0
0
6843
0
6741
6955
6942
6758
6949
6843
6917
0
0
0
0
0
0
6917
6825
0
6917
0
7016
7010
6925
6843
0
0
6952
6761
6917
6773
6864
6843
6908
0
6835
0
6810
6864
8169
0
0
6835
0
0
0
6905
6871
6917
6864
6843
6871
7015
6946
6843
6835
6917
6864
0
6843
0
6843
6917
0
0
6838
0
0
0
6758
0
0
8281
6758
6871
0
6961
0
0
0
0
0
6772
6864
6864
0
0
6864
0
7176
0
0
6917
0
0
6758
0
0
6758
0
0
0
6864
0
0
0
6942
6758
6864
6889
6864
0
6864
6925
6843
7023
0
0
6944
6917
0
0
6864
6925
0
6746
0
6864
6953
0
6843
0
6917
0
6843
7010
6989
0
6864
6864
0
6917
0
6758
0
7010
0
6843
6917
6905
6964
6925
6843
6964
6871
6964
7010
6761
0
0
0
0
0
6864
0
7018
6917
0
6843
6871
0
6519
6914
6813
0
0
0
6993
0
0
0
6760
8381
0
6864
0
0
6925
0
6843
6758
0
6996
0
0
0
6864
0
6833
0
6818
7052
0
6944
0
0
0
6758
0
6964
8277
6871
6864
0
0
6758
0
0
6741
6964
6964
6871
7026
0
0
0
0
6884
0
6843
6876
6864
0
6864
0
6843
7010
6758
0
0
0
0
0
6843
6843
6964
0
0
6878
0
6964
0
6964
0
0
6917
0
0
0
6843
6864
6864
8235
0
6871
7015
6828
6864
0
0
6758
0
6871
0
7010
6964
0
6765
0
0
6917
6702
7020
6864
0
0
0
6998
7128
0
7181
7226
0
0
7308
7226
7226
7201
6414
0
0
7167
7201
7308
0
0
7308
0
7223
7308
7046
7195
7201
7223
0
0
7223
7090
7223
7226
7074
7201
7237
7237
0
7074
7237
0
7308
7201
7201
7227
6758
7237
0
7226
0
7223
7223
7241
7074
0
0
0
7223
0
0
0
6414
7201
7226
7237
0
7074
7201
7201
7308
7223
0
7226
7237
7237
6414
7201
0
7226
7226
7237
7201
7308
7308
7237
0
7195
7237
7227
7074
0
7171
7201
0
0
0
7201
7308
7201
7223
7201
0
0
6758
7226
7201
0
7241
7088
7129
0
6414
7201
7237
6833
7201
7223
7052
7201
7191
7074
7237
7308
7201
7201
7237
7237
7201
7223
0
7074
7308
7237
0
0
7201
7201
0
7223
7308
7201
6414
0
7237
7226
7074
7201
0
0
0
7226
7237
7308
7237
7135
7119
7119
0
7226
7167
7201
0
7226
7223
7231
0
6414
0
7223
0
7201
7237
7124
7308
0
7237
7201
6758
7074
7237
7226
7223
7308
0
6414
7308
7241
7308
0
0
0
7237
0
0
7226
7201
0
0
7074
0
7201
7090
7223
0
7237
7074
7223
0
7373
7373
7300
0
7226
7300
7373
7308
7308
7300
7300
0
0
0
7330
7422
7301
7308
0
0
7300
7300
7373
0
0
0
7267
7373
0
0
7226
7511
7344
0
7422
7321
7372
7300
7330
7300
7300
7373
7330
7330
0
7300
7300
0
7300
0
7422
7330
0
0
7330
7330
7422
0
0
0
0
0
7308
7373
7373
7373
0
7377
0
7373
0
7301
7302
7330
7245
7300
7373
7226
7330
0
7308
7226
7422
6414
7422
0
7301
7300
0
7373
7226
7697
7308
0
7291
7245
7308
0
7373
0
0
7330
0
7308
7615
7373
0
7300
7226
7266
0
0
0
7330
7422
7308
7373
0
7373
0
0
7422
7300
7300
7260
7422
7422
7308
7373
0
0
0
7400
0
0
0
0
0
7422
7330
7308
6414
7330
7422
0
7461
7416
7295
7422
7330
7422
6414
7373
0
0
7300
7422
7422
0
7330
7308
0
7422
6243
7300
7330
7697
7373
7330
7373
7299
7330
6414
7330
0
7226
7267
7226
7422
0
0
7330
7373
0
0
7294
7422
0
7373
7226
0
7546
7330
0
0
0
0
0
7631
6243
0
0
0
0
7631
7712
7511
0
0
0
0
7697
0
7631
7503
7691
0
0
7443
0
0
0
6243
7633
7631
7712
7571
0
7461
7591
0
7631
7443
7662
7631
7591
0
7603
7631
7614
0
7712
7691
7604
7469
6188
0
0
0
7712
7660
0
7631
7697
7560
0
0
7591
7712
0
7697
0
7697
7604
7557
0
0
7688
7631
0
7625
0
0
7443
7598
0
7631
7625
7691
0
0
7631
7691
0
0
7726
7697
7697
7443
0
6243
0
7631
0
7631
0
0
7712
0
0
0
7558
0
0
0
0
0
7599
0
0
7631
0
7596
7717
7625
0
0
0
0
6243
6243
0
7591
0
7443
7712
7698
0
0
0
7625
7631
0
0
7697
6229
7631
7625
0
0
0
0
0
7806
7631
7697
0
0
7697
0
7712
0
7443
0
0
0
0
0
0
7712
7712
0
0
7443
7591
0
0
7631
0
0
0
7700
0
0
7631
0
7697
7683
7717
7591
7691
7591
0
0
7545
0
7300
7631
0
0
0
0
7718
7625
0
0
0
7443
0
0
6146
7330
0
6243
7591
7452
7697
7547
0
0
7395
0
0
0
0
7503
0
7625
0
7631
0
0
7299
7580
0
0
7563
7697
0
0
0
7603
7531
0
7603
7697
0
7631
7703
0
0
0
0
7451
7625
0
0
0
0
0
7603
0
7591
7631
0
0
0
0
0
7625
7712
0
7511
0
7591
7625
7443
0
7684
0
0
0
7688
7517
7575
0
0
7697
7589
0
7330
0
0
7461
0
0
7866
7897
7934
7905
0
9023
9023
7806
7744
7882
7806
7934
7865
7833
0
9023
0
8044
7876
9023
0
0
7876
9023
7882
7889
8044
7806
7748
7847
7934
0
7882
7806
7833
7806
7934
7886
7882
0
7929
7833
0
7934
7833
0
7865
7865
7865
0
0
7921
8044
7882
7802
7841
7806
7748
7882
7934
7806
7833
7865
0
7865
7822
0
7833
7806
0
7882
7833
7882
0
0
7833
7865
0
0
7882
7865
0
0
7882
7865
7865
9023
0
7934
7865
7865
7806
7806
7934
0
7833
0
9023
7882
0
7865
7833
7806
7833
7882
0
7865
0
7806
7806
7806
7865
7934
0
0
0
8044
9023
7569
0
7631
7806
7934
0
7934
7732
7806
0
7806
7939
7843
7865
0
7939
0
7833
7865
0
0
7865
7806
7929
8044
7810
7865
7809
0
7882
0
7886
9023
7865
7934
7806
0
0
0
7773
0
7927
8044
0
7833
7806
0
7882
7732
7934
8044
0
7882
7865
7882
7929
7833
7806
7865
0
7883
7806
0
7833
7631
7905
9023
0
7865
7833
7866
7934
7934
7934
0
0
7865
7865
7806
7934
7862
0
7860
0
7631
0
0
7865
0
0
7833
0
7806
0
8044
8044
8044
8044
8044
8044
8158
7422
8158
8044
7300
8044
8044
7882
8044
8044
8044
8044
8044
8158
8044
8044
8044
7422
8044
8044
8044
8044
8158
8044
8044
8044
8044
8044
8044
8044
7308
8044
8044
8044
8158
7308
8044
8158
7422
8044
8044
7300
8044
8044
8044
8044
7300
8044
8044
8044
8044
8044
7422
8044
8044
8044
8044
8044
8044
8044
8158
8158
7882
8044
7300
8044
7422
8044
8044
7422
8044
8158
7422
8044
8044
8044
8044
7308
8044
8044
7422
8158
8044
7422
7882
8044
8044
7308
8158
8044
8044
8044
8044
8158
7422
8044
8044
8044
0
8044
8044
8044
8044
8158
8044
8044
8044
8044
8044
9023
8044
8044
8044
8158
7223
8158
8158
7223
8158
8158
8158
8158
8306
8158
8158
8265
8158
8265
8158
8229
7201
8158
8158
6917
8306
8158
8158
8158
7201
8158
8158
8158
8229
8158
7201
8158
8158
8158
8158
8158
8158
8158
8158
8229
7308
8158
8229
8158
8158
8158
8158
7201
8265
8229
7201
8229
8158
7201
8158
7201
8158
8158
8158
8158
8158
8158
8158
8158
8158
8306
7201
7308
7201
8158
8158
8306
7201
7201
8158
8158
8265
8158
7201
8158
8158
8306
8158
8306
8265
8158
8265
8158
8158
8158
7201
8158
8158
8158
8158
8158
8158
8158
0
7201
8272
8306
8306
0
8170
8272
8265
8187
8354
0
0
8229
0
8272
8381
8265
8306
8354
8272
0
6760
8272
8235
8272
8306
8228
8229
0
8354
8223
8265
8306
8272
8213
8265
6917
8354
8306
8229
0
8229
8306
0
0
8306
8306
6917
0
8265
8229
0
8265
0
0
8265
8381
8228
0
0
8272
0
0
8235
0
8381
8354
8272
8381
0
0
0
8281
8300
8306
8229
0
0
8306
5928
8265
8381
8354
8229
8306
8444
8354
8229
8313
0
0
8306
8354
8187
8272
8381
8265
5928
0
8229
8300
0
8306
0
0
0
0
8354
8381
0
0
8265
8354
0
8229
8265
8272
7010
0
8229
8229
6917
0
8235
8229
0
8229
8381
8297
8265
5928
8302
8229
8272
8265
8265
8354
8265
0
8354
8438
0
8265
0
0
8381
8354
0
8268
0
8272
8163
0
8272
0
0
0
8386
8306
5928
8306
8229
8265
6917
8381
8218
0
8229
8170
8306
5928
8229
8265
8263
8229
8265
8272
8370
8229
8265
8448
8212
8381
8265
8325
8354
8263
8354
0
8354
8354
8272
0
8368
8361
0
8354
8218
8306
8265
8265
5928
0
8272
8272
8354
0
8229
5928
0
8265
0
0
8229
8272
8354
0
8272
7010
8468
8172
8229
0
8265
8354
8277
8229
0
8354
5928
8172
8272
8202
8448
8448
8470
8502
9875
0
8696
8470
8470
8448
8438
8448
8534
8502
9986
8491
8438
8418
8220
8448
0
8470
0
0
0
0
0
8438
0
8448
8437
8496
0
8470
8437
8437
0
0
0
8437
0
8448
8470
0
8438
0
0
8448
0
8502
8448
8448
0
8502
8555
0
0
8569
8502
0
8448
8502
8470
8502
8502
0
8502
8555
8448
8470
8502
9866
8437
8438
8560
0
0
8448
0
8448
8437
8555
0
8470
8448
8448
8448
0
8438
8470
8502
0
0
9866
9866
8470
0
0
8448
0
0
8306
8448
8437
0
8269
8448
0
0
8470
0
8470
8448
8502
8502
0
8696
8470
0
8502
8484
8438
0
0
8437
8563
8437
0
8437
0
8502
8375
9866
9875
8502
8448
0
8470
8540
8467
8484
0
0
9875
8448
8437
8502
0
0
8492
0
8448
8437
8502
8448
8470
8502
5928
8502
0
8437
8484
0
0
8470
8470
0
8438
0
0
0
0
8437
8437
8448
8448
8437
0
8470
8448
8470
8502
8438
8448
0
0
8489
9875
0
0
8470
9875
8448
0
8437
0
8448
8437
8696
8696
8696
8158
8696
8158
8696
8696
8696
8158
8696
8696
8696
8696
8696
9614
8696
8158
8158
8696
8696
8696
8158
8696
8696
8696
8696
8807
8158
8696
8158
8696
8696
8696
8696
8696
8696
8696
8158
8696
8696
8696
8438
8807
8696
8696
8696
8696
8696
8696
8696
8696
8158
9614
8696
9614
8696
8696
8696
8158
9614
8696
8158
8158
8696
8696
9875
8158
8696
8696
8158
8696
8807
8696
8807
8696
8158
8696
8696
8502
8438
8696
8158
8696
8696
8158
8696
8438
8696
8807
8807
8438
8696
9614
8696
8696
8696
8696
8696
8696
8158
8696
8696
8696
8696
8158
0
8696
8696
8696
9614
8696
8696
8696
8807
8807
8807
8807
8807
8807
8807
8807
8807
8807
8807
8807
8807
8807
8807
8807
8807
8807
8807
8807
8807
8807
8807
8807
8807
9388
8807
8807
8807
8807
8807
9388
8807
8807
8807
8807
8807
9388
8807
8807
8807
8807
8807
8807
8807
8807
8158
8873
9614
8807
8807
8807
8807
8158
8807
8044
8807
8807
8807
8158
8807
8807
8807
8807
8807
8807
8807
8807
9484
8807
8807
8807
8807
8807
8807
8807
8807
8807
8807
8807
8807
8882
8807
8807
8807
8807
8807
8807
8807
8807
8158
8807
8807
8807
8807
8807
8807
8158
9388
8807
8807
8044
9614
0
8807
8807
8044
8807
8807
8918
8946
0
8883
8918
0
8979
8946
8883
0
8946
8873
8867
8950
8950
8873
8883
0
8918
8942
0
8918
7934
0
8882
8883
8882
9004
9023
8981
8882
0
8873
8918
8946
0
0
8882
8985
7929
8883
8882
8946
8918
8860
8873
7934
0
7934
8946
8882
8882
8918
7934
0
0
8918
8873
8885
8950
0
8883
8946
8987
9291
0
8848
9012
8950
0
0
9004
0
9054
8885
8918
8964
8918
0
8918
8912
0
8882
0
8873
7934
0
8946
8882
8807
8883
0
8882
8938
8946
8946
8882
0
8931
0
8918
0
8883
8933
8882
0
8946
9012
7773
7934
0
8883
8949
0
8918
0
8883
8946
0
0
0
8918
7748
9023
0
0
0
8946
8918
0
8882
8882
0
0
8807
8882
0
0
8946
8946
8873
8987
8946
7748
8946
0
8950
8918
9023
8867
8873
0
8873
8873
0
8950
8918
8873
0
8918
8882
8918
8958
7884
0
0
0
8882
0
8918
8918
8807
0
0
0
8899
8918
0
0
0
8932
9023
8883
9023
8918
8918
8882
9291
8946
8807
8883
0
8873
8946
8882
8882
8873
8873
8918
0
0
8950
8882
8873
8918
8883
8918
8946
8918
9023
0
8882
0
8918
0
8868
9222
9103
9291
9245
9283
0
0
9222
0
9183
0
0
0
0
9116
9217
0
0
9264
9079
0
9217
9235
0
0
0
9116
9295
0
0
9201
9283
9245
9224
0
9246
0
0
0
9259
0
0
9245
0
0
0
0
9046
0
9249
0
0
0
9222
0
0
9012
0
0
9245
0
9283
9066
0
9035
9144
0
9283
0
0
0
9173
0
9224
0
9208
9153
0
0
9291
9314
9291
9224
9035
0
9222
8883
0
9283
0
0
9045
9283
9217
9290
8883
0
9146
9217
9245
9224
0
0
0
0
9452
9162
0
9245
9281
0
0
9245
9282
0
0
9098
0
9103
9245
9285
9291
8883
0
0
0
9224
9245
9428
0
9103
9075
0
0
9224
9116
0
9103
9259
9153
0
9245
9245
9089
0
9291
9103
9222
9224
0
9283
9245
9245
9103
0
9139
9278
9049
9087
9282
9065
9049
0
9207
0
0
9097
8848
0
0
9288
0
0
9217
9144
9245
9222
0
0
0
0
9079
0
9282
9372
9314
9207
0
0
0
8883
9084
0
0
9291
0
9243
9243
0
9197
0
9245
9222
0
9317
0
0
9162
9103
0
9224
9103
0
9217
0
9217
0
0
9311
9173
0
9054
0
9217
0
9224
8891
0
9291
0
0
0
9245
0
9217
0
8883
9291
9103
9282
9049
0
9258
9103
9217
0
9072
9222
0
0
0
9217
0
0
0
0
0
0
9217
0
0
0
0
0
9107
9291
0
0
0
9097
9073
9084
9245
0
9103
0
9314
9311
9070
0
9201
9224
0
9217
9314
0
9283
9217
0
0
9224
9217
0
9283
9330
9358
0
9484
0
0
9484
0
9358
9328
9498
9388
9498
9358
9349
9358
9484
0
9498
9484
0
9358
0
9358
9498
0
0
9358
9388
9388
9503
9498
9388
9484
9498
0
9505
9498
9484
9103
0
9498
0
9484
0
0
9503
9484
0
0
9498
0
9103
0
9498
0
9327
0
9311
0
9103
9283
9484
0
9388
0
0
9498
9283
0
9283
0
0
0
9283
0
0
0
9484
9358
9327
9328
0
9412
9498
9348
9283
9600
9484
0
9498
9498
9388
9283
9103
9328
9505
0
9484
9283
9358
9484
9358
9498
9283
0
0
0
9103
0
9328
9103
9498
0
0
9328
9498
9358
9388
9328
9103
9498
9103
9358
9376
0
0
0
9614
0
9614
0
9452
9283
9498
0
9283
9327
9283
9388
0
9498
0
0
9484
9358
9283
9358
9484
9283
9484
9365
0
9485
9103
9498
0
9368
9484
9358
9484
0
0
9614
0
9498
9103
9328
9498
9358
0
9368
9498
9484
9614
0
9498
9348
9388
0
0
9358
0
9394
9358
0
9695
0
9678
9665
9695
9647
9652
0
9608
9711
8696
9388
9652
9614
0
9614
9652
9652
9539
9678
9678
9678
0
9652
9608
9695
0
9647
9695
0
0
9547
9678
9678
9614
9647
9695
9695
0
9614
9695
9652
9652
9652
0
0
9695
9695
9652
9647
9328
0
0
9678
9614
9561
9652
9652
9695
9652
0
9678
9652
9652
0
9718
9652
9652
9553
0
8696
9695
9673
9614
0
9652
9675
9573
9613
9695
9652
9647
9695
9958
0
0
9539
9614
9619
9630
9614
0
9647
9695
0
9695
0
9673
9647
0
0
8696
9875
0
0
0
9652
9678
9554
0
0
9647
0
9652
0
9678
0
0
0
9619
0
0
8696
0
9647
9516
9695
9678
9678
9328
9652
9695
0
9678
0
0
9647
0
0
0
9718
9695
9619
0
9539
9613
9678
9652
9665
9675
0
9647
9695
9652
9695
0
0
9614
9678
9678
0
9695
9614
9678
0
0
0
9695
9539
0
9652
9614
9652
9619
9678
9328
9678
9695
9678
9328
9652
0
9647
9647
9678
9678
0
9510
0
9678
0
0
9614
9594
9665
9718
9678
9614
8696
9695
9614
0
0
0
9678
9652
0
0
9711
0
9652
9647
9678
0
9328
9695
9695
9842
9925
9875
0
9764
0
9875
0
0
9783
9842
0
0
9925
9875
9958
0
0
0
9866
9731
9986
0
9842
9809
9866
9883
9678
9695
9842
9874
9842
9842
0
9875
9809
9783
9859
0
0
0
9842
0
0
0
9842
9874
9997
9765
0
0
9842
9886
9842
9675
9875
0
0
0
0
0
9875
9875
9995
0
0
0
9842
0
0
9958
9678
9958
0
9958
9997
0
9889
0
9949
9842
9695
9842
0
0
9997
0
0
9875
9997
0
0
0
0
0
0
9874
0
0
0
9875
0
0
0
9783
0
0
9866
9925
9866
0
0
0
0
0
0
0
9983
9875
0
9874
9875
9997
0
0
9875
9997
9783
0
0
9875
0
9874
0
0
0
9875
0
0
9783
0
9866
9883
0
0
9995
5224
9783
0
0
0
0
9869
9875
0
0
0
0
9818
0
0
9783
0
0
9874
0
9997
9809
9818
9875
9866
0
9874
0
9881
9810
0
0
9866
0
9818
9809
9997
9842
9812
9997
9849
0
0
9842
9866
9997
9997
0
0
9842
0
9784
9783
0
9842
0
9997
9766
0
0
0
9866
9925
8437
0
0
0
9953
9678
9792
0
9997
0
0
0
0
9866
0
9979
9866
9997
0
0
0
9729
0
0
8437
9997
0
9958
9997
9997
9882
9838
9875
9986
9783
9783
9874
0
0
9842
0
9875
0
0
0
0
0
0
0
9885
9842
0
9866
9997
9783
9874
0
9842
9695
9842
0
9997
0
0
9997
