0
447
0
0
4900
263
4900
0
0
12
0
436
0
58
122
0
0
0
379
3
74
116
3
138
0
172
3
0
0
78
267
3
124
12
1404
0
12
0
0
0
0
93
58
212
447
4900
208
80
74
1507
12
0
94
263
12
3
161
277
0
24
261
0
208
261
0
155
261
0
0
447
153
362
0
0
0
0
0
362
0
0
0
3
3
12
0
0
0
0
185
116
3
261
0
0
0
0
5010
0
267
230
0
92
0
4900
194
0
147
0
0
1406
0
261
4886
0
0
94
0
263
0
0
0
267
0
231
0
16
0
244
5021
261
0
293
0
0
4872
12
12
4900
0
185
0
0
12
4900
3
196
173
0
261
267
118
0
194
0
0
0
261
108
261
0
447
0
0
261
272
5021
0
0
17
105
242
447
0
0
12
362
0
263
194
220
0
447
0
267
4900
0
0
0
0
51
268
167
0
3
0
4900
0
220
12
3
38
12
0
3
281
267
228
0
0
3
0
12
0
338
0
173
97
0
267
161
0
261
263
261
0
261
3
0
0
3
0
0
124
4900
0
261
0
0
138
267
124
0
0
4900
0
0
4900
267
37
0
5010
0
0
16
3
261
0
293
5021
3
0
0
3
0
85
0
0
0
0
12
0
0
0
72
338
0
0
0
12
113
12
0
3
261
0
0
0
244
369
0
208
598
441
0
479
598
474
598
176
441
441
0
598
369
0
441
390
0
441
1297
441
598
347
569
1284
0
362
0
369
0
0
415
0
369
598
441
0
319
0
598
479
369
362
0
479
362
479
97
0
362
598
0
0
598
0
362
489
0
479
362
598
369
0
362
560
338
411
369
4788
420
598
441
0
417
0
362
441
369
479
0
598
0
38
0
489
477
489
0
441
0
411
362
489
369
598
447
0
479
441
441
0
0
489
341
441
489
479
1297
441
0
489
0
598
598
441
489
362
328
447
598
477
0
369
598
479
0
598
0
0
479
0
0
489
489
1297
0
362
447
598
598
415
347
479
371
0
362
0
0
0
0
489
0
362
369
479
369
0
0
208
362
0
369
598
450
0
369
598
0
369
441
479
479
0
304
0
447
362
479
420
489
0
437
1297
0
0
447
362
0
338
0
1297
411
479
1284
0
909
657
586
567
0
596
1284
618
0
598
561
819
0
561
561
530
545
0
596
0
596
657
927
627
0
657
657
0
665
0
596
561
561
657
618
0
575
596
509
598
665
561
489
596
596
0
660
1284
596
0
618
657
1284
489
0
598
560
596
489
561
0
598
561
657
618
598
656
909
0
909
0
598
0
0
0
0
0
561
909
638
622
561
0
598
0
909
0
561
555
489
0
660
909
598
0
909
622
657
704
596
665
0
561
446
561
1284
665
598
657
596
598
0
618
0
598
657
567
618
665
819
819
0
660
1284
0
596
567
0
0
598
618
575
489
0
598
596
618
0
0
609
909
652
0
618
4601
657
489
561
598
561
364
596
909
0
657
657
748
4601
0
596
0
598
561
0
1284
909
561
0
489
484
0
0
0
665
0
0
567
819
596
660
0
0
596
561
561
514
4522
736
808
0
779
0
0
866
819
0
928
969
721
0
4522
0
928
721
962
841
0
0
871
860
839
0
913
943
913
0
0
819
0
0
779
0
721
736
866
940
0
0
0
928
913
721
928
779
0
957
0
0
721
736
0
928
0
0
819
779
909
0
0
4522
808
0
618
0
928
953
0
0
4497
819
0
913
0
0
0
742
0
736
952
721
0
0
0
736
0
0
0
0
677
909
913
819
684
736
0
0
0
913
819
736
986
736
779
884
0
0
721
0
0
0
954
0
779
0
835
1031
860
1144
0
779
913
819
779
0
0
0
747
4522
898
736
0
909
736
0
4522
916
0
736
0
943
0
928
909
0
0
928
913
721
721
0
0
970
819
0
0
736
855
943
0
4522
0
0
0
618
0
721
0
4522
914
721
928
913
721
0
4522
0
914
909
0
909
0
0
747
4522
779
0
913
813
779
0
696
0
914
0
736
779
0
928
779
0
928
721
950
913
855
0
928
936
928
0
751
721
909
0
0
779
0
928
0
4522
808
904
779
0
0
736
909
748
0
0
909
0
958
909
0
928
0
940
0
0
970
0
943
819
841
0
928
909
618
0
749
835
0
0
0
0
0
727
0
928
4522
0
853
0
696
0
819
721
0
909
736
914
721
928
721
0
0
0
0
0
0
0
0
0
819
928
0
0
815
721
928
928
909
899
0
0
0
1115
1144
0
1115
1115
0
0
1142
1153
0
1138
741
1142
1142
0
1144
1142
0
1115
1142
0
1039
1172
1154
1064
1154
1144
1115
0
0
1115
1113
1186
0
1153
1154
1144
0
1105
977
1186
977
1154
1142
1144
1142
1138
1115
0
1081
971
1157
1115
989
1104
0
1115
1144
1115
0
1138
1186
1142
1115
1115
1144
1115
0
1142
1159
1142
1142
0
1115
913
1154
1142
1124
1115
0
1138
1138
1144
1115
913
1104
1144
1144
0
913
1142
1144
0
1154
1144
1144
1115
0
1142
0
0
1142
1044
1186
1157
1115
1142
1115
1115
0
1154
1142
0
0
1144
0
1157
0
1144
1115
1115
1115
1144
0
1153
1154
1144
0
1138
1186
1127
1144
0
0
1144
1144
1186
1186
1144
974
913
0
1144
0
1144
1138
1115
1001
727
1157
1115
1154
0
0
1115
0
913
1144
1142
1142
1115
1115
1172
1144
1154
1144
0
1142
1144
1138
0
1138
0
1115
913
1138
1142
1165
1154
1154
1144
0
0
1144
1138
0
2079
0
1138
913
1142
1172
1115
0
1115
1115
1154
1115
1157
1115
0
1142
1138
1039
2152
1154
1115
1104
1144
1115
1144
0
1154
1115
0
1087
1127
1142
913
1193
1115
0
1193
1186
0
1186
1154
1284
1284
1144
1284
1284
1284
1284
1284
2023
1284
1284
1284
1284
2020
1284
1284
1115
2020
1284
1284
1284
2023
1284
1284
1284
1284
1284
2023
1115
1284
2023
1186
1186
1284
1284
1115
1284
1284
1284
2020
1284
1284
1284
1284
2020
1284
1284
1144
2023
1284
1284
1284
2020
1284
1284
1284
1284
1284
1144
1284
1284
1284
1284
1284
1115
1284
2020
2020
2020
489
2023
1284
1284
2020
596
1284
1284
1115
1284
2023
1284
1284
2023
1284
1284
0
618
1284
2020
1144
1297
1507
1297
1297
1297
1581
489
1863
0
1297
1297
1297
1297
1297
1297
1581
1297
441
1297
1297
489
1297
2020
1297
1507
1297
489
1284
1297
1581
1297
1297
1297
1284
1581
1297
1297
1297
441
441
1297
1297
1297
1284
1297
1297
1297
2020
1297
1297
1297
1297
1297
1297
1297
1284
1297
1297
1297
362
1863
441
1297
1284
362
1297
1297
1297
1297
362
1297
1284
1297
1297
1297
1297
1297
1297
1297
1297
1297
1297
1297
1581
1297
1297
1507
441
1297
1297
1297
1297
1284
1297
1297
1297
1297
1297
1581
1297
441
1570
0
1618
0
0
1404
1600
1507
1590
1598
0
1507
0
0
0
0
0
0
1497
1573
0
1618
1600
0
1600
0
1600
1420
1507
1484
0
1590
0
0
1596
1600
1590
0
1590
1529
1400
0
1598
1618
0
1600
1570
1581
1618
1507
1507
1600
1581
4122
1581
1590
1590
1600
1581
1507
1590
1570
1507
0
1600
1581
1581
0
1507
1598
1507
1464
0
1618
0
1405
1507
1600
1590
0
0
0
1683
1423
1600
1562
1600
1590
1581
1581
1590
1590
1618
1507
0
1562
1539
1427
1600
1393
0
0
1590
1393
1598
0
1427
0
1490
1618
1600
1600
1551
0
1507
0
0
0
1507
1593
0
1507
1548
1507
1598
0
1394
1590
1598
1600
1464
1618
1581
1507
1577
1600
0
1618
1507
0
1507
4122
1618
1590
1598
227
1590
1600
1590
0
1600
1551
0
1507
1600
1507
1600
0
0
1590
1600
0
28
1464
1600
1581
1600
1590
1581
1507
1581
0
0
1581
1469
3
1581
1590
1600
1570
0
1581
1590
0
1590
1692
1507
0
1507
1394
1590
0
1469
1497
1507
1618
1581
1590
1600
1595
0
0
1506
0
1581
0
0
1598
0
1581
0
1570
1600
0
1507
4122
1730
1730
1730
1765
0
1631
0
1618
1730
1633
1727
1765
0
1618
1790
1765
1730
1716
1765
1765
3282
1790
1790
1765
1730
0
1790
0
1730
1730
1765
0
1631
4122
0
0
0
1742
1764
0
1737
1765
1716
1790
1765
1742
4122
1737
1730
1730
4122
1798
1730
0
1730
1400
1737
0
1790
1765
1777
1716
1716
1730
1742
1742
1798
1681
0
1765
1790
0
1737
1618
0
0
1737
0
4122
0
1730
1716
0
0
1742
1737
0
1783
1737
1716
0
0
1730
1790
1737
0
1751
1716
3282
1730
1737
0
0
1716
1730
1737
1737
1765
1737
1737
0
0
1730
0
1716
1737
1730
1716
4122
1737
1737
0
1765
1716
0
1737
1751
1730
1737
1716
3129
0
1765
1618
3059
1765
0
1716
1716
4122
0
0
1770
1730
1742
0
1716
0
1790
1730
0
1737
3249
1730
0
1716
0
4122
0
0
1770
1659
3034
1742
0
0
0
4122
1730
1730
1730
0
0
3282
1737
0
1765
0
1790
1798
1737
1765
3282
1716
0
0
1742
1737
0
1577
1730
1742
0
1778
4122
1790
0
0
1742
1765
1737
0
1730
1701
4122
1631
1765
0
1727
1716
1719
1737
1716
3282
0
1716
1737
1577
1737
1642
1790
1737
1863
1863
1863
1863
1863
1863
1863
2020
1863
1863
1863
1863
1730
1730
1863
1863
1863
1863
1863
2020
1716
2020
2020
1863
2020
2655
1863
1863
1863
1863
2020
2020
2020
2020
2020
0
1863
1730
1863
1863
2842
2020
1765
2763
1863
2020
2020
1863
1863
1863
1863
1863
2020
1863
2763
1716
2020
1863
1765
1765
1863
1863
1863
2842
1863
2763
1863
1863
1863
1863
2020
1863
2020
2842
1863
1863
1863
1765
1863
2020
2763
1716
2020
1863
1730
1863
3249
1863
1863
1863
1863
1863
1716
2020
2023
2023
2023
2020
2655
2023
2020
2023
2056
2023
2023
2023
2020
2023
2023
2023
2020
2023
2023
2023
2655
2023
2020
2023
2023
2020
2655
2023
2020
2023
2020
2020
2020
2023
2020
2023
2020
2023
2020
2020
2023
2023
2023
2020
2023
2020
2023
2020
2020
2020
2020
2020
2023
2023
2023
2023
2023
2020
2023
2020
2023
2020
2023
2655
2719
2221
2023
2023
2023
2023
2056
2023
2023
2655
2023
2020
2023
2023
2023
2020
2023
2023
2023
2719
2655
1186
2023
2056
2023
2020
2023
2023
2023
2023
2023
2023
2023
2655
0
2020
2023
0
2020
2056
2112
2216
2182
0
0
0
2145
2112
2182
2112
2112
2221
0
2216
2182
2187
2216
1138
2109
2197
2109
0
2112
2109
2293
2216
2112
2060
2109
2056
0
2216
2056
2112
0
0
2109
2023
0
2112
2112
2182
0
2115
2187
1186
2038
1157
2221
0
1186
0
0
0
2056
0
2056
2112
2109
2152
0
2216
2112
1138
2109
0
2112
2370
2216
0
2370
2109
2112
2109
2109
2112
2112
2109
0
2221
2216
2370
1138
0
2112
2221
0
2216
0
0
2132
2115
2023
2159
2182
2216
2112
2370
0
2109
1138
2112
2056
2112
2056
2109
0
2112
1138
2221
2109
0
2112
2370
2221
2056
2056
2109
2182
0
2112
0
2216
2109
2182
2370
0
2216
2061
2216
2109
2038
2109
0
2370
2109
1186
2112
2109
2109
2109
2047
2109
0
2112
2132
2216
0
2112
0
0
0
2112
2132
2112
2081
0
2152
2523
0
2216
0
2112
1138
2109
2056
2216
2216
2109
2221
2216
0
2109
2221
2176
2221
1186
2056
2182
2109
2056
0
0
2023
0
2056
1138
2187
2109
1186
0
0
2109
2112
2060
0
2109
2112
2221
2112
0
0
2187
2038
2216
0
2473
0
2396
0
0
2056
0
0
2516
3876
0
2236
0
0
3876
2332
2270
0
2356
2719
2459
0
2719
2719
2392
3876
0
0
0
2437
2182
0
2370
3876
0
0
0
2306
0
0
0
2516
3876
2233
0
2370
0
2719
0
2437
0
0
0
2481
2396
0
2437
2312
2501
2296
2437
0
0
0
0
0
2370
0
2501
2370
2316
0
2370
2719
0
2293
0
2437
3876
0
0
2530
2378
0
0
2351
2407
2370
2719
0
2392
2396
2353
0
2435
2719
3876
2396
0
2605
0
2351
2321
0
2068
2437
0
0
2440
0
2396
0
2386
3876
2182
0
0
2519
2450
0
0
0
2370
2182
0
2445
0
0
0
0
2377
0
2437
2182
3869
0
2182
2522
0
2530
2437
2259
0
3876
2182
0
0
0
2437
0
2396
3876
2453
3876
0
2605
0
2182
2719
2473
0
2435
0
0
0
2348
2182
2418
2182
0
0
2437
2719
2435
0
0
0
2245
0
2075
0
2253
2435
2719
0
0
0
0
2481
0
2182
2416
2306
0
3876
2182
2347
2370
2056
2396
2370
2437
2437
0
0
0
2529
0
0
2437
2419
2719
2293
0
2719
0
0
2396
0
2719
2469
0
0
0
2437
2719
2437
0
0
2370
0
2435
2437
0
2435
2396
0
0
3869
2370
0
0
2437
0
0
2370
0
0
2370
0
0
3822
2435
2260
2437
3876
0
0
0
2370
0
2056
0
2490
2278
2182
2519
2469
2437
0
2521
2437
0
3876
2353
2437
2437
2282
0
2396
2370
0
0
0
0
2437
2182
0
0
0
0
0
2418
2347
2450
2719
2396
0
0
0
2182
2719
2719
2719
0
2605
2655
0
2655
2689
2605
0
0
2023
0
2586
0
2694
2655
2605
2618
2630
2605
0
2618
0
2655
2599
0
2605
0
2618
2630
2589
2589
2719
2618
2655
2661
0
2719
2655
2618
2681
2710
2686
2655
2618
2605
2589
2589
2655
2023
2589
0
2605
2618
0
2728
2719
2655
0
2655
0
2655
2630
0
0
0
0
0
0
2681
0
2630
2589
0
2598
2589
2589
0
2589
0
2618
2736
0
0
2618
2557
0
2562
2589
2719
2630
2589
3698
2719
2630
0
3876
2640
3698
0
2605
2655
2655
3876
2655
0
0
2693
2618
2654
0
2630
2655
2543
0
2605
2023
2605
2686
0
0
2630
0
2719
0
2589
0
2605
2719
0
2630
2630
2719
0
2605
2654
0
2694
2589
2630
2618
2630
2719
2589
2605
0
0
2630
2630
2655
2640
0
0
2719
0
2605
0
2630
0
0
2618
2719
2589
0
2630
2589
2586
0
2655
2605
2719
2655
2589
0
2630
0
2589
2557
2655
0
3876
2630
2630
2589
0
2586
2664
2655
2598
0
3876
2719
0
0
2598
2655
2605
2655
0
2655
0
0
2605
2763
0
2845
2763
2893
2893
2893
0
2869
2885
0
2919
2763
2885
2763
2893
2885
2842
2763
2763
2842
2893
0
2763
2763
0
2893
3108
3610
2842
2774
0
2763
2885
2869
2893
0
2885
2885
2763
2885
2763
2874
2655
2893
2919
2739
0
2893
2919
2885
0
2763
3249
3108
2840
2919
2860
0
0
2893
2842
2842
2763
3249
2842
0
2763
2893
2919
0
2763
2934
2893
2763
0
0
2763
2618
0
2885
2893
0
2655
2842
0
2823
2907
3249
3108
2813
0
2763
0
2946
2763
0
2763
0
2919
2952
0
0
2893
0
2919
2919
0
0
2885
2763
0
2919
2893
2893
2893
2655
2842
0
2893
2842
2763
0
2919
2893
2842
2952
2763
0
0
2842
0
2919
3249
2763
2893
0
2834
2763
2919
0
2893
2763
0
2919
2893
2919
0
2919
2763
2885
2919
0
0
2885
0
2763
2885
2763
2937
2919
2836
2842
3249
2655
2937
2661
2763
2842
0
0
2919
2823
0
2763
2842
0
2763
2655
2919
2919
0
2919
2860
2893
2893
2919
3249
2893
2893
0
2763
0
0
2655
2885
0
2842
2885
0
2919
0
0
2885
2919
2842
2885
2893
0
2919
2763
2893
2804
0
0
0
2842
2893
2869
2893
2893
3192
3370
3138
0
0
3010
0
0
3178
3265
3265
3052
3010
2981
0
3265
0
3052
0
3128
3172
0
0
3232
0
3108
0
3143
3282
3249
3265
3370
0
3265
3284
0
0
3284
3029
3012
2963
3059
0
3374
3284
3265
3022
3249
0
0
2973
0
3222
0
3284
3282
3284
0
0
3022
3265
0
3108
0
0
0
3129
3237
1637
3118
0
3211
3108
3077
0
0
3282
3282
3010
3282
3280
3108
3010
0
0
3010
3265
3265
3265
3052
3289
2981
0
0
3370
0
3052
0
3284
3010
0
0
2991
3010
3284
0
2965
0
3282
0
3108
3178
0
3265
0
3052
0
3010
0
3282
3225
3178
3249
3249
3195
3282
3266
0
3262
3284
3284
0
0
0
3265
3282
3071
0
3282
0
3289
3249
0
0
0
3249
3108
3370
0
0
3010
3092
3178
3285
3368
0
0
3010
3506
0
3249
0
0
3178
3052
3217
2994
3096
0
0
0
3178
3249
3225
0
3010
3239
3010
3284
0
3192
3284
3010
0
0
0
3108
0
3370
3249
3196
3370
0
3249
3107
3178
3284
0
0
0
3120
0
3282
3010
3178
0
3068
0
3203
3282
3289
3370
3282
0
0
3249
0
3108
3010
0
0
3265
3285
0
3029
3284
3010
3108
3265
3249
0
0
2983
0
3101
3249
0
0
3010
3098
2963
3010
3077
3052
0
3265
3052
3370
0
0
1701
3239
0
3245
0
0
0
3108
0
3008
3265
3225
3282
0
3120
3282
0
3282
3108
0
3368
3192
3249
0
3282
3108
3249
3266
0
3108
0
0
0
0
3034
3280
0
0
0
3265
0
3178
0
0
3282
0
3265
3370
0
0
3280
3282
3265
0
0
3282
0
0
3064
3265
3010
0
3001
3010
3108
3370
3282
0
3146
3182
3052
0
3249
0
3024
0
0
3265
3178
0
0
0
0
3434
0
3434
3462
0
0
3462
0
3370
3368
0
3462
3475
3370
0
3370
3494
3475
3368
3494
0
6620
3370
3439
0
3325
0
0
3475
3368
3439
6693
3370
0
3370
3494
3494
0
3434
6620
0
6620
3475
6620
3434
3368
3495
3368
3434
3462
3368
0
3365
3370
3462
3439
0
3439
3370
0
0
3462
0
0
3434
3439
3475
3434
3462
3462
3462
3439
3439
0
3439
3462
0
3462
0
6620
3434
6620
0
6620
3368
3455
5898
3368
3404
3434
3434
3368
3475
3368
0
3368
3368
0
3475
3434
3439
0
3370
0
3434
3434
3312
0
3368
3462
3368
3368
0
3475
0
3434
3610
3370
3439
6620
3368
3439
3399
3439
3368
6620
3494
0
3475
6620
3368
3368
3434
3370
3370
3370
3494
6620
3476
3462
3439
3370
0
3370
3475
0
3439
0
3434
3439
0
3475
3462
3462
6620
0
0
3370
6612
3462
3475
0
3475
0
3368
3296
3469
3434
3469
3368
0
0
3370
0
3368
3439
3439
0
3462
3476
3368
3504
3092
0
0
3437
3439
3370
3370
3475
3386
3434
3434
0
3439
3475
3455
3475
3434
6595
3386
3370
0
0
3370
0
3434
3504
3355
3434
3434
3434
0
3368
0
3370
3462
3439
0
0
6620
6620
3439
3386
3462
3365
3434
3368
3462
3475
3610
3610
3610
3610
3610
3610
3610
3610
3610
3610
3434
3610
3610
6511
3610
3610
6511
3610
3610
3610
6511
3610
3610
3610
3610
2893
3610
2919
6511
3610
6620
3610
3610
2618
2893
3610
3610
3434
3610
6620
3610
3610
3610
3610
3368
2893
3610
3610
3698
3610
3610
2919
2919
3610
3610
3610
3368
3434
3610
3610
3610
3610
2919
3610
3698
3610
6511
3610
3610
3610
3610
3610
3610
6511
3610
3610
2893
3610
3610
3610
3610
3610
3610
3610
3610
3610
3610
3610
0
3610
3610
3610
3698
3610
3610
3610
6620
2893
3610
3610
3610
3610
3610
6346
3698
3698
3698
3698
3698
3610
3698
3698
3698
6346
3610
3698
6346
6233
3698
3807
3698
3698
3698
3698
3698
3698
3698
3698
3698
3807
2618
3610
3698
3698
3698
3698
6346
3698
3807
3698
3610
3698
3698
3698
3698
3698
3698
3698
3698
3698
3698
3698
3698
3698
3698
3698
3807
3807
3698
3698
3698
3698
3698
3698
3896
3698
6233
3698
3698
3807
6346
3698
3698
3698
3698
3698
0
3698
3698
2618
3698
3698
3896
6233
3698
3698
3610
3698
3698
3698
3698
3698
3698
3698
3698
3698
3698
3698
3698
3698
3698
3698
3698
3610
3610
3698
3698
3698
3698
3698
3896
0
3924
0
3845
0
0
3874
6280
3896
0
3800
3775
3869
0
6233
0
0
3896
3807
3876
0
3807
3746
3876
3876
6185
6185
3902
2418
0
6185
2282
3876
3896
3807
6185
3807
3890
3824
0
3775
3888
0
3824
3775
3896
3869
3896
3869
3896
3807
0
3896
3800
3807
3746
3775
3896
3869
3869
3737
3800
3869
3824
3869
0
3869
0
3876
0
0
6185
3775
0
0
3807
6280
3775
3746
0
0
3876
3834
3896
3807
6136
3834
0
3807
0
3896
0
0
3896
0
3869
0
3896
6233
3869
0
0
3775
3824
3876
3896
3775
3800
3824
3824
0
3876
0
3807
0
0
3869
0
3824
3807
3800
3824
3896
3733
3807
0
3869
6185
3807
3824
0
3896
0
0
3824
3807
0
3738
3890
3869
3924
0
0
0
3807
3735
3775
0
3834
3775
3775
3869
3738
6138
3775
0
3876
0
3807
3869
3775
3775
3890
0
0
3869
6233
3876
3896
0
0
3824
0
0
3869
3807
6226
3807
0
3807
3807
3896
6233
3869
3824
3775
3896
3775
6185
0
3890
0
3896
3748
3775
0
4009
2112
4009
4009
6069
3869
6069
6069
6069
6069
2112
4009
6069
4009
4009
4009
2370
3869
2109
6069
4009
6069
6069
4009
4009
2112
4009
6069
2112
6069
4009
4341
6069
6069
4009
6069
4009
6069
4009
4009
4009
4009
4009
4009
4009
2109
4009
6185
6069
4009
4009
6069
6069
4009
4009
6069
4009
4009
2109
4009
4009
4009
4009
4009
4009
4009
4009
6185
4009
4009
4009
3869
4341
4009
2112
4341
4009
4341
4341
6069
0
2109
2112
1138
2112
6069
3775
6069
4009
4009
4009
4009
6185
4341
6069
6069
5898
4122
4122
4122
5898
4122
5898
4122
4122
4122
4254
5898
4122
4122
4122
1737
4122
5898
5898
5898
4122
4122
4122
4122
5898
5898
5898
4122
4122
4122
4122
4122
4122
4122
5898
4122
4122
4122
5898
4122
5898
5898
4122
3439
4122
4122
4122
4122
5898
4122
3370
4122
4122
5898
4122
4122
4122
4122
4122
5898
4122
4122
3475
4122
4122
4122
4122
4122
4122
3475
4122
5898
1737
3475
4122
5898
4122
4122
3370
4122
3370
4122
4122
4122
5898
5898
1737
3475
5898
4122
5898
4122
4122
5898
4122
5898
4122
0
5898
4122
5898
4122
4122
5898
3475
3475
4122
4122
3475
5898
4122
4122
5898
4122
1590
1600
4254
4254
4254
4254
5021
5898
4254
1600
5020
4254
4254
5020
1600
1600
4254
4254
1600
4254
1600
5020
4254
5021
1590
4254
1600
4254
4254
4254
5020
4254
4254
5021
5021
4254
4254
4254
4122
4254
1600
4254
5020
4254
4254
4254
4254
4254
5021
4254
4254
1600
4254
4254
4254
4254
4254
4254
4254
4254
4254
1600
4254
4254
1600
1600
4254
4122
4122
4254
4254
5021
4254
4254
1618
5021
5021
4254
5021
4254
4254
4122
4254
4254
1618
5020
4254
4254
4254
4254
4254
1618
4122
4254
4122
1600
4254
4254
1600
5020
4254
4254
4122
4254
4122
4254
4254
1600
4254
5021
4122
4254
4122
4254
4254
0
4254
4254
1618
4254
4254
4254
4341
5764
4341
4341
4341
4341
4341
1154
4341
4341
4341
4341
4341
5764
4341
4341
4341
4341
4341
4542
4341
1154
4522
4341
4341
4341
4341
1154
4341
4341
4522
4341
4341
4341
5764
4341
5764
5764
4341
4341
4341
4341
4341
4341
4341
5764
4341
4341
4341
4341
4341
4341
4341
4341
4341
4522
5764
4341
1154
1138
5764
5764
4341
4341
5764
5764
4341
4341
4542
4341
4341
4341
4341
4341
5764
4341
5764
5764
4341
5764
0
5764
4341
5764
1138
4341
4341
4341
4341
4341
4341
4341
4341
4341
4466
4341
4341
4341
4341
4341
4522
4531
4522
4375
4557
4522
920
4522
4542
4557
4522
4513
0
4542
0
4571
4542
4546
4508
0
4522
0
4526
4380
4466
4462
0
4542
4522
4522
4466
4492
4508
4380
4557
4542
4462
0
4542
4522
4542
0
4522
4557
4542
4554
0
4542
4557
4508
4522
4462
4542
4557
0
4546
5531
4466
4557
4462
909
4546
4522
4466
4542
0
4542
4522
4508
4542
4542
4508
4522
0
4466
4542
4542
4542
0
0
4508
4439
4398
0
4522
4398
4542
4513
4466
0
4522
4557
4522
4508
5531
4466
0
4466
4466
4557
4542
0
4466
0
4522
0
4466
4522
4462
4522
4462
4497
4546
4466
4571
4521
4576
4466
4508
4542
4542
4466
4508
0
4532
4542
936
4495
4495
4508
4546
0
4466
4542
0
4508
0
4542
4542
0
0
4508
4513
4542
4466
4542
4542
0
4554
4466
4434
4542
0
4542
4571
4522
4522
4546
4542
0
0
0
4522
4462
0
0
0
0
4542
4466
0
0
4466
4466
4462
4557
4542
5530
4462
0
4557
0
4542
4522
0
0
4508
0
4557
0
4462
4508
4508
0
4542
4466
0
4542
4582
4542
4466
0
4466
4548
4440
4546
0
4462
0
4526
0
4546
4492
4508
4557
0
4557
4542
4542
0
936
0
4542
4542
4508
4462
0
4546
4601
4601
4601
4557
4601
4601
5328
4601
4557
4601
4601
4601
0
4508
561
4601
4601
5424
4601
4601
4601
909
4601
4601
4601
4601
4788
4462
4788
598
4601
4601
4601
4462
4557
4601
4601
4601
4601
4601
4601
4601
4601
4601
4601
4601
4601
4601
4601
4601
561
4462
4601
4601
4557
4788
4601
909
4601
4601
4601
4601
5424
4508
4601
4462
4601
4601
5424
4557
4601
4557
4601
4601
4601
4601
4601
4601
4788
4601
5424
4508
4601
4601
4462
4601
4601
4601
4601
598
4557
4601
4788
4788
4788
4788
4788
4788
4788
598
4788
4788
4788
4788
4788
4788
4900
4788
4788
4788
4788
4788
4788
4788
598
4788
4788
4788
4788
4788
4788
4788
4788
4788
4788
4788
4788
4788
4788
4788
4788
4601
4788
598
4788
4788
4788
4788
4788
4601
4788
598
4788
4966
4788
4788
4788
4788
4788
4788
4788
4788
4788
4788
4788
4788
4788
4788
4788
4788
4788
4788
4788
4788
4788
4788
4788
4966
4788
4788
4788
4788
4788
4788
4788
4788
4848
4966
4788
447
4788
4601
4788
4601
4788
4788
4788
4788
4788
4788
4788
4788
4788
4788
4788
4788
4788
4788
4966
0
4788
4788
4788
4601
4788
4788
479
4788
4788
4788
4788
4788
4788
4788
4788
4788
4788
4788
5021
5021
5241
4966
0
5020
4848
5020
5020
0
5021
4900
4885
4966
4966
4900
4848
4877
0
5020
4900
4966
0
0
0
4848
5051
0
0
0
4848
5021
5051
5020
0
0
0
4934
4848
5200
5020
0
5021
4900
5021
5020
4848
5021
5021
5001
5020
0
4848
4922
4900
4848
4981
4966
5021
5021
4966
4953
0
4858
4848
0
4989
4958
4972
5021
0
4848
4900
5021
4848
5021
5020
4966
0
0
0
5021
4848
4900
5020
5020
4825
5020
5020
5021
5021
270
5021
0
5021
4900
5020
4966
4816
5020
4966
5021
4885
4900
4966
5006
5200
0
5020
4966
0
4900
5020
0
4848
0
4848
4848
5020
4842
5021
4848
5020
4948
4848
5021
0
0
4950
5021
5020
4848
5021
0
4877
0
5021
5020
4966
4869
4966
0
5020
0
4848
37
0
5051
5020
0
4848
0
5021
4900
5021
4900
5020
0
4848
0
5021
5021
0
4834
4940
0
5021
4900
0
0
4900
4848
4848
4848
0
5021
0
5020
5021
5021
5020
5020
0
4848
5020
4848
5020
4972
4848
4886
4966
5020
0
4942
0
4834
4848
5021
4877
0
4966
0
5020
0
0
4836
5021
0
0
0
4900
4842
5020
0
0
5231
4966
0
4966
4966
4966
4966
4953
5020
4966
4900
0
4900
5020
4848
4900
9842
5051
5082
0
9842
0
5067
5051
5200
5051
0
5051
0
0
5200
5090
5051
5051
0
5051
0
0
5200
9842
0
5200
9842
9783
5048
0
5199
5056
0
5216
9783
5186
0
5051
0
9842
5186
0
5117
5184
0
0
0
5051
5082
5050
0
5186
0
5186
5216
5186
5200
0
5051
5231
5200
5050
0
5051
0
5051
0
0
5200
5186
5067
5216
5082
5051
5200
5200
0
5200
5082
0
5048
5200
5186
5186
5051
5175
5102
5158
5226
5224
5157
5186
9842
5200
5200
5186
5216
5186
0
9842
5186
0
5186
5175
5216
5051
5216
5051
5186
9842
5200
5186
5051
5200
0
5051
9842
5186
0
0
0
5216
5051
5200
9842
5241
5186
0
5216
5051
9842
0
9783
5051
5200
5216
5186
0
5216
5216
9842
5186
5200
5186
5216
5216
0
5158
0
5216
5200
5200
5194
0
5082
5216
0
5216
5082
5200
5200
0
0
9842
5186
5200
5051
5051
0
5051
5200
0
5216
5251
5051
5051
0
5186
0
5200
5186
5186
5051
5200
9842
5251
0
5082
0
5216
5051
0
5200
0
5186
5200
5216
5051
0
5051
5051
5216
5186
0
5216
5216
0
0
9842
5186
5084
5062
5216
0
5051
5328
5328
5328
5328
5328
9328
5328
5328
5216
5328
5328
5328
5328
5328
5328
5328
5328
5328
5328
5328
5328
5328
5051
5328
5051
5328
5328
5051
4788
5328
5328
5328
5328
5328
5328
5328
5328
5328
5328
5328
5328
5328
5328
5328
9678
5051
4788
5328
5328
5328
5328
5328
5328
4788
5328
5328
5328
5328
5424
5328
5328
4788
5328
5328
5328
9652
5328
5328
5328
9783
5328
9678
5051
9678
5328
0
5328
5328
9328
5328
9678
5328
9783
5328
5328
5328
9678
5328
5328
5328
5328
9783
5328
9328
5051
5328
5328
5328
4788
5328
5496
5424
5424
5424
5424
4462
9498
5328
5424
5496
5424
5424
5424
5424
5424
5424
5424
9328
5424
5424
9328
5424
5424
5424
4462
4601
5424
5424
5328
5424
5424
5328
5424
5424
5424
5424
5328
5424
5424
5424
5424
5424
5424
5424
5424
5424
5424
5495
5495
5424
5424
5424
5424
5424
9328
9328
5424
5574
9328
5424
5424
5424
5424
5424
5424
5328
5424
5424
5424
5424
5424
0
5424
5424
5424
9328
5424
5424
9328
5496
5424
5424
5424
5424
5424
4601
5424
5424
5424
5424
5424
5424
5424
5424
9103
0
0
5495
5531
0
5495
5627
0
5495
5495
5530
0
0
5574
5496
5496
5574
5531
0
5497
0
5574
5495
5574
5531
5496
0
5486
9198
0
5486
5531
9224
0
5486
0
5495
5486
0
9224
5449
0
0
5496
5627
5495
5574
0
0
0
0
0
0
5529
5486
0
5627
9224
5531
5627
0
5495
5594
5489
0
5495
5496
5489
0
0
5574
0
5529
5531
5495
9224
5486
5495
5486
5574
5486
0
0
0
5584
5574
4380
5495
5574
0
5627
5574
5590
4462
5529
5496
5495
5627
5599
9224
5627
5632
0
5632
5627
4462
5486
9224
5627
5574
5633
5574
5496
5574
9224
0
5486
5531
5486
5627
0
5486
5486
4439
9224
4462
0
5627
5578
0
0
5495
5574
9224
5481
9224
0
5474
5497
5486
5512
0
0
5477
5495
5517
0
5634
5627
5495
5627
0
0
0
5495
5495
5424
5512
5574
5531
5574
5495
5496
9224
5512
5529
5627
5486
4407
5574
5486
5512
5537
5600
5627
5490
5627
0
9224
0
5647
5460
5486
0
0
0
0
5531
5574
0
5486
0
5574
5498
5486
5495
5495
9103
5495
0
5486
5495
5495
5764
8918
5764
5764
5764
8883
8883
5764
8918
5764
5486
8883
8918
5764
5764
5764
8883
8918
5764
8883
5764
5764
5764
5764
5764
5764
5764
5764
5764
5764
5764
5764
8918
5764
5764
5764
5764
5764
8883
5764
5764
8883
5764
8883
8883
5764
8883
5764
8918
5764
5764
5764
5764
8883
5764
8883
5764
5764
5764
5764
5764
8883
5764
5764
5764
7934
5764
5486
8883
5764
5764
5764
5764
5764
5764
5764
5764
5764
5764
5486
5764
5764
5764
5764
5764
9224
5764
8918
5764
8883
5764
8883
5764
5764
8883
8883
8883
8883
8883
5764
5764
5764
5764
5764
5764
5764
5764
5764
5486
5764
5764
5764
5764
0
5764
5764
5764
5764
5806
5806
5806
8437
5806
5806
5928
5928
5806
5806
5806
4254
5928
5806
5806
5186
5806
5898
5186
8437
5806
5928
8437
5806
5806
5806
5806
5806
5806
5806
5200
5806
5806
5806
5806
4254
5928
0
5200
5806
5806
4254
8448
5186
5186
5806
8448
5898
5928
5200
8437
5928
5806
5186
5806
5200
5806
5186
5806
5806
5200
5806
5806
5806
4254
5186
5806
5806
5186
5806
5806
5186
5200
5186
5806
5806
5928
5806
5806
5928
5806
5200
5200
5186
5200
5928
5806
5806
5806
5186
5186
5806
5806
5806
5806
8448
8448
8437
5186
8448
5806
5200
5200
5806
5806
5806
5806
5806
5928
5200
4254
5806
5806
5806
5898
5186
5806
5898
5898
5898
5898
5898
5928
5898
5928
5928
5898
5928
6599
0
5898
5898
5928
5898
6599
5898
5898
5898
5928
5928
5898
5898
5928
6599
5928
5928
6599
6599
5928
5928
5898
5898
5928
6599
5928
5898
5928
5928
5806
0
5928
5806
6599
5898
5898
5928
5928
5898
6599
5898
6612
6599
5928
6599
5898
6599
5898
6599
5928
5898
5806
5928
5928
5898
5898
5898
5898
6612
5898
5928
5928
5898
5806
5928
5898
5928
6612
6612
5806
5898
8381
5806
6599
5928
5898
5898
5928
5898
5898
5928
5898
6599
6612
5898
5928
5898
5898
5928
5898
5898
5898
6599
5806
5928
5928
6599
5898
5898
6069
7806
6098
6069
6069
6069
6069
6069
6069
6069
6069
6069
6185
6069
6069
5764
6069
7865
7631
6069
6069
6069
7806
6185
6069
6098
6069
6185
6069
6069
7934
6069
6069
7934
7865
6069
6069
6098
6069
6069
6069
6069
6069
6069
6069
6069
6069
6069
6069
6069
6069
6069
7934
6069
6069
7934
6185
6069
6069
7934
6069
6069
6069
6069
6098
6098
7934
6069
6069
6069
7806
6069
0
6069
6185
6098
6069
7934
6069
6069
6069
6069
6185
6069
6069
6069
6185
6069
6069
6098
6069
6069
6069
6069
6069
6069
6098
6069
7865
5764
6185
0
6185
6138
0
6243
6233
6244
6243
0
6243
0
6244
6185
6113
7631
0
7631
6098
0
6243
0
6098
6233
6098
6185
6244
0
6151
0
6098
6185
6244
0
0
0
6244
6280
0
0
7625
0
6098
6243
6098
6098
6244
6185
6233
0
6185
6185
6185
6156
0
6233
0
0
6185
0
6098
6098
6244
6233
6185
6243
6185
6098
0
6233
0
0
0
0
6126
6244
6185
6185
6185
0
6233
6243
6233
6243
6185
6244
6243
6233
0
6098
6233
0
0
6185
6113
6098
7631
6098
6185
6098
6280
6243
0
6101
0
0
6168
6098
6098
6243
6098
6098
6185
6185
6300
6098
6185
6106
6244
6243
6244
6243
6243
6185
0
0
6185
6243
6126
0
0
6233
0
6243
6124
6243
0
6244
6098
0
6233
6244
0
6243
6130
6243
0
0
0
6259
6244
6245
6185
0
6098
6233
6278
0
7631
6243
6244
6069
0
0
0
6243
6244
6243
6098
6098
0
6185
6098
6098
6185
6185
6259
6138
6098
6098
6233
0
6244
0
0
6069
6098
6280
6098
6244
6244
6185
6154
0
0
6185
0
6229
6233
6185
0
7631
0
0
0
6126
6243
6414
6346
6346
6346
6346
6414
7330
6346
6243
6414
6233
6414
6346
6414
6346
6414
6346
6346
6346
6346
6346
6414
6346
6346
6346
6414
6414
6414
6414
6346
6414
3698
6414
6346
6346
6346
6414
6346
6346
6346
6233
6346
0
6233
6346
6346
6346
6346
6346
6346
6346
6346
6414
6346
6243
6346
6414
6243
6414
6346
6346
6414
6346
6346
6414
6346
7373
6346
7330
6346
6346
6346
6346
6346
6346
6346
6346
6346
6233
6346
6346
6414
6243
6346
6414
6346
6346
6346
6346
6243
6346
6346
6243
3698
7330
6233
6414
6414
6346
6346
6414
6346
6414
6346
6346
6346
6233
6511
6414
6511
0
6511
6346
6511
6511
6511
6414
6511
6511
6511
6414
6511
6704
6511
6511
6511
6414
6346
6511
6511
6511
6511
6414
6511
6511
6511
6414
7237
6511
6511
6414
6346
6511
6511
6511
6414
6511
6704
6511
6704
6511
6511
6414
6511
6414
6511
6511
6511
6511
6414
6414
6511
7074
6414
6511
6511
6414
7237
6414
6414
7237
6511
6414
6511
6511
6511
6414
6511
6511
6511
6511
6511
6511
6414
6414
7237
6511
6414
6511
7237
6511
6511
6704
6511
6511
6511
6511
6511
6414
6511
6511
6511
6511
6620
6346
6511
6346
0
6414
6414
6511
6511
6511
6511
3610
0
6511
6596
6599
0
6599
6599
6686
6612
6511
6612
6519
6704
6599
6620
6669
6599
6680
6612
6704
6704
6704
6704
6578
6704
6704
6511
6704
6704
0
0
0
6511
0
6620
0
6628
0
6612
6599
6635
6511
6599
0
6612
6599
5898
6704
0
0
6620
6593
6693
6612
6562
6704
6599
6704
0
0
0
6643
6704
6599
6642
0
0
6964
0
6612
6843
0
0
0
0
6579
0
0
0
6599
0
6704
0
6599
6704
0
6716
6639
6716
6612
6693
0
6704
0
6891
6612
0
3437
6599
0
6704
0
6704
0
6686
6693
6591
6716
6599
0
6686
6612
6704
6716
0
0
0
6599
6612
6704
0
6587
6568
0
0
6612
6599
6599
6599
6713
0
6620
0
6511
6554
6704
6989
6599
6704
0
6599
6704
6612
6599
6704
6612
3302
6579
6716
6599
0
6704
6612
6716
6567
6612
6549
6964
0
6704
6511
0
6704
0
5898
0
0
0
0
0
6612
0
6704
6612
0
6599
0
6612
6964
6511
6620
6677
6599
6549
6612
0
6680
0
6599
6716
6693
6612
6693
6599
0
0
0
0
6726
0
6746
0
6843
6964
6843
6758
0
0
0
6964
6811
6950
6917
6843
0
6848
7019
6955
0
6955
6781
6843
6965
7010
0
7010
6884
0
6961
6843
0
6928
6955
6896
6758
0
6843
6917
0
0
6840
6749
6952
6896
6917
6825
0
6917
6950
0
7010
6950
6843
6907
0
7015
6823
6917
6811
6864
6843
0
0
0
6780
6907
6864
0
6880
0
0
0
0
0
6942
7019
6917
6864
6843
0
6875
6896
6843
0
6917
6864
0
6843
6780
6843
6917
0
0
0
8163
6850
0
6758
0
0
6737
6758
7019
6768
0
0
0
6840
6972
0
7004
6864
6864
0
0
6864
6802
0
6998
6737
6917
0
0
6758
0
0
6758
7016
6951
0
6864
0
0
6818
6942
6758
6864
6907
6864
0
6864
7016
6843
7023
6841
0
6911
6917
0
6951
6864
6925
7019
0
0
6864
0
7000
6843
6965
6917
0
6843
7010
0
0
6864
6864
0
6917
6773
6758
0
7010
6896
6843
6917
0
6964
6979
6843
6964
7019
6964
7010
6737
6825
0
0
6907
6906
6864
0
6995
6917
0
6843
7019
0
6880
6872
7015
6953
0
0
6782
0
0
6950
0
8381
6746
6864
0
6789
7016
7016
6843
6758
6815
7015
0
6989
0
6864
6971
6833
6998
6858
6971
0
0
0
0
0
6758
0
6964
8235
6864
6864
0
0
6758
0
0
0
6964
6964
7019
0
0
0
0
0
0
0
6843
0
6864
0
6864
0
6843
7010
6758
0
6802
0
0
0
6843
6843
6964
6782
0
0
6928
6964
0
7019
0
6949
6917
0
0
0
6843
6864
6864
7015
0
7019
6965
6828
6864
0
0
6758
6896
0
0
7010
6964
0
0
6818
0
6917
6907
0
6864
0
7016
6907
6811
7188
0
0
7226
7167
0
7308
7226
7226
7201
6414
0
0
7208
7201
7308
6971
7206
7308
7188
7223
7308
0
7023
7201
7223
0
0
7223
7090
7223
7226
7074
7201
7237
7237
0
7074
7237
0
7308
7201
7201
7188
6758
7237
0
7226
0
7223
7223
7088
7074
0
0
0
7223
0
0
0
6414
7201
7226
7237
0
7074
7201
7201
7308
7223
7062
7226
7237
7237
6414
7201
0
7226
7226
7237
7201
7308
7308
7237
0
7181
7237
7111
7074
7040
7171
7201
7241
0
0
7201
7308
7201
7223
7201
7222
7111
6758
7226
7201
0
7241
0
0
0
6414
7201
7237
0
7201
7223
0
7201
7208
7074
7237
7308
7201
7201
7237
7237
7201
7223
7198
7074
7308
7237
0
0
7201
7201
0
7223
7308
7201
6414
7023
7237
7226
7074
7201
0
0
7436
7226
7237
7308
7237
0
7208
7208
7040
7226
7208
7201
0
7226
7223
0
7129
6414
0
7223
0
7201
7237
0
7308
0
7237
7201
6758
7074
7237
7226
7223
7308
7093
6414
7308
7142
7308
0
0
0
7237
0
0
7226
7201
0
7198
7074
0
7201
7090
7223
0
7237
7074
7223
0
7373
7373
7300
7436
7226
7300
7373
7308
7308
7300
7300
0
0
0
7330
7422
7341
7308
0
0
7300
7300
7373
0
0
0
7255
7373
0
0
7226
0
7344
0
7422
7337
7111
7300
7330
7300
7300
7373
7330
7330
0
7300
7300
0
7300
0
7422
7330
0
0
7330
7330
7422
7337
0
7328
0
7203
7308
7373
7373
7373
0
0
7265
7373
0
7321
0
7330
7291
7300
7373
7226
7330
0
7308
7226
7422
6414
7422
7291
0
7300
0
7373
7226
7697
7308
0
7344
0
7308
0
7373
0
0
7330
0
7308
0
7373
0
7300
7226
7266
0
7341
0
7330
7422
7308
7373
7286
7373
0
0
7422
7300
7300
7260
7422
7422
7308
7373
0
7271
0
0
0
7341
0
0
7540
7422
7330
7308
6414
7330
7422
0
7461
0
7295
7422
7330
7422
6414
7373
0
7348
7300
7422
7422
7271
7330
7308
0
7422
6243
7300
7330
7697
7373
7330
7373
7291
7330
6414
7330
7337
7226
7321
7226
7422
0
0
7330
7373
0
0
0
7422
0
7373
7226
0
7314
7330
7337
0
7655
7657
7273
7631
6243
0
0
0
0
7631
7712
7463
7660
0
7559
0
7697
7517
7631
0
7691
7452
7655
7443
0
7662
0
6243
7633
7631
7712
7653
7662
0
7591
7517
7631
7443
0
7631
7591
0
7603
7631
0
0
7712
7691
7604
7662
7699
7559
6229
7342
7712
7517
0
7631
7697
7450
0
7516
7591
7712
0
7697
0
7697
7604
7557
0
0
7688
7631
7546
7625
7653
0
7443
0
0
7631
7625
7691
0
0
7631
7691
7543
0
7559
7697
7697
7443
7574
6243
0
7631
0
7631
0
0
7712
0
7607
0
0
0
7650
0
0
0
7517
0
0
7631
0
7574
7717
7625
0
0
0
7632
6243
6243
0
7591
0
7443
7712
7698
0
7641
7516
7625
7631
0
0
7697
6146
7631
7625
7638
7493
0
0
0
7806
7631
7697
7595
0
0
0
7712
0
7443
0
7574
0
7516
7442
7475
7712
7712
0
0
7443
7591
0
0
7631
0
0
0
6254
7481
0
7631
0
7697
0
7717
7591
7691
7591
0
0
0
0
7300
7631
0
0
0
0
0
7625
7689
7674
0
7443
7650
0
6300
7330
0
6243
7591
7651
7697
0
0
0
7725
0
7897
0
0
0
0
7625
0
7631
0
7481
7461
0
7721
0
0
7697
7450
0
0
7603
0
0
7603
7697
7463
7631
7583
7675
0
0
0
7559
7625
7517
0
0
7721
0
7603
7655
7591
7631
7604
0
0
0
0
7625
7712
7463
7548
0
7591
7625
7443
0
7542
7604
0
7516
7688
7517
0
0
7481
7697
7611
0
7330
0
7565
0
7574
7736
0
7860
7934
7905
0
9023
9023
7806
0
7882
7806
7934
7865
7833
7931
9023
0
8044
7791
9023
0
0
7869
9023
7882
7862
8044
7806
7873
7728
7934
0
7882
7806
7833
7806
7934
7911
7882
7728
7860
7833
0
7934
7833
0
7865
7865
7865
0
0
7921
8044
7882
7929
7869
7806
7894
7882
7934
7806
7833
7865
0
7865
7916
0
7833
7806
7894
7882
7833
7882
7744
7929
7833
7865
7905
0
7882
7865
0
0
7882
7865
7865
9023
0
7934
7865
7865
7806
7806
7934
0
7833
7736
9023
7882
8986
7865
7833
7806
7833
7882
0
7865
0
7806
7806
7806
7865
7934
7728
0
0
8044
9023
7791
7728
7631
7806
7934
7749
7934
7894
7806
0
7806
7748
7843
7865
0
8986
0
7833
7865
0
0
7865
7806
0
8044
7547
7865
0
0
7882
7815
7929
9023
7865
7934
7806
0
0
7939
7773
7736
7897
8044
0
7833
7806
0
7882
0
7934
8044
0
7882
7865
7882
7905
7833
7806
7865
0
7883
7806
0
7833
7631
0
9023
7873
7865
7833
0
7934
7934
7934
7815
0
7865
7865
7806
7934
7862
0
7897
0
7631
0
7749
7865
0
0
7833
0
7806
0
8044
8044
8044
8044
8044
8044
8158
7422
8158
8044
7300
8044
8044
7882
8044
8044
8044
8044
8044
8158
8044
8044
8044
7422
8044
8044
8044
8044
8158
8044
8044
8044
8044
8044
8044
8044
7308
8044
8044
8044
8158
7308
8044
8158
7422
8044
8044
7300
8044
8044
8044
8044
7300
8044
8044
8044
8044
8044
7422
8044
8044
8044
8044
8044
8044
8044
8158
8158
7882
8044
7300
8044
7422
8044
8044
7422
8044
8158
7422
8044
8044
8044
8044
7308
8044
8044
7422
8158
8044
7422
7882
8044
8044
7308
8158
8044
8044
8044
8044
8158
7422
8044
8044
8044
0
8044
8044
8044
8044
8158
8044
8044
8044
8044
8044
9023
8044
8044
8044
8158
7223
8158
8158
7223
8158
8158
8158
8158
8306
8158
8158
8265
8158
8265
8158
8229
7201
8158
8158
6917
8306
8158
8158
8158
7201
8158
8158
8158
8229
8158
7201
8158
8158
8158
8158
8158
8158
8158
8158
8229
7308
8158
8229
8158
8158
8158
8158
7201
8265
8229
7201
8229
8158
7201
8158
7201
8158
8158
8158
8158
8158
8158
8158
8158
8158
8306
7201
7308
7201
8158
8158
8306
7201
7201
8158
8158
8265
8158
7201
8158
8158
8306
8158
8306
8265
8158
8265
8158
8158
8158
7201
8158
8158
8158
8158
8158
8158
8158
0
7201
8272
8306
8306
0
8378
8272
8265
8332
8354
0
8540
8229
8187
8272
8381
8265
8306
8354
8272
0
8235
8272
8235
8272
8306
8212
8229
0
8354
8310
8265
8306
8272
0
8265
6917
8354
8306
8229
0
8229
8306
8356
0
8306
8306
6917
8264
8265
8229
0
8265
0
8343
8265
8381
8218
8375
0
8272
8260
0
6858
8386
8381
8354
8272
8381
8368
0
0
8352
8343
8306
8229
0
0
8306
5928
8265
8381
8354
8229
8306
8307
8354
8229
8260
0
0
8306
8354
8410
8272
8381
8265
5928
0
8229
8249
0
8306
0
8483
0
0
8354
8381
8260
8569
8265
8354
0
8229
8265
8272
7010
6875
8229
8229
6917
8386
8235
8229
8343
8229
8381
0
8265
5928
8307
8229
8272
8265
8265
8354
8265
8585
8354
8438
8370
8265
8230
0
8381
8354
0
0
0
8272
0
0
8272
8187
0
0
8356
8306
5928
8306
8229
8265
6917
8381
8351
0
8229
8187
8306
5928
8229
8265
0
8229
8265
8272
0
8229
8265
8448
8264
8381
8265
0
8354
8351
8354
0
8354
8354
8272
0
0
8303
0
8354
0
0
8265
8265
5928
8386
8272
8272
8354
0
8229
5928
0
8265
0
8308
8229
8272
8354
0
8272
7010
0
8218
8229
0
8265
8354
6823
8229
0
8354
5928
0
8272
8356
8448
8448
8470
8502
9875
0
8696
8470
8470
8448
8438
8448
8585
8502
0
8491
8438
8410
0
8448
0
8470
8378
0
8496
0
8440
8438
0
8448
8437
8577
0
8470
8437
8437
0
8484
0
8437
0
8448
8470
0
8438
0
0
8448
0
8502
8448
8448
0
8502
8496
0
0
8540
8502
0
8448
8502
8470
8502
8502
0
8502
8515
8448
8470
8502
9866
8437
8438
8569
8587
8410
8448
0
8448
8437
8410
0
8470
8448
8448
8448
8540
8438
8470
8502
0
0
9866
9866
8470
0
0
8448
0
0
8306
8448
8437
0
8378
8448
0
8560
8470
0
8470
8448
8502
8502
0
8696
8470
0
8502
8415
8438
0
0
8437
0
8437
0
8437
0
8502
8307
9866
9875
8502
8448
0
8470
8585
8519
8560
0
0
9875
8448
8437
8502
8415
0
0
0
8448
8437
8502
8448
8470
8502
5928
8502
0
8437
8551
0
8496
8470
8470
0
8438
0
0
0
0
8437
8437
8448
8448
8437
0
8470
8448
8470
8502
8438
8448
0
0
8489
9875
0
0
8470
9875
8448
0
8437
0
8448
8437
8696
8696
8696
8158
8696
8158
8696
8696
8696
8158
8696
8696
8696
8696
8696
9614
8696
8158
8158
8696
8696
8696
8158
8696
8696
8696
8696
8807
8158
8696
8158
8696
8696
8696
8696
8696
8696
8696
8158
8696
8696
8696
8438
8807
8696
8696
8696
8696
8696
8696
8696
8696
8158
9614
8696
9614
8696
8696
8696
8158
9614
8696
8158
8158
8696
8696
9875
8158
8696
8696
8158
8696
8807
8696
8807
8696
8158
8696
8696
8502
8438
8696
8158
8696
8696
8158
8696
8438
8696
8807
8807
8438
8696
9614
8696
8696
8696
8696
8696
8696
8158
8696
8696
8696
8696
8158
0
8696
8696
8696
9614
8696
8696
8696
8807
8807
8807
8807
8807
8807
8807
8807
8807
8807
8807
8807
8807
8807
8807
8807
8807
8807
8807
8807
8807
8807
8807
8807
8807
9388
8807
8807
8807
8807
8807
9388
8807
8807
8807
8807
8807
9388
8807
8807
8807
8807
8807
8807
8807
8807
8158
8873
9614
8807
8807
8807
8807
8158
8807
8044
8807
8807
8807
8158
8807
8807
8807
8807
8807
8807
8807
8807
9484
8807
8807
8807
8807
8807
8807
8807
8807
8807
8807
8807
8807
8882
8807
8807
8807
8807
8807
8807
8807
8807
8158
8807
8807
8807
8807
8807
8807
8158
9388
8807
8807
8044
9614
0
8807
8807
8044
8807
8807
8918
8946
0
8883
8918
7894
8914
8946
8883
0
8946
8873
0
8950
8950
8873
8883
0
8918
8942
0
8918
7934
0
8882
8883
8882
9004
9023
9004
8882
0
8873
8918
8946
0
0
8882
8942
7939
8883
8882
8946
8918
8962
8873
7934
8833
7934
8946
8882
8882
8918
7934
8962
0
8918
8873
8912
8950
0
8883
8946
0
9291
0
9004
0
8950
0
0
8906
8887
9004
0
8918
8878
8918
0
8918
8986
0
8882
7809
8873
7934
0
0
8882
8807
8883
8985
8882
0
8946
8946
8882
0
8931
0
8918
0
8883
8933
8882
0
8946
8992
7773
7934
7843
8883
0
8985
8918
7921
8883
8946
0
0
0
8918
0
9023
9025
8906
0
8946
8918
0
8882
8882
0
0
8807
8882
0
0
8946
8946
8873
0
8946
8939
8946
8977
8950
8918
9023
0
8873
8932
8873
8873
0
8950
8918
8873
8844
8918
8882
8918
8977
8986
0
0
8914
8882
0
8918
8918
8807
0
0
8876
8878
8918
7931
0
0
8932
9023
8883
9023
8918
8918
8882
9291
8946
8807
8883
0
8873
8946
8882
8882
8873
8873
8918
0
0
8950
8882
8873
8918
8883
8918
8946
8918
9023
0
8882
0
8918
0
0
9222
9103
9291
9245
9283
0
0
9222
0
9183
9058
9059
0
0
0
9217
0
0
9092
9241
0
9217
0
0
9136
0
9043
9188
0
0
0
9283
9245
9224
0
9278
0
0
9196
9207
0
9095
9245
0
0
0
0
9249
0
9037
0
0
0
9222
9080
9209
0
9282
0
9245
0
9283
9066
0
0
9144
0
9283
9282
0
0
9201
0
9224
0
0
9153
0
9284
9291
9314
9291
9224
9035
0
9222
8883
9043
9283
9227
9306
9153
9283
9217
9140
8883
9201
9227
9217
9245
9224
0
0
9085
9311
0
9236
0
9245
9134
9101
0
9245
9186
9059
0
0
9093
9103
9245
9165
9291
8883
5449
0
0
9224
9245
9213
0
9103
9136
9063
9236
9224
9043
0
9103
9134
0
9201
9245
9245
0
0
9291
9103
9222
9224
9380
9283
9245
9245
9103
0
0
0
0
0
0
0
9165
0
9207
0
0
9049
0
9099
0
0
0
0
9217
9144
9245
9222
9153
0
0
0
0
0
9186
0
9314
9207
0
0
0
8883
9199
0
0
9291
0
9035
0
0
9297
9290
9245
9222
0
0
0
9046
0
9103
9213
9224
9103
0
9217
9063
9217
0
9278
9311
9144
0
0
0
9217
0
9224
9154
0
9291
9271
9201
0
9245
0
9217
0
8883
9291
9103
9213
9080
0
0
9103
9217
0
9221
9222
0
0
9093
9217
9211
0
0
0
0
9069
9217
9165
0
0
0
9199
9210
9291
0
9144
0
9201
9249
9074
9245
0
9103
9363
9314
0
9186
0
9095
9224
0
9217
9314
0
9283
9217
0
9209
9224
9217
0
9283
9325
9358
0
9484
0
0
9484
0
9358
9328
9498
9388
9498
9358
9327
9358
9484
0
9498
9484
0
9358
9330
9358
9498
9349
0
9358
9388
9388
0
9498
9388
9484
9498
0
0
9498
9484
9103
0
9498
0
9484
0
9494
9399
9484
9399
0
9498
0
9103
0
9498
0
9359
0
9465
0
9103
9283
9484
0
9388
0
0
9498
9283
0
9283
9353
0
0
9283
9327
0
0
9484
9358
9437
9328
9396
9505
9498
9502
9283
9502
9484
9399
9498
9498
9388
9283
9103
9328
9437
9343
9484
9283
9358
9484
9358
9498
9283
9500
0
0
9103
0
9328
9103
9498
0
0
9328
9498
9358
9388
9328
9103
9498
9103
9358
9465
0
9475
0
9614
9494
9614
0
0
9283
9498
0
9283
0
9283
9388
9372
9498
0
9325
9484
9358
9283
9358
9484
9283
9484
9365
0
9609
9103
9498
0
9494
9484
9358
9484
0
9353
9614
0
9498
9103
9328
9498
9358
9367
0
9498
9484
9614
0
9498
0
9388
0
0
9358
0
9327
9358
0
9695
9628
9678
9618
9695
9647
9652
0
0
9578
8696
9388
9652
9614
0
9614
9652
9652
9539
9678
9678
9678
0
9652
0
9695
9540
9647
9695
9690
0
0
9678
9678
9614
9647
9695
9695
0
9614
9695
9652
9652
9652
0
9603
9695
9695
9652
9647
9328
9651
0
9678
9614
0
9652
9652
9695
9652
0
9678
9652
9652
9651
9629
9652
9652
9531
0
8696
9695
0
9614
9594
9652
9516
0
9718
9695
9652
9647
9695
9958
9722
0
9617
9614
9823
0
9614
0
9647
9695
0
9695
0
0
9647
9517
0
8696
9875
0
9710
0
9652
9678
0
0
9651
9647
0
9652
0
9678
0
0
0
0
0
0
8696
0
9647
9516
9695
9678
9678
9328
9652
9695
9516
9678
0
0
9647
9827
0
9703
9718
9695
0
0
9630
9516
9678
9652
9718
9630
0
9647
9695
9652
9695
0
9718
9614
9678
9678
9703
9695
9614
9678
9612
9578
0
9695
9711
0
9652
9614
9652
9651
9678
9328
9678
9695
9678
9328
9652
0
9647
9647
9678
9678
0
9630
0
9678
0
0
9614
9659
0
9539
9678
9614
8696
9695
9614
0
0
0
9678
9652
9711
0
9581
0
9652
9647
9678
0
9328
9695
9695
9842
0
9875
9956
9878
0
9875
0
0
9783
9842
0
0
0
9875
9958
9710
9766
0
9866
9731
0
0
9842
9809
9866
9883
9678
9695
9842
9874
9842
9842
0
9875
9809
9783
9859
9881
9883
0
9842
0
0
0
9842
9874
9997
9786
9882
0
9842
0
9842
9881
9875
0
0
0
0
0
9875
9875
0
0
0
9770
9842
0
0
9958
9678
9958
0
9958
9997
0
0
0
0
9842
9695
9842
0
0
9997
9770
0
9875
9997
0
0
9894
0
0
0
9874
0
0
0
9875
0
0
9956
9783
9914
0
9866
9972
9866
9804
0
0
0
9786
0
0
8491
9875
0
9874
9875
9997
0
0
9875
9997
9783
0
0
9875
0
9874
0
0
0
9875
0
0
9783
0
9866
0
9769
0
0
5079
9783
0
0
0
0
0
9875
0
0
0
0
0
9897
0
9783
9886
9897
9874
9810
9997
9809
0
9875
9866
0
9874
0
0
9790
0
9968
9866
0
9759
9809
9997
9842
9727
9997
9849
0
0
9842
9866
9997
9997
0
9870
9842
0
9784
9783
9972
9842
0
9997
0
0
9956
0
9866
0
8437
0
0
0
0
9678
9883
0
9997
0
0
0
9938
9866
9975
9979
9866
9997
0
9859
0
0
9759
0
8437
9997
0
9958
9997
9997
9821
0
9875
0
9783
9783
0
0
0
9842
0
9875
0
0
0
9973
0
0
0
0
9842
9768
9866
9997
9783
9874
0
9842
9695
9842
9854
9997
0
0
9997
