0
0
0
186
4810
1541
4934
0
0
201
0
0
201
0
0
0
273
0
0
1551
0
0
1583
0
0
0
1579
0
0
0
228
4985
8
1522
0
0
257
0
0
0
0
0
0
0
75
4930
0
0
0
0
379
0
0
0
8
1394
0
0
0
0
140
0
0
4948
0
0
207
0
0
0
0
8
0
0
0
0
0
18
151
0
0
263
99
155
0
0
0
0
0
0
1433
107
0
260
0
154
0
0
263
0
1509
0
40
243
0
0
0
0
0
0
0
180
238
0
0
0
0
7
236
0
0
186
0
202
0
0
0
0
4872
4900
0
0
0
0
0
249
464
4966
0
0
0
0
290
4900
263
0
0
0
0
241
0
0
0
0
0
0
261
252
67
261
75
0
5024
200
0
172
0
0
0
15
0
385
0
0
277
124
0
35
0
0
0
0
0
73
4966
0
0
0
0
0
161
0
0
206
0
270
0
250
85
113
0
0
0
104
0
113
0
0
0
1538
0
0
0
0
0
0
97
0
1538
0
0
351
0
4844
0
256
0
42
0
1572
0
0
0
4844
0
261
0
0
0
1538
0
0
0
0
0
0
4835
25
37
0
0
0
0
0
1431
107
0
0
4880
0
0
0
134
0
0
0
0
0
0
213
0
0
0
0
0
27
0
0
317
0
133
0
86
64
0
0
0
0
385
214
0
4621
306
0
387
479
0
438
0
353
353
0
315
4794
0
441
0
0
353
353
657
354
0
0
529
0
0
0
369
0
0
0
0
385
453
211
0
328
0
380
431
0
379
0
1
201
399
0
0
1440
0
0
0
598
0
46
0
0
4762
471
373
0
0
0
0
0
0
200
453
0
296
529
439
0
0
1346
439
4974
4775
0
450
0
0
0
446
0
1384
0
353
0
0
131
316
340
4691
0
0
0
401
436
0
0
1302
355
527
0
409
320
418
0
352
0
428
371
527
313
1449
0
0
0
0
0
369
619
479
0
444
0
0
331
0
0
548
391
477
0
353
417
0
313
0
0
355
0
450
11
0
0
0
0
317
0
0
4900
0
444
0
0
316
260
0
140
438
0
418
482
411
0
479
527
200
312
512
0
0
286
290
417
0
548
317
0
527
0
0
69
0
0
264
0
1378
399
0
313
0
889
421
581
0
425
0
521
0
0
313
566
923
0
354
576
0
0
0
490
0
521
510
0
0
0
0
596
0
0
0
1214
558
0
0
655
0
0
529
0
598
0
818
0
558
0
500
0
1144
527
0
941
593
313
657
0
541
0
601
510
903
0
409
557
0
945
647
656
497
0
638
607
523
0
0
0
0
660
566
4553
0
0
0
0
638
0
872
564
647
0
510
488
0
638
525
566
638
0
527
0
667
0
559
643
0
4601
1340
0
598
0
518
315
0
0
0
609
0
0
769
0
827
691
0
0
490
0
597
0
0
0
565
630
0
510
0
0
660
655
0
0
0
0
652
0
1232
497
0
508
4664
333
564
0
856
755
0
539
593
0
513
0
891
0
0
0
0
510
509
670
0
319
0
0
0
0
591
0
0
500
596
527
559
0
407
0
0
625
0
0
656
0
0
741
0
0
0
850
0
845
0
4552
0
4482
0
892
4484
0
0
0
0
760
0
0
0
1031
943
0
0
0
713
0
0
4433
0
743
0
899
0
0
0
0
0
1146
823
955
0
0
0
0
0
835
0
0
719
0
0
618
963
952
0
0
4569
0
0
597
706
762
0
0
0
0
827
0
0
0
0
0
0
0
490
815
710
0
0
0
1144
0
0
0
0
0
845
1034
0
0
945
0
0
0
680
0
945
0
0
1042
0
0
0
0
0
0
0
0
805
746
0
835
741
0
1044
0
676
0
865
769
0
0
0
747
936
0
799
0
743
773
0
4569
0
0
773
0
0
0
0
871
0
0
782
700
930
0
0
0
0
0
0
0
713
0
0
0
0
0
0
778
793
0
969
0
1112
0
872
0
961
874
0
4403
0
0
952
0
805
0
0
0
4403
920
0
798
955
873
0
0
0
0
0
803
0
0
0
0
0
943
906
0
699
0
793
969
0
828
0
0
4545
782
0
0
1007
0
0
0
779
0
0
1146
0
0
724
660
0
0
0
4664
0
0
4664
815
783
0
0
699
0
0
0
818
704
943
0
0
714
0
0
0
835
0
759
0
0
713
727
0
756
4472
0
0
0
0
0
0
800
0
638
0
0
936
704
4457
0
0
0
0
0
0
0
0
0
1031
0
0
0
0
888
823
762
815
719
0
0
0
1144
1013
0
977
2057
0
0
1042
0
0
0
0
1062
1131
0
941
2047
0
1134
1042
0
0
0
1046
1060
1064
773
2074
0
0
1191
0
0
0
1153
0
708
0
0
0
1076
0
4273
1052
1167
1161
1141
0
0
0
0
2091
1099
0
1179
0
1110
691
1013
0
2208
1004
0
1109
1000
1137
1163
0
1062
0
0
1099
0
2071
0
1025
1190
0
1074
0
0
1127
1144
1000
1007
1104
597
1019
0
920
0
1051
0
978
941
1230
1022
0
1052
0
0
4273
0
1020
0
1103
1046
1004
1137
1105
741
1131
0
0
819
0
1076
0
941
1163
1110
766
1232
0
0
1190
865
0
1190
1022
0
0
0
0
819
773
1087
0
0
974
0
0
1230
1076
1230
1138
0
929
727
1003
1019
741
0
0
2140
0
1112
1137
1161
0
2071
2071
0
933
1025
0
0
1052
773
0
0
2134
0
766
0
1196
989
0
775
1025
993
0
0
0
4305
1172
0
0
2127
0
1141
0
1000
0
1004
0
733
1110
0
1170
0
1046
2047
0
0
993
2159
0
1020
2199
1031
0
4403
980
1099
0
0
2126
0
0
1158
0
0
2119
0
1102
1161
1226
1226
1262
510
593
567
827
518
2199
1232
941
1954
657
1214
307
0
1230
1377
529
1331
1262
1262
1232
1232
1283
1103
1230
0
971
2011
1931
0
1118
0
1214
1283
1232
1214
1232
1283
1011
1167
510
1340
1262
529
1377
1226
1109
1230
567
1302
1378
597
1971
1283
1262
1302
597
1283
1384
1283
827
0
1283
1283
1302
1971
2011
446
2023
1378
1954
1262
657
1331
593
2199
1346
1232
1331
548
1956
490
0
1262
645
1377
1954
597
1331
1378
1377
1214
1331
1904
1346
1687
1262
1555
1584
1262
1518
0
442
1560
1377
1440
1555
1226
510
1331
1971
441
1522
1511
510
1346
317
1522
1262
346
1559
1378
1413
1346
1522
1331
316
1440
2011
1378
0
473
1863
1378
1226
1979
1346
1378
1954
0
1440
1340
1503
390
1232
0
386
317
1302
1377
1302
1331
464
441
1560
1331
1302
353
1262
1340
439
1302
1302
1904
1340
1598
1834
1262
1340
1399
1232
1448
1331
1346
379
1214
0
0
593
1340
1302
1863
1377
0
1555
1555
1514
1522
1214
0
0
1754
0
0
1431
1618
1464
1596
0
0
260
0
0
0
0
0
1420
1511
0
0
0
1402
0
1699
0
1613
0
1553
1561
0
0
1475
0
1596
1415
109
1553
1481
0
1405
0
1462
0
0
1436
0
1547
1790
1453
0
1551
1440
1781
1560
0
1421
1403
0
0
1415
0
1503
0
4082
1400
1598
0
1453
1464
1399
1589
0
1551
0
1683
1560
1539
1544
0
0
0
0
0
1411
0
1406
284
1767
1523
0
0
1429
1687
0
70
1394
59
1472
0
0
0
1490
1577
1464
0
0
0
0
1405
1613
1699
0
0
1453
0
0
1593
1555
0
1503
0
0
1559
0
0
0
279
0
1445
0
1537
0
0
1577
4235
1537
1484
1497
0
1440
1794
1727
4180
1471
0
1573
0
0
0
1402
0
0
1453
0
1473
1689
0
0
1537
1572
0
0
0
0
0
1537
1411
1448
0
0
0
1561
1518
1542
80
1555
1394
1495
0
0
1582
0
0
0
0
1523
0
1598
0
0
1547
0
0
0
1411
1440
4807
1421
0
1505
0
25
0
1471
0
0
0
0
1498
1548
1570
1433
1473
1496
1799
0
2871
1764
2961
0
1811
0
0
1623
0
0
1834
0
0
1699
0
0
0
3104
1743
1779
1640
1411
2961
1825
1811
1762
0
1760
1685
2871
0
1753
1662
0
0
1751
0
0
0
1803
3100
1683
1641
1820
1644
1790
1615
1693
1693
1754
0
3284
0
2978
0
0
0
1671
1805
0
1606
1555
1622
2987
0
0
1681
0
1783
1699
1645
1790
1613
0
0
1790
0
1613
0
1805
0
0
0
1659
0
0
0
1643
1794
0
0
3063
0
1691
0
0
1802
1779
1736
2987
0
0
1730
1805
1691
3045
3277
1707
3026
0
0
1717
0
1802
1807
1716
1811
1742
3090
3290
0
3057
1751
0
1688
0
1672
1754
1680
0
1618
1696
1512
3017
3100
0
0
1575
1641
1811
0
1770
1622
1612
0
1522
0
0
1765
0
3433
1747
1688
0
1663
0
1771
0
0
0
0
0
1770
0
0
0
1615
0
1693
3160
1666
0
0
1699
0
0
0
1411
0
3143
1701
3090
1730
0
0
1719
3209
0
1743
1863
1613
0
0
1643
1671
0
0
1641
0
4087
0
1834
3042
1633
0
3128
0
1778
1661
0
1643
1666
0
0
1448
4087
0
1819
0
1699
3026
1834
1743
1834
1954
2848
1863
0
1971
1908
1897
1834
1661
1756
1813
1863
1954
1908
1687
1687
1971
1555
1302
1908
2801
1863
1931
1834
1377
1622
1954
2757
1331
1331
1302
2011
0
1378
3235
2801
2871
3235
2011
3235
1897
1743
2815
2757
1979
1904
1908
1622
2842
2011
1863
1834
1716
1994
1834
3100
3284
1622
1377
1834
1834
1897
1863
1904
1346
1346
0
1897
1897
2011
2912
1904
1863
0
1696
1622
1954
0
1791
2014
1331
1622
1863
1717
1954
2809
1904
1863
2871
1448
1340
2085
2004
2011
1908
1908
2569
1956
2080
2711
0
1004
2004
2011
2711
1956
2087
1283
2142
2700
1956
2594
1897
1956
2011
2037
1994
2540
2687
1931
1931
1384
1971
0
2014
0
2186
1971
2060
2011
1954
2733
2142
2023
1956
2230
1994
1979
1971
1994
0
1956
1340
2079
2051
2192
2637
2206
0
2186
1994
1931
2011
2004
2600
2548
2057
2206
2711
2004
1226
2230
1954
0
2014
2080
1230
1956
2637
2011
1230
1954
2058
0
2536
1908
2051
2057
2080
2087
0
2087
1956
0
2079
1971
2199
2684
1931
2569
2014
2206
0
2011
2420
2218
2173
2104
0
0
2157
0
2112
2469
2114
1188
0
0
2078
2400
2064
2082
1034
2156
0
2419
0
2179
2156
0
0
1138
0
0
2192
0
0
0
2109
0
2086
2166
2004
0
1042
2218
2400
0
0
0
0
0
2152
0
0
1019
0
0
0
0
1196
0
2198
2452
0
0
0
2198
2227
2112
0
2194
2156
2037
0
2278
0
0
2064
2097
2097
2127
2156
0
1954
1158
2351
1141
0
2038
2078
0
2050
0
0
0
0
2140
0
0
2079
2336
2317
0
2097
0
0
2082
2053
2307
2156
0
2104
0
2230
2461
2169
4005
2532
0
2211
0
982
0
0
2208
0
1158
2218
2295
2497
0
2004
2132
2085
0
0
2069
0
2461
2045
2057
2165
2194
0
0
0
2217
0
2060
0
2286
0
982
0
0
0
2205
0
2114
0
0
2086
2198
0
0
0
2165
1196
2217
2142
0
2228
0
2192
1020
0
0
0
2068
2011
2230
2078
2218
0
0
0
0
2228
0
0
1141
0
2109
2140
1931
0
0
2127
0
2082
2532
2127
1020
0
0
0
0
0
0
0
2419
0
2082
0
0
2080
0
0
0
2344
0
0
0
0
0
0
2282
0
0
2593
0
0
2206
2527
0
3870
2185
0
0
2694
2532
2315
2498
2325
0
0
0
0
3888
0
0
2439
2240
0
2315
2424
0
2495
2510
0
0
0
0
0
0
0
2313
2495
0
0
2397
0
0
0
0
0
2496
0
0
2400
0
0
2098
2488
2490
0
0
0
2268
2239
2495
0
0
0
2297
0
2407
2497
2708
2378
0
0
2353
0
2391
2488
0
2475
0
2670
0
2416
2284
0
0
2685
0
0
0
0
0
0
0
3765
2435
0
0
0
2450
0
0
0
2120
2177
0
0
2379
0
0
0
0
0
2672
2252
0
0
2245
2522
2496
0
2338
2259
0
2348
2343
2362
0
0
2296
0
2475
2231
2050
2296
0
2654
0
2394
2501
0
0
2532
0
2468
2363
0
2343
2418
0
0
0
2328
2307
0
0
0
0
0
0
0
0
0
2405
2424
0
0
0
0
0
0
2444
0
0
0
2408
2379
2525
2295
2206
2080
3736
0
0
0
0
0
2315
0
2452
2612
2419
2410
0
0
2050
0
0
2448
0
2642
0
0
0
0
2482
2410
2439
0
0
0
0
2322
2243
2412
2336
2037
0
0
0
2459
0
0
2240
0
0
2532
0
2315
3906
0
0
0
2514
2252
2299
2418
0
0
0
2470
0
2140
0
0
0
0
0
2494
0
0
0
2423
0
3757
0
2437
2328
0
0
0
3825
0
0
2416
0
2723
2335
0
0
0
0
0
0
0
2300
0
2475
0
0
0
0
2285
2681
2694
0
2702
1956
0
0
0
2681
0
0
2639
0
0
0
2735
2714
2643
2840
2702
2617
0
2555
0
2562
2599
0
2437
0
2643
2955
2700
2612
2668
2955
0
0
0
2211
2689
2744
0
0
0
2540
2671
2374
2536
2598
2757
2642
2714
0
0
2817
2681
0
2211
2540
0
0
0
2595
2434
0
0
0
0
0
0
2681
2735
2955
2601
0
0
2586
2536
0
2711
0
2883
2735
0
0
2841
0
0
2681
2687
2598
2546
2531
2692
2192
2630
0
2294
2717
2618
0
2598
2014
0
2439
0
0
0
0
0
2557
0
2692
2684
0
0
2692
2639
2702
0
0
2603
2712
0
2598
0
2634
0
2643
2637
0
2328
2955
2685
0
2576
0
0
0
2540
2618
2841
2602
2642
2664
2348
0
0
2643
2643
0
0
2577
0
2447
0
0
0
0
2642
0
2744
2601
2724
0
2670
0
2708
0
2668
2612
0
2639
2539
0
0
0
0
0
2540
0
3765
2670
0
2733
2685
0
0
2634
0
0
2587
2727
0
0
0
1979
2513
2763
0
2642
0
0
0
2691
0
2936
0
2602
2787
0
0
0
0
2618
2946
2856
2794
2821
2645
2883
2911
1834
0
3174
2747
0
1897
2914
0
2839
2939
2794
3100
2774
0
2779
2788
0
2769
0
0
2806
2849
2775
0
2874
2721
2841
3186
0
0
2832
0
0
0
0
2804
2907
0
0
0
0
0
2747
2836
2866
0
3104
2779
0
1834
0
3186
0
0
0
2787
2910
0
2934
0
2944
0
3186
2845
0
0
2757
0
0
0
2860
3342
0
3104
2913
0
0
2815
0
2864
0
2953
0
0
0
0
0
2804
2846
0
0
2883
0
0
2866
2926
2936
2618
1979
2914
0
2944
3100
2779
0
3108
0
3148
0
3174
0
0
2815
0
2795
0
2881
2883
0
0
1834
2966
2834
2747
2911
0
3164
0
2952
0
2614
2940
2841
2772
0
2845
2907
2774
2815
2747
2741
3199
3236
0
2831
2745
2689
0
0
2664
2903
0
0
3101
0
0
0
0
0
1834
2541
2747
2964
2794
3601
0
2885
2614
3164
2911
0
2797
0
2637
0
0
2763
2864
0
2779
0
0
3101
0
0
2747
2774
2810
0
2944
0
2787
2842
2614
0
2953
0
0
2911
0
0
2824
2862
0
3420
0
0
0
0
0
0
3159
3265
3126
2976
3368
0
0
2973
3211
0
0
0
3252
0
0
3289
3191
3127
0
3143
0
3104
3237
3436
0
3008
1768
0
0
3277
0
0
0
0
0
3214
0
3443
0
3217
0
0
0
0
0
0
1819
3143
3068
0
0
3022
3017
0
3198
0
0
0
0
0
0
3118
0
0
3101
0
0
0
3433
3123
2964
1644
0
3127
3157
0
0
2973
0
1662
0
0
0
2903
0
0
3191
0
3052
0
0
0
0
0
0
3051
0
0
0
0
3179
0
3051
3034
0
3326
0
3165
0
3271
0
1779
0
3034
2789
3130
3047
3242
0
0
0
3027
3024
0
0
0
3219
1819
0
3246
3282
0
0
0
0
3190
0
0
3112
3045
0
0
0
0
3016
0
3400
3241
0
3101
0
0
2760
0
0
2985
0
3217
0
0
0
0
1719
0
2741
0
0
2973
0
3272
1765
0
2959
1802
2994
0
0
3271
3193
0
3420
0
0
3265
0
3148
0
3241
2998
0
0
0
0
0
1691
3009
3263
0
0
0
0
3045
0
3214
3433
0
0
0
0
3193
2787
3174
0
3374
0
0
0
3210
3271
0
3218
3193
0
0
0
0
0
2834
0
0
3198
0
0
3091
0
3165
0
3047
3433
3326
0
0
0
0
0
0
1760
0
0
3342
0
0
0
0
3190
0
0
1779
0
0
3127
0
3007
0
3217
0
3265
3133
0
0
0
3166
0
0
0
0
0
0
0
0
0
3285
0
2842
0
0
3265
0
3051
3415
0
0
3075
1691
3254
0
0
3226
0
0
3208
3025
2995
0
0
0
3156
3370
3135
0
0
3017
3242
0
2789
0
3024
0
0
3066
3243
3242
0
0
0
3483
0
3601
6569
0
0
3386
0
3443
3354
0
3491
3374
3214
3471
3433
3327
3311
3474
0
0
3356
3370
3495
0
3099
3474
0
4087
3482
0
0
3499
3001
0
0
3494
0
3323
3419
0
6609
3322
0
3354
3339
0
0
0
3440
0
3447
0
3415
3419
3481
0
3326
3179
0
0
3492
0
0
0
6701
3443
3361
3483
0
3483
0
4059
3504
3439
3558
0
3398
0
3356
3339
3585
0
6559
3342
0
4059
3565
0
3483
3558
3109
3436
3387
0
0
3356
0
3392
3387
0
0
3370
0
3463
3389
0
0
0
0
3164
3465
0
3496
0
3401
3401
3311
6523
3563
3245
6710
0
0
3354
3491
0
0
0
3323
3400
3312
6569
3432
0
3165
0
3323
0
3460
0
0
6716
3436
0
0
0
0
0
3363
0
0
3499
3483
0
0
0
3496
3406
0
3487
0
3496
3386
3101
0
0
3323
0
3354
3517
0
3048
0
3007
3439
6536
0
3386
0
3448
0
0
3476
0
0
6710
3079
3179
0
0
0
3352
0
3451
0
0
3495
3401
0
0
3214
0
0
0
0
6533
0
0
3585
3010
3356
0
3010
0
0
3483
0
0
0
3494
3460
6700
0
6693
0
3585
3157
3482
3297
3585
3563
6514
3342
3617
3565
3647
3563
3563
3585
3342
6419
3565
6569
3617
3601
3558
2862
3617
3720
3483
3585
2862
3643
3565
2602
3684
3563
3323
3558
3491
3638
3585
2817
2806
3647
0
3499
3585
3492
2747
0
3356
0
3342
2618
3617
2883
3565
3565
2883
3164
3585
3684
3585
6500
3400
3342
3601
3684
3601
3563
3565
0
3638
3643
6475
3585
3617
3440
3643
3601
3643
3601
3617
3563
3565
3647
3601
0
2794
3720
2885
6419
3563
3340
3339
3585
3617
3563
3483
2775
3638
2883
3440
0
3451
3565
6395
3684
2883
3356
3565
3558
3837
6409
3684
3885
3684
3617
3902
2692
3720
3647
3638
2690
0
3691
3558
3808
3808
0
3643
6395
3885
0
2709
6337
3638
3881
2769
3638
3617
6409
3720
3735
3647
3720
3808
6395
6337
2630
3638
6395
3638
2717
3684
3684
3837
2709
3766
3877
6327
3647
3720
3765
3787
3787
2436
2709
3691
3844
0
3684
2433
3617
6108
3691
2702
0
6409
3844
3691
3877
2614
3647
3643
3643
3643
2709
2643
3787
2612
3784
6409
6337
3720
3691
3720
6409
3691
3691
3720
3808
3877
2717
3691
3638
0
3822
3684
2654
2643
6337
6395
2630
6120
6409
3720
3766
3785
0
0
0
0
0
3888
0
0
2460
0
0
6272
3865
0
3774
0
0
2386
3638
3848
0
3735
3788
2356
0
3856
3740
3885
0
0
3873
2392
0
0
3808
3776
6108
3737
3903
0
3905
0
0
0
3869
2617
2423
3888
3869
3848
3848
0
0
0
0
0
3794
3691
2461
0
3737
0
3753
3776
3869
0
3775
0
0
0
0
0
0
0
0
0
0
3761
0
0
0
3784
3834
3912
3643
0
0
0
3802
0
3785
0
0
3808
0
3792
0
3787
3735
2532
0
0
4020
6122
0
2246
3928
0
0
3809
3881
0
0
0
0
0
2366
0
3892
6295
3757
0
3897
0
3786
0
3761
3971
3786
6122
0
3863
0
0
3776
3844
0
0
3847
3892
0
3847
0
3897
0
3735
6173
0
0
6272
0
2435
0
0
0
0
3845
0
3870
0
3895
3883
0
2436
0
3869
3798
2500
2250
0
0
3909
0
0
0
0
0
3794
0
0
3881
3822
6133
2461
3971
3924
2294
3841
6138
0
0
0
3742
0
3885
0
2198
2030
3895
2047
3850
3971
6081
4305
4005
6081
4309
2068
6080
6096
4273
3971
2198
6088
2098
5714
6081
5669
6096
3978
4020
4020
3978
3827
3971
6059
3978
4305
6096
6185
6088
3804
4005
3971
3805
3978
6028
4309
0
4005
4324
2109
4020
6122
4005
0
2198
4305
6081
3978
3971
4020
4005
2165
3812
2225
3869
2225
6080
4020
4309
4005
4324
3829
4309
4305
4020
3775
1138
4324
2097
4273
0
4309
6028
4020
3978
2156
2225
982
2208
4005
6080
6026
3971
4324
2165
0
3971
2126
6096
6026
5974
4207
4082
4219
5792
4082
6671
1753
4207
3420
4059
5882
4117
1754
3432
3351
4207
4082
5934
5934
3415
4087
4188
4183
4087
3363
5934
4219
4219
1618
1699
4059
4117
1754
0
1643
1615
5974
5991
4087
3481
4082
4207
5974
4059
3393
4207
3436
5921
4183
3299
4207
5974
4219
4219
4219
4183
0
3507
5974
3392
4183
0
1640
4219
1754
1742
1691
4117
3485
1662
6658
3026
3326
4219
6674
4219
4087
3481
4087
3297
4087
1618
4183
4219
4209
1742
3393
5882
4219
3392
1762
0
3485
4219
4207
4219
4219
4207
3395
5995
1643
4082
4087
3438
3326
4183
4235
3393
4059
1699
4059
4219
4188
4985
1554
4180
4168
4168
4218
4880
5782
4207
4188
4180
5832
5899
4219
4117
4218
4219
5782
4985
5792
4188
4920
4209
1580
263
4183
1554
4218
4207
0
4209
5782
4207
1538
1574
4183
4183
1537
1618
4218
4207
0
4834
4207
0
4183
5882
5875
4807
0
4219
4235
4207
4984
4846
4892
5991
4207
5875
4235
4168
4168
4219
4207
1490
4188
4183
4180
0
4059
0
4183
4168
4188
1613
1445
4807
4188
4892
0
0
4087
5842
4219
4235
4209
4235
5842
4183
4117
4059
4219
4180
4219
4219
1754
0
4209
4188
4984
5882
4168
4059
5958
1618
4059
5882
4168
4183
53
4059
4219
4207
4168
5882
5792
4218
4218
4235
4188
4168
4219
4309
4323
4305
6096
4323
5681
4273
1146
5732
4273
4305
1161
0
4309
4323
5714
5714
4505
4305
5720
4324
4403
4323
4305
982
4005
4273
1042
5714
4309
4323
1060
1138
4323
5714
1141
5681
5714
4305
4323
4324
1161
5732
4505
0
4324
4305
4323
0
4323
4324
4309
4309
4273
1146
4459
6028
1034
1161
4273
5681
4273
0
0
4005
4305
982
4505
4481
5720
4323
4324
5714
5732
5681
4323
4512
4324
4324
4309
4305
4305
4529
4584
4305
4305
1007
4309
4305
4463
1141
4273
5720
6028
4482
1034
4305
4309
4305
5714
4522
4372
4569
4372
4601
4433
963
4433
4474
5509
4474
0
0
4481
0
4571
745
4546
4484
0
4433
0
4489
0
4482
0
0
0
0
4457
4402
0
4527
0
4441
4273
4420
0
4498
676
4584
0
0
0
4375
0
0
4522
4406
4508
4522
0
5720
4575
0
732
0
4569
4557
0
874
668
912
4463
4482
0
5498
4567
4553
4543
4417
4496
0
0
954
4543
4309
4387
0
0
0
0
4540
0
4522
0
4476
0
4387
0
4482
4551
4463
4552
0
4474
0
4459
0
4496
4584
0
0
0
834
4512
4505
4482
4462
5479
5609
0
4545
0
4571
0
0
4584
4420
4455
0
0
4557
0
4532
4573
0
4495
0
4386
4508
0
4389
4529
0
0
0
0
4543
0
0
4664
0
4512
0
671
4402
0
0
4273
4484
0
0
4388
4569
4389
4498
906
5498
0
4476
0
4505
5613
0
0
0
0
0
4512
4492
0
4463
4522
5560
4575
4543
0
5462
0
4462
4375
0
4484
0
0
4386
4406
4557
0
0
0
0
0
4584
671
0
4576
0
4538
4389
0
4489
0
0
4386
0
5609
0
4398
0
892
0
4545
0
0
4564
4538
4522
0
0
0
4476
0
4496
4404
0
969
4775
4647
4420
4500
668
668
5346
4621
5396
4664
647
4691
0
4601
534
4601
643
5560
4664
4621
4621
4575
4691
4785
4647
4664
4601
4664
4777
409
4762
4621
0
4664
4565
4769
4647
4647
4412
517
668
4664
647
4789
553
4789
4785
4621
5398
4664
553
5345
4664
4420
4404
4794
4789
721
0
5290
4404
523
5473
4562
4621
4386
4647
4621
4777
4664
4575
4664
4762
4601
4647
0
4789
4664
4785
4789
4386
4565
4664
4601
5345
4789
4508
4404
4647
493
4601
553
4788
4769
5334
4871
4775
4788
4691
4762
4789
4777
0
4762
5278
356
4810
4889
5290
4974
4647
4837
479
5290
4789
5036
4762
4621
4777
4736
4794
4794
428
5334
4788
4837
4769
4775
444
4691
4871
4647
4974
5345
4785
5278
450
4762
5345
4789
4736
387
5003
5003
4777
4775
4621
0
4931
4775
4647
4785
4794
4785
4769
4769
5334
4775
4691
4691
4794
5334
4810
4789
4789
4691
4775
4785
4789
4777
4691
4788
387
0
4762
4794
4794
4769
5278
5026
0
4647
428
4762
344
5345
0
408
0
5278
5334
4785
5278
4621
387
5235
0
5278
447
0
0
4871
4736
4647
331
0
4736
444
4785
4762
4775
1
387
444
4931
5003
5290
4775
0
267
0
0
0
4946
4975
4981
0
0
4865
69
0
5122
4948
4844
4785
0
0
5200
4910
5024
0
0
0
5122
4975
0
0
4981
0
4865
4794
0
0
0
0
0
4978
0
0
0
4847
4843
4981
5063
4909
4870
134
0
4840
0
5026
0
4900
4819
0
4842
0
284
4948
0
0
0
0
0
0
0
4971
4982
5002
5003
166
0
4979
4872
4870
5003
0
4953
0
4168
0
4917
4168
0
0
4840
4922
0
4914
0
4982
0
4982
75
4865
4917
191
5200
4940
4933
0
0
4775
0
4846
0
4892
4736
0
4844
0
0
5085
0
4885
5002
4847
0
5016
4974
4982
0
0
4982
0
0
4980
5000
4922
5008
186
0
0
0
80
53
4979
0
5012
0
4846
0
4848
0
0
4841
5016
0
5105
4950
4896
4917
5002
4917
5200
0
4974
0
4811
4856
4931
4856
0
0
1481
0
0
4912
270
0
0
0
0
0
0
0
0
4985
4809
4834
0
0
4920
4810
5015
0
4775
0
4889
5015
0
0
4829
0
0
4999
0
0
4983
0
4829
0
0
0
53
0
0
0
351
0
5046
4982
4830
0
5003
0
5012
0
69
5003
0
5033
4843
4930
0
76
5016
0
270
5088
5214
0
0
5116
0
0
4980
0
5109
5136
4893
0
4990
5842
0
5050
5235
0
5251
0
0
5102
9944
0
0
5088
9918
0
0
0
0
0
5225
0
5842
5069
5109
0
5249
4847
0
0
0
5095
9778
0
0
5116
0
0
5053
0
5046
5224
5194
4946
0
5238
5214
4847
0
0
5235
0
5238
0
0
5100
5224
0
0
9839
5165
5063
5200
0
5191
0
0
0
5225
5196
5046
0
5062
0
5069
0
0
0
9758
9980
5842
5244
5124
5224
5202
0
5192
5196
0
5185
0
0
5334
0
4978
5128
9842
5225
9842
5223
5200
0
5169
9778
5245
0
0
0
5242
5080
5136
9886
0
5069
0
5050
5108
9833
0
5229
5251
4840
5084
9867
0
5238
5238
5196
5063
4860
5832
5124
5067
5169
0
5245
5081
5842
5782
0
0
0
9952
0
4841
0
5245
5225
0
0
9789
0
4892
5003
5026
0
5122
5245
0
5223
0
4837
5251
0
5040
5142
5040
5192
5124
5085
4919
9758
0
0
0
0
5229
4990
0
5842
0
5056
5015
0
0
0
5105
0
5211
5046
0
0
5139
0
0
9867
5114
0
0
5041
0
4775
5327
5235
5290
5334
5396
9521
9639
5058
5305
5305
9648
4777
5345
9354
9511
5305
5334
9672
5334
5396
5346
5290
4871
9684
5044
0
5290
4736
5305
9571
9328
9639
5278
5234
4788
5290
5346
0
9418
5169
5345
5290
5278
5229
9932
4785
5345
5346
4777
4762
4789
5345
0
5327
5278
5305
5278
5339
5346
9627
5290
5235
5339
5305
9652
9542
5290
4794
5290
9783
5109
9908
5085
9542
0
5346
9521
9684
5334
5339
9932
0
9783
5345
5396
5278
0
5290
5235
9632
5235
5234
0
0
5144
5278
5214
4775
5345
5305
4664
9347
5609
5290
5417
4575
9357
5290
5396
4386
9478
5396
5399
9464
9426
9364
5417
5417
9354
9413
9418
5399
5464
5346
4462
5334
5396
5346
5334
4789
5346
5334
5539
5399
4601
9340
5334
9418
5417
5417
9390
5508
5464
0
9436
0
0
4386
5469
5417
5417
5473
5396
5278
5339
9679
4601
9354
5290
4601
5290
5278
9418
4789
0
5396
5334
5278
5417
5396
5278
5346
5278
5345
5417
9521
5509
9426
5399
4462
5345
5417
5499
5290
5550
4621
4789
5609
5396
5278
9498
9341
5290
5345
9475
0
0
5580
4375
0
5469
5743
0
5619
5594
0
0
0
5509
0
5476
0
5599
0
0
0
0
5539
5466
4402
0
0
5768
0
0
9156
0
5631
5549
5547
0
9029
5599
5477
5627
5532
0
0
4440
5567
5561
5452
0
0
0
0
0
0
0
5577
0
5583
5477
4394
5595
0
0
0
0
0
5503
5469
0
0
0
9198
0
0
5490
9231
0
0
5516
9233
0
5681
0
0
5627
0
5417
0
5641
5560
0
5477
0
0
4496
0
5650
5560
4512
0
0
5732
0
0
0
4512
4664
5524
5584
5575
0
5633
5628
0
0
0
0
5468
4455
5627
0
0
5626
5577
0
5631
5462
5639
0
5578
0
0
5503
0
8929
5629
0
0
0
0
5599
5540
0
0
0
5619
5563
0
0
4529
5619
4543
0
0
4417
5509
5550
5560
0
5452
4417
9208
0
5464
9153
0
0
4512
5523
5578
5628
5632
0
0
0
5540
5468
4388
0
0
0
0
0
5743
0
0
0
0
5620
5452
0
5549
0
9208
0
5563
5509
9231
5500
5560
0
5498
5647
0
6096
9021
6028
6028
5681
8874
9088
5756
5743
4305
9151
8968
7934
5669
5669
5681
5768
5768
0
8998
5743
5498
5669
4512
5567
4305
5714
9027
5681
5732
0
5714
8929
5756
5669
5669
5720
5743
5523
5567
4584
8872
5732
5459
5448
5669
9245
5714
5756
8874
5743
6096
5768
5620
6059
9151
5756
6059
6096
5743
4455
5743
8989
0
5681
6096
4005
5732
8929
0
8969
5756
8969
5714
8892
5524
5479
5714
4309
5732
6096
0
8827
5732
8918
9151
5669
8899
5567
8915
5681
5743
0
6059
8987
5455
8988
8998
8998
4309
5732
5669
6059
4273
5681
0
6028
5732
5681
4323
8874
7730
5681
4305
6096
8989
8913
0
5842
5792
5832
9950
5934
5782
5874
5202
5874
5792
5875
4219
8355
0
5875
5782
5958
5958
5245
5782
5792
8196
5782
0
8552
5782
8447
4209
5792
8552
5191
4218
4059
8421
5832
5782
5792
4059
4218
5991
5792
4183
5792
5202
5202
8552
5934
4219
5832
4919
8580
5782
5782
5832
5792
4218
5874
5040
4180
8433
4919
5875
4059
0
5991
5116
5842
8422
5116
5792
5792
5192
5842
0
4218
5874
8476
5958
8521
8527
5202
5194
5782
8552
4218
5921
5192
8552
5782
5124
5124
5934
5782
4235
5899
5832
5921
5832
5059
4218
4059
5070
5832
4059
5899
0
0
8464
8203
5842
4218
5875
5934
0
4082
5225
5202
5875
5995
5882
6588
5875
8376
5934
5934
6524
6671
8390
5899
5974
0
5882
8271
6674
6701
5974
5991
5899
5934
5974
3322
5921
5935
6523
8241
5934
5958
8381
5882
5958
5899
4082
0
8286
8336
3439
8168
8181
5782
5991
8241
5875
6608
4059
5875
0
0
5792
6728
4087
6658
5875
8354
6701
5993
6671
3436
8254
5935
4059
5875
8355
5935
6557
5991
5995
5958
5899
5882
0
5934
5792
5974
5935
4219
5991
6645
6658
5974
6634
8196
5995
8309
5882
4219
0
8241
5935
3392
5875
5991
5993
6585
5899
5934
4219
5882
5882
5935
4082
4219
6674
0
8476
0
6707
0
5974
6096
7812
6168
3971
7812
7794
6096
7804
6028
6081
6028
6096
6088
6028
6092
6096
4020
7883
6125
6080
6026
4020
6092
6028
6081
7806
5720
6028
4309
0
5756
0
6096
7883
7836
7739
4309
6080
6080
6059
6121
6078
6081
6092
7891
6088
6059
6265
6026
6028
6096
6080
8922
6175
6080
8856
3971
7812
4020
7937
6088
6026
0
6212
6119
7585
6028
4309
6059
7739
6193
6092
6088
6170
6173
6088
6080
5756
6026
6078
6059
0
6201
0
0
6149
6026
6080
6078
6131
6080
0
6080
6096
6059
0
6119
7730
7738
0
3772
0
6098
0
0
7519
6199
6203
7701
0
6297
0
0
6088
0
6078
0
6125
6078
0
6137
6119
0
0
0
0
0
0
0
0
6203
6231
6250
0
0
0
0
6236
0
0
0
0
6239
7675
6026
6149
6130
6138
3691
0
3903
3856
0
0
0
6199
0
0
6175
0
6176
6119
6221
6215
6175
6182
6193
6265
0
3912
0
0
0
0
0
6132
0
6121
0
0
6165
7610
6295
7701
0
0
6273
3908
0
6131
6290
0
0
6290
0
6176
0
6149
6290
6138
0
6294
0
0
0
0
0
6267
7650
6101
7617
6126
6122
6026
0
0
3850
0
0
6215
6237
6188
6215
3886
0
0
6201
7572
6239
3850
0
6248
0
6106
0
6294
3749
6108
7617
0
0
0
0
6109
0
7538
6261
6215
0
0
6262
0
6181
0
6296
3858
0
0
7558
6130
6199
6080
0
0
0
0
6253
6189
0
6121
0
6175
6203
6121
3886
0
0
0
6203
6227
3846
6130
6123
0
0
6227
6176
0
6203
3691
6211
3841
0
0
0
6081
0
0
0
0
0
7653
0
0
0
0
6146
6320
6395
6409
6320
6395
6512
6320
6395
6377
7432
3638
7419
6327
7354
6260
7138
0
6109
3643
7264
6327
7366
3691
0
6395
7366
7419
6337
6474
6409
7436
6337
6409
0
6337
6320
6383
7256
6395
6395
3691
3684
6383
6120
3638
6337
6337
6395
6377
3638
7306
6377
7066
6383
7572
6320
6320
6383
6500
6409
6512
6409
6377
6320
7347
6409
6395
6337
7337
6395
6409
6395
6320
0
6337
6320
6238
3691
6123
0
3720
7362
6191
6409
7419
6395
6512
6383
6215
6191
6409
0
6135
3787
6409
3863
7138
7323
6237
3638
7312
6327
7323
7347
3638
0
6123
6419
6409
6514
7082
6512
3617
6500
6500
0
7113
6475
6607
6607
6500
6500
6419
6500
3558
6569
7094
3638
6514
6512
7121
6514
6500
3563
6419
6419
6475
6740
6475
6327
7094
6320
3617
6709
6337
6500
6419
6500
6337
7074
6512
7074
6409
7185
6474
6474
6419
6607
7185
7106
6475
6419
7066
7138
6419
6500
6475
7154
6474
7106
0
0
7272
6569
6514
6419
7323
6514
3563
3638
6500
6500
6512
7138
7066
6474
6514
7242
6512
6512
6500
6474
6753
6474
3335
6327
0
7067
7138
6533
3638
6716
6708
3601
6419
6474
3638
6500
0
7184
0
6500
3585
3335
3558
0
6533
6549
6549
0
0
5974
0
6701
6573
6606
0
7237
6929
0
0
5935
0
6710
6546
6589
6792
6613
3329
6512
6607
6587
0
6797
3463
0
0
6623
0
3492
0
0
0
0
6651
0
6500
6588
0
6567
6707
3415
6613
0
0
0
0
0
3476
0
6715
6519
7185
0
0
0
0
6797
6735
0
0
0
6697
0
0
0
0
0
0
0
6587
0
0
0
6902
0
6758
0
6964
6695
0
6708
0
0
0
0
0
6552
0
0
6585
0
6641
6550
0
6653
6686
6568
0
0
0
0
6693
6612
0
6704
3430
6716
6568
0
0
6592
6585
6713
6546
0
6610
0
0
0
3436
0
6669
6675
6713
6643
6562
0
6587
0
6691
6697
6519
6717
0
6590
6717
6612
6585
6579
6658
3437
6593
3453
6671
0
6704
0
6633
0
0
0
6645
0
6843
6475
6716
6556
0
3322
0
6608
0
0
0
5958
0
0
6645
0
5995
0
3509
0
6704
6556
0
0
6591
6606
0
6578
0
0
0
0
0
0
6831
0
6684
0
0
0
0
0
6813
6810
8240
6797
6770
0
0
0
0
0
0
0
6797
6787
0
0
0
0
0
0
0
6818
8311
0
6769
0
0
6951
6797
0
0
6955
0
0
7013
6546
7068
7028
0
6878
0
0
0
0
6825
6840
0
0
0
0
0
6583
0
0
0
0
6767
0
6929
6691
6815
6739
0
0
7033
6964
0
0
0
0
6887
0
0
0
6821
6731
6968
0
0
0
0
0
0
6945
6827
0
6589
0
0
6833
0
0
0
0
6805
0
7046
0
0
0
6792
0
0
0
0
0
6811
0
0
0
8354
0
0
0
6922
6802
7206
0
6961
7085
0
0
6725
0
0
6937
0
0
0
6997
0
0
0
0
0
6823
0
6645
0
6992
0
0
7037
0
6995
0
6927
0
0
6697
6925
6953
0
0
8163
6904
0
6552
0
7021
0
6915
8276
0
0
8286
6902
0
7157
0
6843
6973
7021
0
6797
7031
6944
6599
0
6937
5993
6821
0
0
0
6840
0
0
6811
0
8310
0
0
8303
6985
0
7000
0
0
0
0
0
0
0
0
0
0
0
6827
0
6883
6964
0
0
0
0
6519
0
0
0
0
0
0
8223
0
0
0
0
7035
0
0
0
0
0
7185
0
6591
0
6829
6964
0
0
7143
0
0
0
0
6783
0
6929
0
0
0
0
0
0
6998
0
8219
0
6992
0
6770
0
6753
0
0
6965
0
0
6807
0
0
0
0
0
6813
0
0
6883
0
6949
7229
6840
6684
0
6808
6783
6964
0
0
6955
0
0
6813
0
0
6850
0
6811
0
0
6995
0
6884
0
0
8213
0
6821
6807
0
0
0
0
0
0
0
7066
7047
0
7402
7419
7094
7083
7431
0
0
0
7088
7136
0
0
7085
0
7086
7136
0
0
6761
7068
0
0
7083
7158
7158
0
0
0
6500
6500
0
6474
7067
0
7386
6731
7153
0
7051
7143
0
0
0
7132
0
0
7237
0
7227
0
7224
0
0
0
7431
7068
7241
6937
0
7228
7061
7132
7140
7231
7167
0
7092
6500
7099
7090
0
7184
0
7237
7061
7386
7268
7093
7061
0
0
0
7239
0
7062
7229
0
0
0
7061
8128
0
7224
7153
0
0
7185
0
7068
0
0
0
0
0
7177
7122
7067
0
7092
7183
0
7170
0
0
7239
7062
0
0
7046
7177
7157
7048
0
7228
0
7239
0
0
7157
0
7111
0
7219
7402
7419
0
0
7323
0
7132
0
0
0
0
0
7219
7179
0
0
0
7099
7106
0
6983
0
7129
7158
7231
0
7272
7157
7144
0
7219
7036
0
8067
7144
7143
0
7176
7121
7031
7179
7082
7362
0
6419
0
7135
7183
0
7088
0
7177
7138
0
0
0
0
0
7128
0
7165
7090
7167
0
7093
0
7132
0
0
7138
0
7416
7391
7575
7407
7291
7372
7244
7357
7106
0
0
0
7282
0
0
0
0
7406
0
0
0
0
0
0
6395
0
0
0
0
7344
0
7271
0
0
7684
7391
7403
0
7313
7353
7275
0
7598
7800
0
7380
0
7406
7264
0
0
7391
7353
7377
0
0
7328
0
7372
7165
7436
0
6377
7111
0
7377
7376
0
0
0
7138
0
7328
7184
7129
7507
0
7406
0
7263
7431
7294
0
0
7426
0
7423
7074
7348
7219
0
7233
0
7357
0
6377
0
0
6137
0
7357
0
0
0
7346
7099
7266
0
0
0
7335
7342
0
0
7062
7299
0
0
7403
7261
7719
0
8050
7377
7224
6409
0
0
7603
0
0
0
0
0
0
0
7533
7344
7347
7347
7406
0
0
0
7295
7224
0
7380
7184
7272
0
0
7882
7426
7259
0
7479
0
0
7982
7444
0
0
7649
7421
7423
7260
0
7511
7265
7503
0
7113
0
0
7271
0
7289
0
6377
0
0
0
8050
0
7321
0
0
0
7346
0
0
0
0
0
7617
7487
0
7688
0
0
7642
7439
7302
0
0
0
0
7621
0
7891
0
7691
0
0
0
0
0
0
7487
7527
6229
7439
0
0
7535
7766
0
7672
7527
0
7571
7657
0
0
7617
0
0
7557
7520
0
0
0
0
0
0
0
7574
0
7667
7646
0
7646
0
7646
7396
0
7244
0
7677
7604
7608
0
0
7688
7640
0
7347
0
0
7451
0
0
7717
0
0
0
0
7555
0
0
0
0
7752
7719
0
0
7463
0
7658
0
6299
0
0
7547
7438
0
0
0
0
0
0
0
0
7678
0
0
7559
0
0
0
0
0
0
0
0
7391
6294
0
7874
0
7527
7498
0
0
0
0
0
7530
0
0
7244
0
7460
7559
7657
0
0
7387
7563
0
7593
7531
0
0
7749
7688
0
0
7545
0
0
0
0
0
0
7646
7557
0
0
7451
7588
0
0
6098
0
7445
0
7638
7481
0
7551
0
7575
0
0
0
7667
7486
7379
0
0
0
7374
7717
0
7589
0
0
0
7423
0
7688
0
7650
0
0
0
7603
0
7681
0
0
7575
0
0
0
0
0
7569
0
0
0
0
7603
0
7650
0
0
7313
0
0
0
0
7871
7723
0
0
7633
0
0
7610
0
0
6124
0
0
0
0
0
7451
7675
0
0
0
0
0
7449
0
0
7501
0
7300
0
7460
0
0
7688
7352
7548
0
7671
7485
7891
0
0
0
0
0
0
7517
0
0
0
0
0
0
7347
0
7565
0
0
0
0
0
0
7728
0
8896
0
7550
0
7882
0
0
7919
7909
0
0
0
7900
0
7939
7906
0
0
7913
0
0
8715
7672
0
7847
7802
0
7831
0
7884
7744
6092
0
0
0
0
7900
7876
7775
7920
0
9021
0
7919
0
8990
0
7753
7913
0
7468
7806
7728
7866
8969
7934
7873
7727
0
7883
0
0
8873
7730
0
7752
7753
0
0
0
7898
0
0
0
7851
7801
7732
0
7928
0
7744
7773
0
0
7920
7779
7767
6078
8856
0
7749
0
7898
7743
7885
7906
0
7791
0
7829
7885
9021
0
0
7804
0
7727
8923
0
0
7906
8032
7900
7569
0
6131
7816
8927
0
7802
0
7933
0
7838
0
0
7738
0
0
0
7885
7804
7906
0
7734
7929
7791
7982
0
7720
0
0
7728
0
0
0
0
7855
6078
0
0
0
0
7791
0
7882
0
7853
0
8852
7677
0
8913
7752
0
0
7933
0
0
8897
7822
7739
7728
0
0
0
0
7812
0
8852
0
7931
0
0
7919
7775
0
0
0
8922
7835
7550
8956
7862
0
0
0
7530
0
7900
0
0
0
8963
0
6092
0
7982
7752
8763
7898
7797
8953
7996
7261
8763
7396
8032
8750
8032
7800
8763
8715
8773
7829
7871
8067
7800
7773
8738
7375
7982
8032
8050
7982
8050
8788
7982
7282
8715
8763
8032
7743
7268
7829
8763
8032
8760
8101
0
8118
7406
8118
8738
7996
7898
8101
7996
7244
7677
8050
8032
8032
0
8118
7261
8118
8760
8773
8715
8032
8763
7831
7982
7982
7406
8773
7900
7882
7271
7400
8715
8738
8032
8118
7406
7282
8760
7244
7882
7996
7898
8050
8050
8118
8032
7800
7689
7244
0
7309
8773
7396
7406
8773
7752
8032
7267
7752
8715
7406
8706
7874
8763
7766
8032
7996
0
7915
7732
7800
7426
8963
8750
8050
8706
8032
7068
8738
8140
7068
8067
8369
8078
0
8296
8750
8618
0
8204
8270
8773
7158
8078
8626
0
7158
8635
8763
8760
8618
8078
8118
8618
8071
6769
8118
8330
8118
8101
8626
8673
8162
8071
8618
8635
8186
8128
0
8236
8296
8673
8078
8101
7068
8285
8128
7068
7010
8140
8285
8071
6903
8618
8078
0
8673
7168
8760
7996
8635
8291
8067
8078
8067
0
7224
8210
8118
8078
8128
8101
8673
8296
8140
8276
7165
0
8205
8078
8184
8201
8067
8369
8140
8071
8763
7068
7165
8140
8101
7210
7357
8639
8078
8673
8270
8390
8162
0
0
0
8381
8128
8207
0
0
0
8265
0
8240
8343
8204
8306
8249
8332
0
0
0
8235
8254
0
0
0
0
8271
0
8205
8450
8193
0
8265
8285
0
8250
6786
0
8250
0
0
0
0
0
8071
0
0
8189
0
8201
0
0
8315
8386
0
0
0
0
8307
8330
0
0
8228
8355
8264
8314
0
8303
0
0
0
8369
0
0
0
8265
8219
8270
0
0
8199
0
0
8350
8330
0
0
0
0
8230
0
8391
0
8347
8448
8287
7148
8248
0
8263
7010
0
0
0
8297
8309
0
0
0
0
0
0
8128
8271
0
0
8180
8231
6858
0
0
8213
0
0
0
0
8369
8350
0
0
8284
8511
8270
8323
0
0
8375
8556
0
8162
0
0
8336
8203
0
0
0
0
0
0
8202
0
0
0
0
8547
8268
8201
8371
8347
6786
0
0
8309
7158
0
8162
5921
0
8314
0
8276
8285
8272
0
6833
8432
8168
0
8311
8265
0
8343
0
8355
0
8297
8343
0
0
8207
0
0
0
8193
8204
8250
8315
5874
0
8272
8271
8271
0
8296
8354
0
0
8286
0
8296
8193
8571
0
0
6949
0
0
6903
0
6903
8202
0
6786
0
8249
8324
0
0
0
8581
8416
8467
8560
0
0
8396
8413
0
0
0
8463
0
0
0
8491
8369
0
0
8476
0
0
0
0
0
0
0
8432
0
0
0
0
0
8502
9843
8422
0
0
0
9843
0
0
8511
0
8205
9944
0
8474
0
8562
8440
8410
0
9893
0
0
0
0
0
0
8532
8396
0
8296
8438
0
8250
0
8466
8417
8583
0
0
8560
0
0
0
8476
0
8410
8521
0
0
8560
0
5792
8463
0
8424
8556
8450
0
0
0
9789
8514
0
0
8515
0
0
8635
5832
8491
0
8340
8552
0
0
8583
0
8514
0
8243
8450
0
9695
9893
0
0
8530
8315
0
0
9758
0
8476
0
8404
0
8547
8541
9833
9788
8583
0
0
8457
0
0
0
0
0
0
8410
9842
8424
8418
0
0
0
8241
8491
0
8476
0
8327
8414
8420
0
0
8581
0
8446
0
0
0
8587
0
0
0
0
8552
8527
8260
8580
8491
0
8545
0
8451
8556
8432
8219
0
8541
0
9874
0
0
8514
0
8581
0
8464
0
8581
8521
8635
8078
8750
8773
9537
8618
8760
9695
8405
8635
8626
8635
9706
8702
8639
9590
8118
8763
8763
8396
9725
8078
8763
8760
9514
9675
8511
8618
0
8635
8050
9675
8118
8454
8702
9645
0
9514
8750
9781
8400
8618
8438
8673
8635
0
8760
8078
8424
0
9647
8673
8635
8788
8618
8639
8078
8702
8078
8078
9725
8078
8702
8738
8635
9660
9708
8067
8702
8428
8071
8731
8731
8618
8767
9708
8715
8118
8626
8560
8545
9851
8639
0
8673
8635
9781
8071
8635
8715
8788
8205
9514
9520
8635
9537
9514
8626
8639
9781
8545
8750
8673
8673
9645
8639
8731
9621
9514
8738
8706
9537
0
8731
9706
8910
0
8863
8777
8908
8738
8626
9385
8773
8702
0
8715
9456
8738
9456
8767
8731
8767
8715
7982
8763
8032
9456
8050
8673
8953
0
8777
8032
9358
9387
8118
8773
0
8814
8767
9370
7982
8777
8855
8731
8773
8777
8854
8917
0
8896
9387
8788
8763
8814
8032
8050
8763
8773
0
8788
8738
0
8706
8760
8777
0
9706
8788
8763
8773
8777
0
8788
9397
8763
0
9223
9706
8788
8738
8767
8760
8032
8832
8032
8788
0
8936
8618
8767
8731
8618
8118
9427
8738
9385
7982
8788
8706
8118
9614
8626
7982
8760
9484
8750
8738
8788
8773
8618
8863
5681
0
0
8927
0
0
8979
8814
8915
0
8777
8854
0
0
0
8896
8826
8833
8998
0
0
8832
9027
0
0
9314
9211
9004
7937
0
8863
0
8940
8920
8854
0
0
8854
0
0
8876
0
0
0
8832
8951
7739
0
7884
9005
0
9005
8856
7937
8962
0
8842
8706
0
0
0
0
8933
0
0
0
0
0
9046
8886
8968
0
0
0
0
8893
0
7933
8826
0
0
0
9291
0
0
8945
0
8860
8863
8814
9116
0
8863
0
8906
0
0
0
8931
0
0
0
0
8909
0
0
8963
0
0
0
0
8915
8938
0
0
0
0
8921
0
0
0
8892
0
0
0
0
0
0
8972
8832
8832
0
0
8932
8855
9020
8979
8954
0
7878
0
0
8953
0
0
0
9025
8998
7871
0
0
8848
7939
7885
0
0
0
8933
8872
0
8860
8827
8908
0
0
0
0
8854
0
5768
8906
8921
0
0
0
0
0
0
0
0
0
7894
7730
8832
8931
0
9132
8825
8944
8873
8899
0
0
8908
8889
9232
8986
8763
5681
0
0
8945
8951
8936
7739
9032
7933
0
0
8050
8818
8944
0
8832
0
8967
0
9178
9150
0
9202
0
0
0
0
0
0
9101
0
0
0
9211
0
0
0
0
0
9202
9079
0
0
0
9084
9284
0
0
9074
8917
9196
9226
9144
0
0
0
8880
0
0
0
5625
0
0
0
0
0
0
0
0
0
0
9146
0
0
9054
9130
0
0
0
9262
0
0
0
9144
0
9142
0
0
0
0
0
9043
9098
0
0
9262
9235
9264
9116
9213
9245
9035
0
9089
9113
0
0
0
0
0
0
0
0
9052
0
9184
9287
9034
9168
0
0
0
9311
0
9035
0
9032
9134
9130
0
9203
0
0
0
9475
0
9231
9249
9295
0
0
0
0
0
9198
0
0
0
9184
0
0
0
9319
9235
0
9146
0
0
9162
9076
9314
0
0
9042
5508
9201
8874
0
9167
9039
9256
9184
0
0
0
0
0
0
0
0
0
9207
0
9256
0
0
0
0
0
0
0
0
0
5625
0
0
0
0
0
0
0
9188
0
8872
9207
0
0
0
9032
9250
0
0
0
5468
0
0
0
0
0
8929
0
0
0
0
0
0
9478
0
9153
9363
0
0
0
9358
0
0
0
0
0
0
0
9207
0
8874
0
0
9065
0
0
0
9277
0
9262
0
8937
9358
5460
0
0
0
9258
9495
9242
0
0
9205
0
0
0
9382
0
0
0
0
0
0
0
0
0
0
0
0
0
9099
0
0
0
0
9123
0
8929
0
9091
0
9221
0
9144
0
0
8874
0
9242
9226
0
0
9270
0
0
0
9297
0
9358
0
9432
0
9338
9506
0
9614
0
9264
0
9374
9614
5417
9448
0
0
9402
0
0
9614
0
8715
0
9484
0
0
0
9471
0
0
0
0
9553
9370
0
0
0
9396
9614
9465
0
0
0
8788
0
9494
0
0
0
0
9405
0
9218
0
9494
0
9406
0
0
0
9341
9117
0
0
0
0
0
0
9345
0
9247
0
0
0
0
0
0
0
9430
0
9540
5417
0
0
0
0
9385
9502
9358
0
0
5417
0
0
9130
0
0
9430
9454
9264
9520
9446
9437
0
0
9311
0
0
9302
0
9429
9118
9341
0
0
9498
9390
9402
8706
9357
9455
9464
9464
0
0
0
0
0
9644
9402
9607
0
0
0
9341
0
9217
0
0
9370
0
0
0
0
9385
9158
8854
9520
0
9122
9437
9365
0
0
9130
0
0
9505
9471
9117
8706
0
9419
9645
0
9321
9405
5327
5417
9448
0
0
0
9388
9367
0
9357
0
9607
0
9684
0
0
0
9399
0
9516
0
0
0
9588
0
9364
0
0
0
9581
0
0
9644
0
9647
9552
9684
9539
9657
9712
9797
0
9681
0
9588
0
9660
0
9627
0
0
9648
0
9644
9706
9816
9756
0
9621
9658
9556
9710
0
0
0
9756
0
9418
9603
9547
0
0
0
9553
0
0
0
9630
9648
9674
9571
0
9565
0
0
9566
9632
0
0
9708
9607
0
8635
0
9622
9523
9676
0
0
9565
0
9573
9539
0
0
0
8673
0
0
9647
0
8673
9781
0
9673
0
0
0
9517
0
9607
9788
0
9517
0
9593
9571
0
0
0
9660
0
0
0
9908
9675
0
0
9612
0
0
9607
0
9695
0
9621
9542
9566
9693
0
9387
0
9571
0
0
0
0
0
0
9718
9991
9619
0
9641
0
9738
9578
0
0
0
0
9641
9552
9788
0
9648
9691
9552
9672
0
8435
9660
0
0
0
0
0
0
9521
0
9514
0
0
9738
0
9622
9643
9573
9622
9542
0
0
9614
0
9573
0
9764
0
9552
0
0
9388
0
0
0
9759
0
8639
0
9553
0
0
0
0
9562
0
0
9577
0
9693
9706
9622
0
9542
9874
0
5040
0
8578
0
0
0
8397
0
0
9888
9961
0
0
0
9851
9958
0
0
0
9842
9731
9954
0
9758
0
9980
0
9827
9630
9980
0
9979
0
0
9851
9782
9884
0
0
0
0
9854
0
0
0
9733
9737
9941
0
0
0
5196
0
9833
0
0
0
0
0
0
9877
9821
0
0
0
0
0
9835
0
0
9800
0
9827
0
0
9646
0
9984
0
0
9979
9711
9833
0
0
9947
9827
0
9725
9913
0
0
0
0
0
0
9860
0
0
0
9816
0
0
0
9827
9764
0
0
0
0
0
0
0
0
0
9888
0
0
8562
0
0
9821
9955
0
0
0
9881
5156
0
0
9781
0
9725
0
0
0
9766
0
0
5079
9833
0
9941
0
0
0
0
5142
0
9816
0
0
0
9816
0
0
0
9752
0
0
0
0
0
0
9737
0
9713
0
0
9766
9824
0
9750
0
0
9839
0
0
9983
0
0
0
0
9984
0
9937
9849
0
0
9902
0
9881
0
0
0
5040
0
0
5079
0
8542
0
9908
0
0
0
0
9768
0
9825
0
0
0
0
9574
0
0
9744
0
0
9791
0
9980
0
0
0
0
0
0
0
9729
0
0
8463
9794
0
9827
9759
9733
0
0
9781
9775
9574
5209
0
0
0
9979
0
9851
0
0
0
0
0
9770
0
0
9930
9854
9768
9774
9565
9882
0
9966
9711
5059
0
5156
0
0
9918
