99
447
0
0
4900
263
4900
0
0
12
0
436
0
122
0
0
0
0
0
3
0
0
3
0
0
0
3
0
0
0
267
3
124
12
0
0
12
0
0
0
0
0
0
257
447
4900
0
0
0
1507
12
0
15
263
12
3
0
0
0
0
261
0
0
261
0
0
261
0
0
447
0
362
0
0
125
0
0
362
17
0
0
3
3
12
0
0
0
0
147
0
3
261
0
72
0
0
5018
0
267
0
0
161
0
4900
0
0
25
0
0
279
0
261
0
0
0
202
0
263
0
0
0
267
0
231
0
0
0
0
5021
261
0
0
0
0
0
12
12
4900
0
1510
0
0
12
4900
3
273
0
0
261
267
0
0
0
1404
0
0
261
0
261
0
447
0
0
261
0
5021
0
0
0
0
0
447
279
0
12
362
273
263
152
0
0
447
0
267
4900
0
0
0
0
0
0
0
0
3
0
4900
0
168
12
3
0
12
0
3
0
267
194
0
290
3
0
12
0
0
0
0
97
0
267
0
0
261
263
261
0
261
3
0
0
3
0
0
124
4900
0
261
0
0
47
267
124
25
0
4900
0
0
4900
267
37
0
4858
0
0
108
3
261
0
0
5021
3
0
0
3
0
0
0
0
0
0
12
0
0
0
0
224
95
0
0
12
0
12
0
3
261
0
0
0
0
369
0
0
598
441
0
479
598
0
598
304
441
441
0
598
369
0
441
0
0
441
1297
441
598
0
0
1284
0
362
0
369
0
0
0
0
369
598
441
0
612
421
598
479
369
362
0
479
362
479
0
0
362
598
0
0
598
0
362
489
0
479
362
598
369
0
362
341
0
0
369
4788
0
598
441
0
0
0
362
441
369
479
0
598
0
293
0
489
0
489
0
441
391
356
362
489
369
598
447
0
479
441
441
0
0
489
0
441
489
479
1297
441
0
489
0
598
598
441
489
362
0
447
598
0
0
369
598
479
0
598
0
0
479
0
0
489
489
1297
0
362
447
598
598
0
0
479
0
0
362
0
337
0
0
489
0
362
369
479
369
0
0
0
362
344
369
598
344
0
369
598
0
369
441
479
479
0
0
0
447
362
479
0
489
0
0
1297
352
0
447
362
0
0
0
1297
0
479
1284
0
909
657
0
0
0
596
1284
618
0
598
561
819
0
561
561
0
0
0
596
0
596
657
545
0
0
657
657
0
0
0
596
561
561
657
618
0
661
596
0
598
0
561
489
596
596
500
654
1284
596
0
618
657
1284
489
0
598
306
596
489
561
0
598
561
657
618
598
656
909
0
909
0
598
0
0
0
0
0
561
909
638
0
561
545
598
0
909
0
561
603
489
0
0
909
598
0
909
560
657
720
596
0
410
561
0
561
1284
0
598
657
596
598
0
618
0
598
657
0
618
0
819
819
0
0
1284
0
596
0
0
0
598
618
601
489
0
598
596
618
0
0
0
909
652
0
618
4601
657
489
561
598
561
0
596
909
0
657
657
0
4601
0
596
0
598
561
0
1284
909
561
0
489
0
0
0
0
591
0
0
0
819
596
558
0
0
596
561
561
0
4522
736
0
0
779
0
0
0
819
0
928
0
721
0
4522
0
928
721
0
0
0
0
0
0
839
0
913
931
913
0
0
819
0
0
779
0
721
736
0
0
0
0
0
928
913
721
928
779
732
0
0
0
721
736
0
928
0
0
819
779
909
0
0
4522
0
0
618
0
928
953
1039
0
0
819
0
913
0
0
0
0
0
736
0
721
0
0
0
736
0
0
0
0
815
909
913
819
0
736
0
0
0
913
819
736
0
736
779
0
0
0
721
0
0
0
0
0
779
0
835
0
0
1144
0
779
913
819
779
0
0
0
747
4522
545
736
0
909
736
0
4522
916
0
736
962
0
0
928
909
722
0
928
913
721
721
0
0
950
819
0
0
736
0
0
0
4522
0
0
0
618
0
721
0
4522
0
721
928
913
721
0
4522
0
0
909
0
909
673
0
0
4522
779
0
913
931
779
0
0
925
0
0
736
779
0
928
779
0
928
721
0
913
0
0
928
4443
928
0
0
721
909
0
0
779
0
928
0
4522
0
0
779
0
0
736
909
0
0
0
909
0
0
909
0
928
0
0
0
0
950
0
0
819
841
0
928
909
618
0
0
0
0
0
0
925
0
727
0
928
4522
0
853
0
0
0
819
721
0
909
736
0
721
928
721
0
0
0
0
0
0
0
0
0
819
928
0
0
968
721
928
928
909
0
0
0
0
1115
1144
0
1115
1115
0
0
1142
0
0
1138
0
1142
1142
0
1144
1142
0
1115
1142
0
1039
0
1154
0
1154
1144
1115
0
0
1115
0
1186
0
1153
1154
1144
0
0
0
1186
0
1154
1142
1144
1142
1138
1115
0
1179
0
1121
1115
0
1179
0
1115
1144
1115
986
1138
1186
1142
1115
1115
1144
1115
0
1142
0
1142
1142
0
1115
913
1154
1142
0
1115
0
1138
1138
1144
1115
913
1104
1144
1144
0
913
1142
1144
0
1154
1144
1144
1115
0
1142
0
992
1142
1044
1186
0
1115
1142
1115
1115
0
1154
1142
0
0
1144
0
1163
0
1144
1115
1115
1115
1144
0
0
1154
1144
0
1138
1186
0
1144
0
0
1144
1144
1186
1186
1144
974
913
0
1144
0
1144
1138
1115
1175
727
0
1115
1154
0
0
1115
0
913
1144
1142
1142
1115
1115
0
1144
1154
1144
0
1142
1144
1138
0
1138
0
1115
913
1138
1142
992
1154
1154
1144
0
0
1144
1138
0
2079
0
1138
913
1142
0
1115
0
1115
1115
1154
1115
0
1115
0
1142
1138
0
0
1154
1115
0
1144
1115
1144
0
1154
1115
0
1064
0
1142
913
0
1115
0
1170
1186
0
1186
1154
1284
1284
1144
1284
1284
1284
1284
1284
2023
1284
1284
1284
1284
2020
1284
1284
1115
2020
1284
1284
1284
2023
1284
1284
1284
1284
1284
2023
1115
1284
2023
1186
1186
1284
1284
1115
1284
1284
1284
2020
1284
1284
1284
1284
2020
1284
1284
1144
2023
1284
1284
1284
2020
1284
1284
1284
1284
1284
1144
1284
1284
1284
1284
1284
1115
1284
2020
2020
2020
489
2023
1284
1284
2020
596
1284
1284
1115
1284
2023
1284
1284
2023
1284
1284
0
618
1284
2020
1144
1297
1507
1297
1297
1297
1581
489
1863
0
1297
1297
1297
1297
1297
1297
1581
1297
441
1297
1297
489
1297
2020
1297
1507
1297
489
1284
1297
1581
1297
1297
1297
1284
1581
1297
1297
1297
441
441
1297
1297
1297
1284
1297
1297
1297
2020
1297
1297
1297
1297
1297
1297
1297
1284
1297
1297
1297
362
1863
441
1297
1284
362
1297
1297
1297
1297
362
1297
1284
1297
1297
1297
1297
1297
1297
1297
1297
1297
1297
1297
1581
1297
1297
1507
441
1297
1297
1297
1297
1284
1297
1297
1297
1297
1297
1581
1297
441
0
0
1618
0
0
0
1600
1507
1590
1598
0
1507
0
0
0
0
0
0
0
1436
0
1618
1600
0
1600
0
1600
0
1507
0
1429
1590
0
0
1596
1600
1590
1451
1590
0
0
0
1598
1618
0
1600
0
1581
1618
1507
1507
1600
1581
4122
1581
1590
1590
1600
1581
1507
1590
0
1507
0
1600
1581
1581
0
1507
1598
1507
0
0
1618
0
0
1507
1600
1590
1539
0
0
1402
1603
1600
0
1600
1590
1581
1581
1590
1590
1618
1507
1539
0
1498
1583
1600
1393
0
0
1590
0
1598
0
0
279
0
1618
1600
1600
0
0
1507
0
0
0
1507
0
0
1507
0
1507
1598
0
1512
1590
1598
1600
0
1618
1581
1507
1577
1600
0
1618
1507
0
1507
4122
1618
1590
1598
0
1590
1600
1590
0
1600
0
0
1507
1600
1507
1600
0
0
1590
1600
1431
0
0
1600
1581
1600
1590
1581
1507
1581
0
0
1581
1510
3
1581
1590
1600
0
0
1581
1590
0
1590
1692
1507
0
1507
1596
1590
0
0
0
1507
1618
1581
1590
1600
1562
0
0
0
1591
1581
0
0
1598
0
1581
0
1570
1600
0
1507
4122
1730
1730
1730
1765
0
1811
0
1618
1730
1677
0
1765
0
1618
1790
1765
1730
1716
1765
1765
3282
1790
1790
1765
1730
1811
1790
0
1730
1730
1765
0
1777
4122
0
0
0
1742
0
0
1737
1765
1716
1790
1765
1742
4122
1737
1730
1730
4122
1640
1730
0
1730
0
1737
0
1790
1765
1777
1716
1716
1730
1742
1742
1783
1681
0
1765
1790
0
1737
1618
0
0
1737
0
4122
0
1730
1716
0
0
1742
1737
0
0
1737
1716
0
0
1730
1790
1737
0
0
1716
3282
1730
1737
0
0
1716
1730
1737
1737
1765
1737
1737
0
0
1730
0
1716
1737
1730
1716
4122
1737
1737
0
1765
1716
0
1737
1811
1730
1737
1716
0
0
1765
1618
0
1765
0
1716
1716
4122
0
3128
1770
1730
1742
0
1716
0
1790
1730
1783
1737
3249
1730
0
1716
0
4122
0
0
0
0
0
1742
0
0
0
4122
1730
1730
1730
0
0
3282
1737
0
1765
0
1790
0
1737
1765
3282
1716
0
0
1742
1737
0
1823
1730
1742
0
0
4122
1790
0
0
1742
1765
1737
0
1730
0
4122
0
1765
0
0
1716
0
1737
1716
3282
0
1716
1737
0
1737
0
1790
1737
1863
1863
1863
1863
1863
1863
1863
2020
1863
1863
1863
1863
1730
1730
1863
1863
1863
1863
1863
2020
1716
2020
2020
1863
2020
2655
1863
1863
1863
1863
2020
2020
2020
2020
2020
0
1863
1730
1863
1863
2842
2020
1765
2763
1863
2020
2020
1863
1863
1863
1863
1863
2020
1863
2763
1716
2020
1863
1765
1765
1863
1863
1863
2842
1863
2763
1863
1863
1863
1863
2020
1863
2020
2842
1863
1863
1863
1765
1863
2020
2763
1716
2020
1863
1730
1863
3249
1863
1863
1863
1863
1863
1716
2020
2023
2023
2023
2020
2655
2023
2020
2023
2056
2023
2023
2023
2020
2023
2023
2023
2020
2023
2023
2023
2655
2023
2020
2023
2023
2020
2655
2023
2020
2023
2020
2020
2020
2023
2020
2023
2020
2023
2020
2020
2023
2023
2023
2020
2023
2020
2023
2020
2020
2020
2020
2020
2023
2023
2023
2023
2023
2020
2023
2020
2023
2020
2023
2655
2719
2221
2023
2023
2023
2023
2056
2023
2023
2655
2023
2020
2023
2023
2023
2020
2023
2023
2023
2719
2655
1186
2023
2056
2023
2020
2023
2023
2023
2023
2023
2023
2023
2655
0
2020
2023
0
2020
2056
2112
2216
2182
0
0
0
0
2112
2182
2112
2112
2221
0
2216
2182
0
2216
1138
2109
0
2109
0
2112
2109
0
2216
2112
0
2109
2056
0
2216
2056
2112
0
0
2109
2023
0
2112
2112
2182
0
0
0
1186
0
1153
2221
0
1186
0
0
0
2056
0
2056
2112
2109
0
0
2216
2112
1138
2109
0
2112
2370
2216
0
2370
2109
2112
2109
2109
2112
2112
2109
2208
2221
2216
2370
1138
0
2112
2221
0
2216
2336
0
0
0
2023
2159
2182
2216
2112
2370
0
2109
1138
2112
2056
2112
2056
2109
0
2112
1138
2221
2109
0
2112
2370
2221
2056
2056
2109
2182
2029
2112
0
2216
2109
2182
2370
0
2216
0
2216
2109
0
2109
0
2370
2109
1186
2112
2109
2109
2109
0
2109
0
2112
0
2216
0
2112
0
0
0
2112
0
2112
0
0
0
0
0
2216
0
2112
1138
2109
2056
2216
2216
2109
2221
2216
0
2109
2221
0
2221
1186
2056
2182
2109
2056
2173
0
2023
0
2056
1138
0
2109
1186
0
2213
2109
2112
0
0
2109
2112
2221
2112
0
0
2137
0
2216
0
2417
0
2396
0
2243
2056
0
0
0
3876
0
0
0
0
3876
0
2270
2408
0
2719
2260
0
2719
2719
0
3876
0
0
0
2437
2182
0
2370
3876
0
0
0
0
0
0
0
0
3876
0
0
2370
0
2719
0
2437
0
2519
0
2481
2396
0
2437
2312
0
0
2437
0
0
0
0
0
2370
0
0
2370
0
0
2370
2719
0
2280
0
2437
3876
0
0
0
2378
0
0
0
2407
2370
2719
0
2245
2396
2353
0
2435
2719
3876
2396
0
2605
0
0
0
0
0
2437
0
0
0
0
2396
0
0
3876
2182
0
0
0
2450
0
0
0
2370
2182
0
0
0
2481
0
0
2377
0
2437
2182
3869
0
2182
2522
0
0
2437
2259
0
3876
2182
0
0
0
2437
2680
2396
3876
0
3876
0
2605
0
2182
2719
2473
2247
2435
2315
0
0
0
2182
2418
2182
0
0
2437
2719
2435
0
0
0
0
0
0
0
2593
2435
2719
0
0
0
0
0
0
2182
0
0
2475
3876
2182
2525
2370
2056
2396
2370
2437
2437
0
0
0
2357
0
0
2437
2419
2719
0
0
2719
0
0
2396
0
2719
2271
0
0
0
2437
2719
2437
0
0
2370
0
2435
2437
0
2435
2396
0
0
3869
2370
0
0
2437
0
0
2370
2620
2498
2370
0
0
2455
2435
0
2437
3876
0
0
0
2370
0
2056
0
0
0
2182
0
2469
2437
0
2267
2437
2472
3876
0
2437
2437
0
0
2396
2370
0
0
0
0
2437
2182
0
0
2520
0
0
2418
0
0
2719
2396
0
0
0
2182
2719
2719
2719
0
2605
2655
0
2655
0
2605
0
0
2023
0
0
0
0
2655
2605
2618
2630
2605
0
2618
0
2655
2599
0
2605
0
2618
2630
2589
2589
2719
2618
2655
2671
0
2719
2655
2618
2586
0
0
2655
2618
2605
2589
2589
2655
2023
2589
0
2605
2618
0
0
2719
2655
0
2655
0
2655
2630
0
0
0
0
0
0
2681
0
2630
2589
0
0
2589
2589
0
2589
0
2618
0
0
0
2618
0
0
0
2589
2719
2630
2589
3698
2719
2630
0
3876
0
3698
0
2605
2655
2655
3876
2655
0
0
2693
2618
2586
0
2630
2655
0
0
2605
2023
2605
0
0
0
2630
0
2719
0
2589
0
2605
2719
0
2630
2630
2719
0
2605
2598
0
0
2589
2630
2618
2630
2719
2589
2605
0
0
2630
2630
2655
0
2577
0
2719
0
2605
0
2630
0
0
2618
2719
2589
0
2630
2589
2576
0
2655
2605
2719
2655
2589
0
2630
0
2589
0
2655
2601
3876
2630
2630
2589
0
0
2664
2655
2361
0
3876
2719
0
2544
2557
2655
2605
2655
2657
2655
0
0
2605
2763
0
0
2763
2893
2893
2893
0
0
2885
0
2919
2763
2885
2763
2893
2885
2842
2763
2763
2842
2893
0
2763
2763
0
2893
3108
3610
2842
2774
0
2763
2885
0
2893
0
2885
2885
2763
2885
2763
0
2655
2893
2919
3266
0
2893
2919
2885
0
2763
3249
3108
0
2919
0
0
0
2893
2842
2842
2763
3249
2842
0
2763
2893
2919
2671
2763
0
2893
2763
0
2820
2763
2618
0
2885
2893
0
2655
2842
2910
0
0
3249
3108
0
0
2763
0
0
2763
0
2763
0
2919
2999
0
0
2893
0
2919
2919
0
0
2885
2763
0
2919
2893
2893
2893
2655
2842
0
2893
2842
2763
0
2919
2893
2842
0
2763
0
0
2842
0
2919
3249
2763
2893
0
0
2763
2919
0
2893
2763
0
2919
2893
2919
0
2919
2763
2885
2919
0
0
2885
0
2763
2885
2763
2963
2919
0
2842
3249
2655
2878
0
2763
2842
0
0
2919
0
0
2763
2842
0
2763
2655
2919
2919
0
2919
0
2893
2893
2919
3249
2893
2893
0
2763
0
0
2655
2885
0
2842
2885
0
2919
0
0
2885
2919
2842
2885
2893
0
2919
2763
2893
2910
2825
0
2910
2842
2893
2739
2893
2893
0
3370
0
0
0
3010
3020
0
3178
3265
3265
3052
3010
0
0
3265
0
3052
0
0
0
0
0
0
0
3108
0
3143
3282
3249
3265
3370
0
3265
3284
0
0
3284
0
0
0
0
0
0
3284
3265
0
3249
0
0
0
0
0
0
3284
3282
3284
0
0
3022
3265
0
3108
0
0
0
0
0
0
3118
0
2999
3108
0
2983
0
3282
3282
3010
3282
0
3108
3010
0
0
3010
3265
3265
3265
3052
3212
2981
0
0
3370
0
3052
0
3284
3010
0
0
0
3010
3284
0
0
0
3282
0
3108
3178
3051
3265
0
3052
0
3010
0
3282
0
3178
3249
3249
0
3282
0
2745
3077
3284
3284
0
0
0
3265
3282
3022
0
3282
0
0
3249
0
0
0
3249
3108
3370
0
0
3010
3460
3178
0
3368
0
0
3010
0
0
3249
0
0
3178
3052
3217
0
3254
0
0
0
3178
3249
0
0
3010
0
3010
3284
0
2959
3284
3010
0
0
0
3108
0
3370
3249
0
3370
0
3249
0
3178
3284
0
0
0
2985
0
3282
3010
3178
0
0
0
0
3282
0
3370
3282
0
0
3249
0
3108
3010
0
0
3265
3022
0
0
3284
3010
3108
3265
3249
0
0
2983
0
0
3249
0
0
3010
0
3012
3010
0
3052
0
3265
3052
3370
0
0
0
0
0
0
0
3290
0
3108
0
0
3265
0
3282
0
0
3282
0
3282
3108
0
3368
0
3249
0
3282
3108
3249
0
0
3108
0
0
0
0
0
3039
0
0
3254
3265
0
3178
0
0
3282
0
3265
3370
0
0
0
3282
3265
0
0
3282
0
0
0
3265
3010
0
0
3010
3108
3370
3282
0
0
0
3052
0
3249
0
3024
0
0
3265
3178
0
0
0
0
3434
0
3434
3462
0
0
3462
0
3370
3368
0
3462
3475
3370
3329
3370
3327
3475
3368
0
0
6620
3370
3439
0
0
0
0
3475
3368
3439
0
3370
0
3370
0
0
0
3434
6620
0
6620
3475
6620
3434
3368
6534
3368
3434
3462
3368
0
0
3370
3462
3439
0
3439
3370
0
0
3462
0
0
3434
3439
3475
3434
3462
3462
3462
3439
3439
3504
3439
3462
0
3462
0
6620
3434
6620
0
6620
3368
3517
5898
3368
0
3434
3434
3368
3475
3368
0
3368
3368
0
3475
3434
3439
0
3370
0
3434
3434
0
0
3368
3462
3368
3368
0
3475
0
3434
3610
3370
3439
6620
3368
3439
3455
3439
3368
6620
0
0
3475
6620
3368
3368
3434
3370
3370
3370
0
6620
0
3462
3439
3370
0
3370
3475
3511
3439
0
3434
3439
0
3475
3462
3462
6620
0
0
3370
6612
3462
3475
0
3475
0
3368
0
3344
3434
0
3368
0
0
3370
0
3368
3439
3439
0
3462
0
3368
3352
0
0
0
0
3439
3370
3370
3475
0
3434
3434
0
3439
3475
3517
3475
3434
0
0
3370
3327
0
3370
0
3434
0
0
3434
3434
3434
0
3368
0
3370
3462
3439
0
0
6620
6620
3439
0
3462
0
3434
3368
3462
3475
3610
3610
3610
3610
3610
3610
3610
3610
3610
3610
3434
3610
3610
6511
3610
3610
6511
3610
3610
3610
6511
3610
3610
3610
3610
2893
3610
2919
6511
3610
6620
3610
3610
2618
2893
3610
3610
3434
3610
6620
3610
3610
3610
3610
3368
2893
3610
3610
3698
3610
3610
2919
2919
3610
3610
3610
3368
3434
3610
3610
3610
3610
2919
3610
3698
3610
6511
3610
3610
3610
3610
3610
3610
6511
3610
3610
2893
3610
3610
3610
3610
3610
3610
3610
3610
3610
3610
3610
0
3610
3610
3610
3698
3610
3610
3610
6620
2893
3610
3610
3610
3610
3610
6346
3698
3698
3698
3698
3698
3610
3698
3698
3698
6346
3610
3698
6346
6233
3698
3807
3698
3698
3698
3698
3698
3698
3698
3698
3698
3807
2618
3610
3698
3698
3698
3698
6346
3698
3807
3698
3610
3698
3698
3698
3698
3698
3698
3698
3698
3698
3698
3698
3698
3698
3698
3698
3807
3807
3698
3698
3698
3698
3698
3698
3896
3698
6233
3698
3698
3807
6346
3698
3698
3698
3698
3698
0
3698
3698
2618
3698
3698
3896
6233
3698
3698
3610
3698
3698
3698
3698
3698
3698
3698
3698
3698
3698
3698
3698
3698
3698
3698
3698
3610
3610
3698
3698
3698
3698
3698
3896
3834
0
0
3845
3793
0
3874
0
3896
0
0
3775
3869
0
6233
0
0
3896
3807
3876
0
3807
3788
3876
3876
6185
6185
0
0
0
6185
0
3876
3896
3807
6185
3807
0
3824
0
3775
0
0
3824
3775
3896
3869
3896
3869
3896
3807
0
3896
0
3807
0
3775
3896
3869
3869
0
0
3869
3824
3869
0
3869
0
3876
0
0
6185
3775
0
0
3807
0
3775
0
0
0
3876
3834
3896
3807
0
0
0
3807
0
3896
0
0
3896
3874
3869
0
3896
6233
3869
0
0
3775
3824
3876
3896
3775
0
3824
3824
0
3876
0
3807
0
0
3869
0
3824
3807
0
3824
3896
0
3807
0
3869
6185
3807
3824
0
3896
0
0
3824
3807
0
3885
0
3869
6100
0
0
0
3807
3735
3775
0
0
3775
3775
3869
0
0
3775
0
3876
3748
3807
3869
3775
3775
3800
0
0
3869
6233
3876
3896
0
0
3824
0
0
3869
3807
6226
3807
3762
3807
3807
3896
6233
3869
3824
3775
3896
3775
6185
0
0
3734
3896
0
3775
0
4009
2112
4009
4009
6069
3869
6069
6069
6069
6069
2112
4009
6069
4009
4009
4009
2370
3869
2109
6069
4009
6069
6069
4009
4009
2112
4009
6069
2112
6069
4009
4341
6069
6069
4009
6069
4009
6069
4009
4009
4009
4009
4009
4009
4009
2109
4009
6185
6069
4009
4009
6069
6069
4009
4009
6069
4009
4009
2109
4009
4009
4009
4009
4009
4009
4009
4009
6185
4009
4009
4009
3869
4341
4009
2112
4341
4009
4341
4341
6069
0
2109
2112
1138
2112
6069
3775
6069
4009
4009
4009
4009
6185
4341
6069
6069
5898
4122
4122
4122
5898
4122
5898
4122
4122
4122
4254
5898
4122
4122
4122
1737
4122
5898
5898
5898
4122
4122
4122
4122
5898
5898
5898
4122
4122
4122
4122
4122
4122
4122
5898
4122
4122
4122
5898
4122
5898
5898
4122
3439
4122
4122
4122
4122
5898
4122
3370
4122
4122
5898
4122
4122
4122
4122
4122
5898
4122
4122
3475
4122
4122
4122
4122
4122
4122
3475
4122
5898
1737
3475
4122
5898
4122
4122
3370
4122
3370
4122
4122
4122
5898
5898
1737
3475
5898
4122
5898
4122
4122
5898
4122
5898
4122
0
5898
4122
5898
4122
4122
5898
3475
3475
4122
4122
3475
5898
4122
4122
5898
4122
1590
1600
4254
4254
4254
4254
5021
5898
4254
1600
5020
4254
4254
5020
1600
1600
4254
4254
1600
4254
1600
5020
4254
5021
1590
4254
1600
4254
4254
4254
5020
4254
4254
5021
5021
4254
4254
4254
4122
4254
1600
4254
5020
4254
4254
4254
4254
4254
5021
4254
4254
1600
4254
4254
4254
4254
4254
4254
4254
4254
4254
1600
4254
4254
1600
1600
4254
4122
4122
4254
4254
5021
4254
4254
1618
5021
5021
4254
5021
4254
4254
4122
4254
4254
1618
5020
4254
4254
4254
4254
4254
1618
4122
4254
4122
1600
4254
4254
1600
5020
4254
4254
4122
4254
4122
4254
4254
1600
4254
5021
4122
4254
4122
4254
4254
0
4254
4254
1618
4254
4254
4254
4341
5764
4341
4341
4341
4341
4341
1154
4341
4341
4341
4341
4341
5764
4341
4341
4341
4341
4341
4542
4341
1154
4522
4341
4341
4341
4341
1154
4341
4341
4522
4341
4341
4341
5764
4341
5764
5764
4341
4341
4341
4341
4341
4341
4341
5764
4341
4341
4341
4341
4341
4341
4341
4341
4341
4522
5764
4341
1154
1138
5764
5764
4341
4341
5764
5764
4341
4341
4542
4341
4341
4341
4341
4341
5764
4341
5764
5764
4341
5764
0
5764
4341
5764
1138
4341
4341
4341
4341
4341
4341
4341
4341
4341
4466
4341
4341
4341
4341
4341
4522
0
4522
0
4557
4522
0
4522
4542
4557
4522
0
0
4542
0
4571
4542
4546
4508
4394
4522
0
4457
0
4466
4462
0
4542
4522
4522
4466
0
4508
0
4557
4542
4462
0
4542
4522
4542
0
4522
4557
4542
0
4571
4542
4557
4508
4522
4462
4542
4557
0
4546
5531
4466
4557
4462
909
4546
4522
4466
4542
0
4542
4522
4508
4542
4542
4508
4522
0
4466
4542
4542
4542
0
0
4508
4450
0
0
4522
0
4542
0
4466
0
4522
4557
4522
4508
5531
4466
0
4466
4466
4557
4542
0
4466
0
4522
0
4466
4522
4462
4522
4462
0
4546
4466
4571
0
0
4466
4508
4542
4542
4466
4508
0
4532
4542
0
4495
0
4508
4546
4573
4466
4542
0
4508
0
4542
4542
0
0
4508
0
4542
4466
4542
4542
0
0
4466
0
4542
0
4542
0
4522
4522
4546
4542
0
0
0
4522
4462
0
0
0
4398
4542
4466
0
0
4466
4466
4462
4557
4542
0
4462
0
4557
0
4542
4522
0
0
4508
0
4557
0
4462
4508
4508
0
4542
4466
0
4542
0
4542
4466
0
4466
0
0
4546
0
4462
0
4495
0
4546
0
4508
4557
0
4557
4542
4542
0
0
0
4542
4542
4508
4462
4450
4546
4601
4601
4601
4557
4601
4601
5328
4601
4557
4601
4601
4601
0
4508
561
4601
4601
5424
4601
4601
4601
909
4601
4601
4601
4601
4788
4462
4788
598
4601
4601
4601
4462
4557
4601
4601
4601
4601
4601
4601
4601
4601
4601
4601
4601
4601
4601
4601
4601
561
4462
4601
4601
4557
4788
4601
909
4601
4601
4601
4601
5424
4508
4601
4462
4601
4601
5424
4557
4601
4557
4601
4601
4601
4601
4601
4601
4788
4601
5424
4508
4601
4601
4462
4601
4601
4601
4601
598
4557
4601
4788
4788
4788
4788
4788
4788
4788
598
4788
4788
4788
4788
4788
4788
4900
4788
4788
4788
4788
4788
4788
4788
598
4788
4788
4788
4788
4788
4788
4788
4788
4788
4788
4788
4788
4788
4788
4788
4788
4601
4788
598
4788
4788
4788
4788
4788
4601
4788
598
4788
4966
4788
4788
4788
4788
4788
4788
4788
4788
4788
4788
4788
4788
4788
4788
4788
4788
4788
4788
4788
4788
4788
4788
4788
4966
4788
4788
4788
4788
4788
4788
4788
4788
4848
4966
4788
447
4788
4601
4788
4601
4788
4788
4788
4788
4788
4788
4788
4788
4788
4788
4788
4788
4788
4788
4966
0
4788
4788
4788
4601
4788
4788
479
4788
4788
4788
4788
4788
4788
4788
4788
4788
4788
4788
5021
5021
4874
4966
0
5020
4848
5020
5020
0
5021
4900
0
4966
4966
4900
4848
0
0
5020
4900
4966
0
0
0
4848
5051
0
0
0
4848
5021
5051
5020
0
4816
0
0
4848
5200
5020
0
5021
4900
5021
5020
4848
5021
5021
0
5020
0
4848
0
4900
4848
0
4966
5021
5021
4966
5033
0
0
4848
0
0
0
0
5021
4946
4848
4900
5021
4848
5021
5020
4966
0
4999
4834
5021
4848
4900
5020
5020
0
5020
5020
5021
5021
0
5021
0
5021
4900
5020
4966
4870
5020
4966
5021
0
4900
4966
4843
5200
0
5020
4966
0
4900
5020
0
4848
0
4848
4848
5020
0
5021
4848
5020
4948
4848
5021
0
0
0
5021
5020
4848
5021
0
0
0
5021
5020
4966
0
4966
0
5020
0
4848
0
0
5051
5020
0
4848
0
5021
4900
5021
4900
5020
0
4848
0
5021
5021
0
0
0
0
5021
4900
0
0
4900
4848
4848
4848
4870
5021
0
5020
5021
5021
5020
5020
0
4848
5020
4848
5020
5001
4848
4870
4966
5020
0
0
0
0
4848
5021
0
0
4966
0
5020
0
0
0
5021
0
0
0
4900
0
5020
0
0
0
4966
0
4966
4966
4966
4966
0
5020
4966
4900
0
4900
5020
4848
4900
9842
5051
5082
0
9842
0
0
5051
5200
5051
0
5051
5104
0
5200
0
5051
5051
0
5051
0
0
5200
9842
0
5200
9842
9783
0
0
5199
0
0
5216
9783
5186
0
5051
0
9842
5186
0
0
0
0
0
0
5051
5082
4941
0
5186
0
5186
5216
5186
5200
0
5051
0
5200
0
0
5051
0
5051
0
0
5200
5186
4841
5216
5082
5051
5200
5200
0
5200
5082
0
0
5200
5186
5186
5051
0
0
0
5211
0
5127
5186
9842
5200
5200
5186
5216
5186
0
9842
5186
0
5186
0
5216
5051
5216
5051
5186
9842
5200
5186
5051
5200
0
5051
9842
5186
0
0
0
5216
5051
5200
9842
0
5186
0
5216
5051
9842
0
9783
5051
5200
5216
5186
0
5216
5216
9842
5186
5200
5186
5216
5216
0
0
0
5216
5200
5200
0
0
5082
5216
0
5216
5082
5200
5200
0
0
9842
5186
5200
5051
5051
0
5051
5200
0
5216
0
5051
5051
0
5186
0
5200
5186
5186
5051
5200
9842
0
5127
5082
0
5216
5051
5076
5200
0
5186
5200
5216
5051
0
5051
5051
5216
5186
0
5216
5216
0
0
9842
5186
0
5062
5216
0
5051
5328
5328
5328
5328
5328
9328
5328
5328
5216
5328
5328
5328
5328
5328
5328
5328
5328
5328
5328
5328
5328
5328
5051
5328
5051
5328
5328
5051
4788
5328
5328
5328
5328
5328
5328
5328
5328
5328
5328
5328
5328
5328
5328
5328
9678
5051
4788
5328
5328
5328
5328
5328
5328
4788
5328
5328
5328
5328
5424
5328
5328
4788
5328
5328
5328
9652
5328
5328
5328
9783
5328
9678
5051
9678
5328
0
5328
5328
9328
5328
9678
5328
9783
5328
5328
5328
9678
5328
5328
5328
5328
9783
5328
9328
5051
5328
5328
5328
4788
5328
5496
5424
5424
5424
5424
4462
9498
5328
5424
5496
5424
5424
5424
5424
5424
5424
5424
9328
5424
5424
9328
5424
5424
5424
4462
4601
5424
5424
5328
5424
5424
5328
5424
5424
5424
5424
5328
5424
5424
5424
5424
5424
5424
5424
5424
5424
5424
5495
5495
5424
5424
5424
5424
5424
9328
9328
5424
5574
9328
5424
5424
5424
5424
5424
5424
5328
5424
5424
5424
5424
5424
0
5424
5424
5424
9328
5424
5424
9328
5496
5424
5424
5424
5424
5424
4601
5424
5424
5424
5424
5424
5424
5424
5424
9103
0
0
5495
5531
0
5495
5627
0
5495
5495
0
0
0
5574
5496
5496
5574
5531
0
5599
0
5574
5495
5574
5531
5496
0
5486
0
5631
5486
5531
9224
0
5486
0
5495
5486
0
9224
5625
0
0
5496
5627
5495
5574
0
0
5501
0
0
0
0
5486
0
5627
9224
5531
5627
0
5495
0
0
0
5495
5496
5501
0
5599
5574
5576
0
5531
5495
9224
5486
5495
5486
5574
5486
0
5542
0
5584
5574
0
5495
5574
5589
5627
5574
0
4462
0
5496
5495
5627
0
9224
5627
0
0
0
5627
4462
5486
9224
5627
5574
5633
5574
5496
5574
9224
0
5486
5531
5486
5627
0
5486
5486
0
9224
4462
0
5627
0
0
5576
5495
5574
9224
0
9224
0
0
0
5486
0
0
0
0
5495
0
0
0
5627
5495
5627
0
0
0
5495
5495
5424
0
5574
5531
5574
5495
5496
9224
0
0
5627
5486
0
5574
5486
0
5589
0
5627
0
5627
0
9224
0
0
0
5486
0
0
0
4550
5531
5574
0
5486
0
5574
0
5486
5495
5495
9103
5495
0
5486
5495
5495
5764
8918
5764
5764
5764
8883
8883
5764
8918
5764
5486
8883
8918
5764
5764
5764
8883
8918
5764
8883
5764
5764
5764
5764
5764
5764
5764
5764
5764
5764
5764
5764
8918
5764
5764
5764
5764
5764
8883
5764
5764
8883
5764
8883
8883
5764
8883
5764
8918
5764
5764
5764
5764
8883
5764
8883
5764
5764
5764
5764
5764
8883
5764
5764
5764
7934
5764
5486
8883
5764
5764
5764
5764
5764
5764
5764
5764
5764
5764
5486
5764
5764
5764
5764
5764
9224
5764
8918
5764
8883
5764
8883
5764
5764
8883
8883
8883
8883
8883
5764
5764
5764
5764
5764
5764
5764
5764
5764
5486
5764
5764
5764
5764
0
5764
5764
5764
5764
5806
5806
5806
8437
5806
5806
5928
5928
5806
5806
5806
4254
5928
5806
5806
5186
5806
5898
5186
8437
5806
5928
8437
5806
5806
5806
5806
5806
5806
5806
5200
5806
5806
5806
5806
4254
5928
0
5200
5806
5806
4254
8448
5186
5186
5806
8448
5898
5928
5200
8437
5928
5806
5186
5806
5200
5806
5186
5806
5806
5200
5806
5806
5806
4254
5186
5806
5806
5186
5806
5806
5186
5200
5186
5806
5806
5928
5806
5806
5928
5806
5200
5200
5186
5200
5928
5806
5806
5806
5186
5186
5806
5806
5806
5806
8448
8448
8437
5186
8448
5806
5200
5200
5806
5806
5806
5806
5806
5928
5200
4254
5806
5806
5806
5898
5186
5806
5898
5898
5898
5898
5898
5928
5898
5928
5928
5898
5928
6599
0
5898
5898
5928
5898
6599
5898
5898
5898
5928
5928
5898
5898
5928
6599
5928
5928
6599
6599
5928
5928
5898
5898
5928
6599
5928
5898
5928
5928
5806
0
5928
5806
6599
5898
5898
5928
5928
5898
6599
5898
6612
6599
5928
6599
5898
6599
5898
6599
5928
5898
5806
5928
5928
5898
5898
5898
5898
6612
5898
5928
5928
5898
5806
5928
5898
5928
6612
6612
5806
5898
8381
5806
6599
5928
5898
5898
5928
5898
5898
5928
5898
6599
6612
5898
5928
5898
5898
5928
5898
5898
5898
6599
5806
5928
5928
6599
5898
5898
6069
7806
6098
6069
6069
6069
6069
6069
6069
6069
6069
6069
6185
6069
6069
5764
6069
7865
7631
6069
6069
6069
7806
6185
6069
6098
6069
6185
6069
6069
7934
6069
6069
7934
7865
6069
6069
6098
6069
6069
6069
6069
6069
6069
6069
6069
6069
6069
6069
6069
6069
6069
7934
6069
6069
7934
6185
6069
6069
7934
6069
6069
6069
6069
6098
6098
7934
6069
6069
6069
7806
6069
0
6069
6185
6098
6069
7934
6069
6069
6069
6069
6185
6069
6069
6069
6185
6069
6069
6098
6069
6069
6069
6069
6069
6069
6098
6069
7865
5764
6185
0
6185
0
0
6243
6233
6244
6243
0
6243
6233
6244
6185
0
7631
0
7631
6098
0
6243
0
6098
6233
6098
6185
6244
0
6151
0
6098
6185
6244
0
0
0
6244
0
0
0
7625
0
6098
6243
6098
6098
6244
6185
6233
0
6185
6185
6185
6146
0
6233
0
0
6185
0
6098
6098
6244
6233
6185
6243
6185
6098
0
6233
0
0
0
0
6222
6244
6185
6185
6185
0
6233
6243
6233
6243
6185
6244
6243
6233
0
6098
6233
0
0
6185
0
6098
7631
6098
6185
6098
0
6243
0
0
0
3818
0
6098
6098
6243
6098
6098
6185
6185
0
6098
6185
0
6244
6243
6244
6243
6243
6185
0
0
6185
6243
0
0
0
6233
0
6243
6214
6243
0
6244
6098
0
6233
6244
0
6243
0
6243
0
0
0
0
6244
6214
6185
0
6098
6233
0
0
7631
6243
6244
6069
0
0
0
6243
6244
6243
6098
6098
0
6185
6098
6098
6185
6185
0
0
6098
6098
6233
0
6244
0
0
6069
6098
0
6098
6244
6244
6185
6136
0
0
6185
0
0
6233
6185
0
7631
0
0
0
0
6243
6414
6346
6346
6346
6346
6414
7330
6346
6243
6414
6233
6414
6346
6414
6346
6414
6346
6346
6346
6346
6346
6414
6346
6346
6346
6414
6414
6414
6414
6346
6414
3698
6414
6346
6346
6346
6414
6346
6346
6346
6233
6346
0
6233
6346
6346
6346
6346
6346
6346
6346
6346
6414
6346
6243
6346
6414
6243
6414
6346
6346
6414
6346
6346
6414
6346
7373
6346
7330
6346
6346
6346
6346
6346
6346
6346
6346
6346
6233
6346
6346
6414
6243
6346
6414
6346
6346
6346
6346
6243
6346
6346
6243
3698
7330
6233
6414
6414
6346
6346
6414
6346
6414
6346
6346
6346
6233
6511
6414
6511
0
6511
6346
6511
6511
6511
6414
6511
6511
6511
6414
6511
6704
6511
6511
6511
6414
6346
6511
6511
6511
6511
6414
6511
6511
6511
6414
7237
6511
6511
6414
6346
6511
6511
6511
6414
6511
6704
6511
6704
6511
6511
6414
6511
6414
6511
6511
6511
6511
6414
6414
6511
7074
6414
6511
6511
6414
7237
6414
6414
7237
6511
6414
6511
6511
6511
6414
6511
6511
6511
6511
6511
6511
6414
6414
7237
6511
6414
6511
7237
6511
6511
6704
6511
6511
6511
6511
6511
6414
6511
6511
6511
6511
6620
6346
6511
6346
0
6414
6414
6511
6511
6511
6511
3610
0
6511
0
6599
0
6599
6599
6686
6612
6511
6612
6787
6704
6599
6620
0
6599
3476
6612
6704
6704
6704
6704
0
6704
6704
6511
6704
6704
0
0
6597
6511
0
6620
0
3430
0
6612
6599
0
6511
6599
0
6612
6599
5898
6704
0
0
6620
0
6709
6612
6562
6704
6599
6704
0
0
0
0
6704
6599
0
0
0
6964
0
6612
6843
0
0
0
0
0
0
0
0
6599
0
6704
0
6599
6704
0
6716
0
6716
6612
6624
0
6704
0
0
6612
0
0
6599
0
6704
0
6704
0
6686
0
0
6716
6599
6622
6686
6612
6704
6716
0
0
3389
6599
6612
6704
0
6596
0
0
0
6612
6599
6599
6599
6713
0
6620
0
6511
6554
6704
0
6599
6704
0
6599
6704
6612
6599
6704
6612
0
0
6716
6599
0
6704
6612
6716
0
6612
0
6964
0
6704
6511
0
6704
0
5898
0
0
0
0
0
6612
6682
6704
6612
0
6599
0
6612
6964
6511
6620
3476
6599
6580
6612
0
6673
0
6599
6716
0
6612
6693
6599
0
6523
0
0
0
0
0
0
6843
6964
6843
6758
0
0
0
6964
0
0
6917
6843
0
6846
6871
0
6749
0
0
6843
7015
7010
0
7010
0
0
0
6843
0
0
6955
0
6758
6949
6843
6917
0
0
6837
0
0
0
6917
6825
0
6917
0
0
7010
0
6843
0
0
6841
6747
6917
0
6864
6843
0
6739
0
0
0
6864
0
0
0
0
0
0
0
7023
6871
6917
6864
6843
6871
6996
6768
6843
0
6917
6864
0
6843
0
6843
6917
0
0
0
0
7032
0
6758
0
0
7025
6758
6871
0
0
0
0
0
0
0
0
6864
6864
0
0
6864
6802
0
0
0
6917
0
0
6758
0
0
6758
0
0
0
6864
0
0
0
0
6758
6864
0
6864
0
6864
0
6843
6846
0
0
0
6917
0
0
6864
6925
0
0
0
6864
6953
0
6843
0
6917
0
6843
7010
6815
6765
6864
6864
0
6917
0
6758
0
7010
0
6843
6917
0
6964
0
6843
6964
6871
6964
7010
6838
7025
0
0
0
0
6864
0
6972
6917
0
6843
6871
0
6941
0
0
0
0
6908
0
0
0
0
0
8381
0
6864
0
6789
0
6853
6843
6758
0
0
0
0
0
6864
0
0
0
6928
7023
0
6986
0
0
0
6758
0
6964
6972
6871
6864
0
0
6758
0
0
7025
6964
6964
6871
0
0
0
0
0
6736
0
6843
0
6864
0
6864
0
6843
7010
6758
0
0
0
0
0
6843
6843
6964
0
0
0
0
6964
0
6964
0
0
6917
0
0
0
6843
6864
6864
6823
0
6871
6747
0
6864
0
0
6758
0
6871
0
7010
6964
0
0
0
0
6917
0
0
6864
0
0
0
7024
7119
0
0
7226
0
0
7308
7226
7226
7201
6414
0
0
0
7201
7308
0
0
7308
0
7223
7308
0
0
7201
7223
0
0
7223
7090
7223
7226
7074
7201
7237
7237
0
7074
7237
0
7308
7201
7201
7189
6758
7237
0
7226
0
7223
7223
7052
7074
0
0
0
7223
0
0
0
6414
7201
7226
7237
0
7074
7201
7201
7308
7223
0
7226
7237
7237
6414
7201
7309
7226
7226
7237
7201
7308
7308
7237
0
0
7237
0
7074
0
7171
7201
0
0
0
7201
7308
7201
7223
7201
0
7377
6758
7226
7201
0
0
0
0
0
6414
7201
7237
0
7201
7223
0
7201
0
7074
7237
7308
7201
7201
7237
7237
7201
7223
0
7074
7308
7237
0
0
7201
7201
0
7223
7308
7201
6414
0
7237
7226
7074
7201
0
0
0
7226
7237
7308
7237
7222
0
0
0
7226
0
7201
0
7226
7223
7231
0
6414
0
7223
0
7201
7237
7167
7308
0
7237
7201
6758
7074
7237
7226
7223
7308
0
6414
7308
7122
7308
0
0
0
7237
0
0
7226
7201
0
0
7074
0
7201
7090
7223
0
7237
7074
7223
0
7373
7373
7300
0
7226
7300
7373
7308
7308
7300
7300
0
0
0
7330
7422
0
7308
0
0
7300
7300
7373
0
0
0
0
7373
0
0
7226
0
7344
0
7422
7321
0
7300
7330
7300
7300
7373
7330
7330
0
7300
7300
0
7300
0
7422
7330
0
7389
7330
7330
7422
0
0
7328
0
0
7308
7373
7373
7373
0
0
0
7373
0
0
0
7330
0
7300
7373
7226
7330
0
7308
7226
7422
6414
7422
0
0
7300
0
7373
7226
7697
7308
0
0
0
7308
0
7373
0
0
7330
0
7308
0
7373
0
7300
7226
7266
0
0
0
7330
7422
7308
7373
0
7373
0
0
7422
7300
7300
7260
7422
7422
7308
7373
0
7291
0
0
0
0
0
0
0
7422
7330
7308
6414
7330
7422
0
0
0
0
7422
7330
7422
6414
7373
7302
0
7300
7422
7422
0
7330
7308
0
7422
6243
7300
7330
7697
7373
7330
7373
7328
7330
6414
7330
7266
7226
0
7226
7422
0
0
7330
7373
0
0
0
7422
0
7373
7226
0
7387
7330
0
0
0
0
0
7631
6243
0
0
7725
0
7631
7712
7490
0
0
0
7656
7697
0
7631
0
7691
0
0
7443
0
0
0
6243
7633
7631
7712
7531
0
0
7591
0
7631
7443
0
7631
7591
0
7603
7631
0
0
7712
7691
0
0
0
0
6169
0
7712
0
0
7631
7697
7493
0
0
7591
7712
0
7697
0
7697
7604
0
0
0
7688
7631
0
7625
0
0
7443
7598
0
7631
7625
7691
0
0
7631
7691
7611
0
0
7697
7697
7443
0
6243
0
7631
0
7631
7687
0
7712
0
0
0
0
0
0
0
0
0
0
0
0
7631
0
0
7717
7625
0
0
0
0
6243
6243
0
7591
0
7443
7712
0
0
0
0
7625
7631
0
0
7697
7642
7631
7625
0
0
0
0
0
7806
7631
7697
7595
0
7697
0
7712
0
7443
0
0
0
0
0
0
7712
7712
0
0
7443
7591
0
0
7631
0
0
0
0
7481
0
7631
0
7697
7683
7717
7591
7691
7591
0
0
0
0
7300
7631
0
0
0
0
0
7625
0
0
0
7443
0
0
0
7330
0
6243
7591
0
7697
0
0
0
7470
0
0
0
0
0
0
7625
0
7631
0
0
0
0
0
0
0
7697
0
0
0
7603
0
0
7603
7697
7463
7631
7583
0
0
0
0
7451
7625
0
0
0
0
0
7603
0
7591
7631
0
0
0
0
0
7625
7712
0
7546
0
7591
7625
7443
0
0
0
0
7663
0
7517
0
0
7569
7697
0
0
7330
0
0
0
0
0
0
0
7934
7905
0
9023
9023
7806
0
7882
7806
7934
7865
7833
0
9023
0
8044
0
9023
0
0
0
9023
7882
7889
8044
7806
7815
7847
7934
7908
7882
7806
7833
7806
7934
0
7882
0
7802
7833
0
7934
7833
0
7865
7865
7865
0
0
8931
8044
7882
7841
7802
7806
7847
7882
7934
7806
7833
7865
7767
7865
0
0
7833
7806
0
7882
7833
7882
0
0
7833
7865
0
0
7882
7865
0
0
7882
7865
7865
9023
0
7934
7865
7865
7806
7806
7934
0
7833
0
9023
7882
0
7865
7833
7806
7833
7882
0
7865
0
7806
7806
7806
7865
7934
0
0
0
8044
9023
0
0
7631
7806
7934
7932
7934
8857
7806
0
7806
0
0
7865
0
0
0
7833
7865
0
0
7865
7806
0
8044
0
7865
0
0
7882
0
0
9023
7865
7934
7806
0
0
0
0
0
0
8044
0
7833
7806
7906
7882
7822
7934
8044
0
7882
7865
7882
7873
7833
7806
7865
0
0
7806
0
7833
7631
7916
9023
0
7865
7833
0
7934
7934
7934
0
0
7865
7865
7806
7934
7862
0
7729
7876
7631
0
0
7865
0
0
7833
0
7806
0
8044
8044
8044
8044
8044
8044
8158
7422
8158
8044
7300
8044
8044
7882
8044
8044
8044
8044
8044
8158
8044
8044
8044
7422
8044
8044
8044
8044
8158
8044
8044
8044
8044
8044
8044
8044
7308
8044
8044
8044
8158
7308
8044
8158
7422
8044
8044
7300
8044
8044
8044
8044
7300
8044
8044
8044
8044
8044
7422
8044
8044
8044
8044
8044
8044
8044
8158
8158
7882
8044
7300
8044
7422
8044
8044
7422
8044
8158
7422
8044
8044
8044
8044
7308
8044
8044
7422
8158
8044
7422
7882
8044
8044
7308
8158
8044
8044
8044
8044
8158
7422
8044
8044
8044
0
8044
8044
8044
8044
8158
8044
8044
8044
8044
8044
9023
8044
8044
8044
8158
7223
8158
8158
7223
8158
8158
8158
8158
8306
8158
8158
8265
8158
8265
8158
8229
7201
8158
8158
6917
8306
8158
8158
8158
7201
8158
8158
8158
8229
8158
7201
8158
8158
8158
8158
8158
8158
8158
8158
8229
7308
8158
8229
8158
8158
8158
8158
7201
8265
8229
7201
8229
8158
7201
8158
7201
8158
8158
8158
8158
8158
8158
8158
8158
8158
8306
7201
7308
7201
8158
8158
8306
7201
7201
8158
8158
8265
8158
7201
8158
8158
8306
8158
8306
8265
8158
8265
8158
8158
8158
7201
8158
8158
8158
8158
8158
8158
8158
0
7201
8272
8306
8306
0
0
8272
8265
0
8354
0
0
8229
0
8272
8381
8265
8306
8354
8272
0
0
8272
8235
8272
8306
0
8229
0
8354
0
8265
8306
8272
0
8265
6917
8354
8306
8229
0
8229
8306
0
0
8306
8306
6917
0
8265
8229
0
8265
0
0
8265
8381
8263
0
8449
8272
8375
0
8368
0
8381
8354
8272
8381
0
0
0
8356
0
8306
8229
0
0
8306
5928
8265
8381
8354
8229
8306
0
8354
8229
8340
0
0
8306
8354
0
8272
8381
8265
5928
0
8229
8370
0
8306
0
0
0
0
8354
8381
0
8415
8265
8354
0
8229
8265
8272
7010
6996
8229
8229
6917
0
0
8229
6873
8229
8381
0
8265
5928
8268
8229
8272
8265
8265
8354
8265
0
8354
8438
0
8265
0
0
8381
8354
0
8244
0
8272
0
0
8272
0
0
0
0
8306
5928
8306
8229
8265
6917
8381
0
0
8229
0
8306
5928
8229
8265
8223
8229
8265
8272
8370
8229
8265
8448
0
8381
8265
8325
8354
8187
8354
0
8354
8354
8272
0
8187
0
0
8354
0
0
8265
8265
5928
0
8272
8272
8354
0
8229
5928
0
8265
0
0
8229
8272
8354
0
8272
7010
0
0
8229
0
8265
8354
0
8229
0
8354
5928
0
8272
8228
8448
8448
8470
8502
9875
0
8696
8470
8470
8448
8438
8448
0
8502
0
8491
8438
0
0
8448
0
8470
0
0
0
0
0
8438
0
8448
8437
0
0
8470
8437
8437
0
0
0
8437
0
8448
8470
0
8438
0
0
8448
0
8502
8448
8448
0
8502
8555
0
0
0
8502
0
8448
8502
8470
8502
8502
0
8502
8512
8448
8470
8502
9866
8437
8438
8164
0
0
8448
0
8448
8437
8409
0
8470
8448
8448
8448
0
8438
8470
8502
0
0
9866
9866
8470
0
0
8448
0
0
8306
8448
8437
0
8415
8448
0
0
8470
0
8470
8448
8502
8502
0
8696
8470
8467
8502
0
8438
0
0
8437
0
8437
0
8437
0
8502
0
9866
9875
8502
8448
0
8470
0
0
0
0
0
9875
8448
8437
8502
0
0
0
0
8448
8437
8502
8448
8470
8502
5928
8502
0
8437
0
0
0
8470
8470
0
8438
8327
0
0
0
8437
8437
8448
8448
8437
0
8470
8448
8470
8502
8438
8448
0
8467
0
9875
0
0
8470
9875
8448
0
8437
0
8448
8437
8696
8696
8696
8158
8696
8158
8696
8696
8696
8158
8696
8696
8696
8696
8696
9614
8696
8158
8158
8696
8696
8696
8158
8696
8696
8696
8696
8807
8158
8696
8158
8696
8696
8696
8696
8696
8696
8696
8158
8696
8696
8696
8438
8807
8696
8696
8696
8696
8696
8696
8696
8696
8158
9614
8696
9614
8696
8696
8696
8158
9614
8696
8158
8158
8696
8696
9875
8158
8696
8696
8158
8696
8807
8696
8807
8696
8158
8696
8696
8502
8438
8696
8158
8696
8696
8158
8696
8438
8696
8807
8807
8438
8696
9614
8696
8696
8696
8696
8696
8696
8158
8696
8696
8696
8696
8158
0
8696
8696
8696
9614
8696
8696
8696
8807
8807
8807
8807
8807
8807
8807
8807
8807
8807
8807
8807
8807
8807
8807
8807
8807
8807
8807
8807
8807
8807
8807
8807
8807
9388
8807
8807
8807
8807
8807
9388
8807
8807
8807
8807
8807
9388
8807
8807
8807
8807
8807
8807
8807
8807
8158
8873
9614
8807
8807
8807
8807
8158
8807
8044
8807
8807
8807
8158
8807
8807
8807
8807
8807
8807
8807
8807
9484
8807
8807
8807
8807
8807
8807
8807
8807
8807
8807
8807
8807
8882
8807
8807
8807
8807
8807
8807
8807
8807
8158
8807
8807
8807
8807
8807
8807
8158
9388
8807
8807
8044
9614
0
8807
8807
8044
8807
8807
8918
8946
0
8883
8918
0
8979
8946
8883
0
8946
8873
0
8950
8950
8873
8883
0
8918
8942
0
8918
7934
0
8882
8883
8882
9004
9023
0
8882
0
8873
8918
8946
0
0
8882
0
0
8883
8882
8946
8918
0
8873
7934
0
7934
8946
8882
8882
8918
7934
8962
0
8918
8873
0
8950
0
8883
8946
0
9291
0
0
9084
8950
0
0
0
8871
8986
0
8918
0
8918
0
8918
0
8836
8882
0
8873
7934
0
0
8882
8807
8883
0
8882
0
8946
8946
8882
0
8931
0
8918
8904
8883
8933
8882
0
8946
8860
7773
7934
0
8883
8949
0
8918
0
8883
8946
0
0
0
8918
0
9023
0
0
0
8946
8918
0
8882
8882
0
0
8807
8882
0
0
8946
8946
8873
0
8946
7884
8946
0
8950
8918
9023
0
8873
0
8873
8873
0
8950
8918
8873
0
8918
8882
8918
8878
0
0
0
0
8882
0
8918
8918
8807
0
0
8954
9234
8918
0
0
0
0
9023
8883
9023
8918
8918
8882
9291
8946
8807
8883
0
8873
8946
8882
8882
8873
8873
8918
0
8945
8950
8882
8873
8918
8883
8918
8946
8918
9023
0
8882
0
8918
0
0
9222
9103
9291
9245
9283
0
0
9222
0
0
9194
9201
0
0
0
9217
0
0
9247
0
0
9217
0
0
0
9292
9164
9281
0
0
0
9283
9245
9224
0
0
0
0
0
9295
0
0
9245
9078
0
0
0
0
0
0
9206
0
0
9222
0
0
0
9284
0
9245
0
9283
0
0
0
9144
0
9283
9212
9363
0
0
0
9224
0
9208
0
0
9136
9291
9314
9291
9224
9035
0
9222
8883
0
9283
9475
9227
0
9283
9217
0
8883
0
0
9217
9245
9224
0
0
8848
9376
0
0
0
9245
9500
0
0
9245
0
0
0
0
0
9103
9245
9188
9291
8883
0
0
0
9224
9245
9349
0
9103
9152
0
0
9224
0
9298
9103
0
0
0
9245
9245
0
9201
9291
9103
9222
9224
0
9283
9245
9245
9103
0
9381
0
9500
0
0
0
9298
0
9207
0
0
0
0
0
0
0
0
0
9217
0
9245
9222
0
0
0
0
0
0
0
0
9314
9207
0
0
0
8883
0
0
0
9291
0
0
9225
0
0
0
9245
9222
0
9317
0
0
0
9103
0
9224
9103
0
9217
0
9217
0
0
0
0
0
0
0
9217
0
9224
9249
0
9291
0
0
0
9245
0
9217
0
8883
9291
9103
9099
0
0
9258
9103
9217
9189
0
9222
0
0
0
9217
0
0
0
0
0
9228
9217
0
0
0
0
0
0
9291
0
0
0
0
9185
9037
9245
0
9103
9449
9314
0
0
0
0
9224
0
9217
9314
0
9283
9217
0
0
9224
9217
0
9283
0
9358
0
9484
0
0
9484
0
9358
9328
9498
9388
9498
9358
9500
9358
9484
0
9498
9484
0
9358
0
9358
9498
0
0
9358
9388
9388
0
9498
9388
9484
9498
0
9535
9498
9484
9103
0
9498
0
9484
0
0
0
9484
0
0
9498
0
9103
0
9498
0
9394
0
0
0
9103
9283
9484
0
9388
0
0
9498
9283
0
9283
0
0
0
9283
0
0
0
9484
9358
9505
9328
0
0
9498
0
9283
9540
9484
0
9498
9498
9388
9283
9103
9328
9399
0
9484
9283
9358
9484
9358
9498
9283
0
0
0
9103
0
9328
9103
9498
0
0
9328
9498
9358
9388
9328
9103
9498
9103
9358
9211
0
0
0
9614
0
9614
0
0
9283
9498
0
9283
0
9283
9388
9455
9498
0
0
9484
9358
9283
9358
9484
9283
9484
9365
0
9609
9103
9498
0
0
9484
9358
9484
0
9392
9614
0
9498
9103
9328
9498
9358
0
9368
9498
9484
9614
0
9498
0
9388
9323
0
9358
0
0
9358
0
9695
0
9678
9665
9695
9647
9652
0
0
9554
8696
9388
9652
9614
0
9614
9652
9652
9539
9678
9678
9678
0
9652
0
9695
0
9647
9695
0
0
0
9678
9678
9614
9647
9695
9695
0
9614
9695
9652
9652
9652
0
0
9695
9695
9652
9647
9328
9653
0
9678
9614
0
9652
9652
9695
9652
0
9678
9652
9652
0
9629
9652
9652
9618
0
8696
9695
0
9614
0
9652
0
9657
9554
9695
9652
9647
9695
9958
0
0
0
9614
0
9540
9614
0
9647
9695
0
9695
0
0
9647
9517
0
8696
9875
0
0
0
9652
9678
0
0
0
9647
0
9652
0
9678
9594
0
0
0
0
0
8696
0
9647
0
9695
9678
9678
9328
9652
9695
0
9678
0
0
9647
0
0
0
9718
9695
9619
0
0
9718
9678
9652
0
0
0
9647
9695
9652
9695
0
0
9614
9678
9678
9605
9695
9614
9678
0
9321
0
9695
0
0
9652
9614
9652
9677
9678
9328
9678
9695
9678
9328
9652
0
9647
9647
9678
9678
0
9595
0
9678
0
9718
9614
0
9665
0
9678
9614
8696
9695
9614
0
0
0
9678
9652
9517
0
9564
0
9652
9647
9678
0
9328
9695
9695
9842
0
9875
0
9742
0
9875
0
0
9783
9842
0
0
0
9875
9958
0
0
0
9866
9731
0
0
9842
9809
9866
0
9678
9695
9842
9874
9842
9842
0
9875
9809
9783
0
0
9998
0
9842
0
9881
0
9842
9874
9997
0
0
0
9842
9886
9842
0
9875
0
0
0
0
0
9875
9875
9995
0
0
0
9842
0
0
9958
9678
9958
0
9958
9997
0
0
0
9855
9842
9695
9842
0
0
9997
0
0
9875
9997
0
0
0
0
0
0
9874
0
0
0
9875
0
0
0
9783
9585
0
9866
0
9866
0
0
0
0
0
0
0
0
9875
0
9874
9875
9997
0
0
9875
9997
9783
0
0
9875
0
9874
0
0
0
9875
0
0
9783
0
9866
0
0
0
0
0
9783
0
0
0
0
0
9875
0
0
0
9752
0
0
0
9783
0
0
9874
0
9997
9809
0
9875
9866
9817
9874
0
0
0
0
8451
9866
0
0
9809
9997
9842
9727
9997
9849
0
0
9842
9866
9997
9997
0
0
9842
0
9784
9783
9949
9842
0
9997
9819
0
0
0
9866
9752
8437
0
0
0
0
9678
0
0
9997
0
0
0
0
9866
0
9979
9866
9997
0
0
0
9729
9628
0
8437
9997
0
9958
9997
9997
0
0
9875
0
9783
9783
0
0
0
9842
0
9875
0
9780
0
0
0
9913
0
0
9842
0
9866
9997
9783
9874
0
9842
9695
9842
0
9997
0
0
9997
