0
0
0
121
4810
4876
383
0
0
201
0
0
57
0
0
0
0
242
0
1415
115
0
1433
0
0
0
1480
0
0
0
4901
218
154
211
0
0
317
0
0
0
0
0
0
0
160
91
0
0
0
0
362
0
0
0
154
1477
114
0
0
0
0
0
0
0
251
0
0
0
173
0
0
154
0
0
115
0
89
388
241
0
0
263
4202
0
0
0
0
0
0
0
1433
0
173
0
0
0
4996
0
263
0
0
0
0
243
0
0
0
0
0
1497
0
0
0
0
0
0
0
0
0
0
0
0
0
0
0
0
0
0
4830
192
0
0
0
0
0
83
0
4966
0
0
0
0
1584
4900
263
169
0
0
0
0
0
0
0
113
0
0
261
0
181
0
0
0
0
460
0
7
0
0
0
0
0
385
0
0
0
124
0
186
0
0
0
0
0
4807
4966
0
0
0
0
234
0
0
0
149
14
4686
0
23
1511
218
0
0
0
1431
0
218
0
0
0
218
0
0
0
293
0
0
97
0
0
0
0
351
0
4822
0
63
0
25
0
1572
0
287
0
4822
0
261
0
0
0
218
0
0
0
0
0
0
160
0
37
0
0
0
0
0
247
91
0
0
4880
0
0
0
1415
0
448
0
0
0
0
439
0
0
0
0
0
0
0
0
240
0
0
0
110
4966
0
0
0
0
385
0
0
4656
0
0
0
479
0
669
274
353
174
0
568
4900
0
441
0
0
174
353
657
414
0
541
529
0
0
0
369
0
0
0
0
385
4656
0
0
319
0
4710
0
4686
362
0
1
201
456
0
457
1332
0
0
0
598
0
1555
0
0
4762
1470
294
0
0
0
0
0
0
4686
578
0
0
0
0
0
0
418
362
4974
429
0
0
0
0
0
0
0
464
0
174
0
0
353
316
0
360
0
0
294
0
325
0
0
361
462
325
0
409
510
361
0
473
0
428
330
325
325
1388
0
261
0
0
434
369
315
0
0
444
0
0
4656
359
0
548
386
292
0
353
69
0
0
0
0
344
0
0
1604
0
0
0
0
442
0
0
192
0
444
0
0
0
439
0
60
669
0
0
482
0
0
479
325
0
493
0
0
0
118
441
294
0
548
0
0
325
0
0
69
0
0
0
0
1378
434
0
325
0
669
0
463
0
346
0
1275
0
0
429
0
923
0
370
509
0
0
0
490
0
593
510
0
0
0
0
596
0
0
0
486
650
0
0
1144
0
488
529
0
598
0
646
533
773
0
500
484
631
0
0
941
593
325
657
0
643
0
0
510
613
0
429
578
0
945
4668
656
0
0
909
0
456
0
557
514
0
786
495
4553
0
520
495
0
0
0
552
0
0
0
510
0
567
909
0
0
909
0
533
0
667
603
0
4656
0
4601
593
0
598
0
518
330
0
0
0
444
0
0
923
0
827
796
0
0
1267
525
597
567
0
0
4710
959
0
510
0
509
827
657
0
0
0
493
652
0
1232
552
0
0
4664
453
429
0
1232
683
613
502
593
0
552
0
656
0
0
572
0
510
0
553
0
631
0
0
0
0
591
0
0
0
596
533
484
333
0
0
0
0
0
0
492
0
0
1065
0
0
0
827
0
845
0
0
0
4482
0
0
4379
0
0
0
0
0
0
0
0
671
868
0
0
0
648
0
748
780
0
806
0
0
0
0
0
0
756
1146
823
0
0
0
0
0
0
753
0
0
816
0
841
618
785
650
0
0
795
860
0
597
0
0
0
0
0
0
827
0
0
0
0
0
742
0
490
0
845
0
0
0
1144
0
0
0
0
0
845
1034
0
0
945
0
0
0
795
0
945
0
0
961
0
0
0
0
0
0
0
0
0
746
0
835
1057
0
773
0
1161
0
0
837
0
0
0
747
682
0
923
0
0
773
0
1190
1179
0
773
0
0
0
0
949
0
0
4415
890
4575
0
0
0
0
0
0
0
691
0
0
0
0
0
0
0
0
0
952
0
1112
0
552
0
695
806
0
4403
0
0
572
0
669
0
0
0
4403
0
0
834
0
873
0
1057
0
0
0
1137
0
0
921
0
0
951
4546
0
699
0
0
952
835
0
0
0
0
4415
0
0
0
0
687
0
779
0
0
1095
0
0
724
786
0
0
0
4664
0
891
683
0
786
0
0
699
0
902
0
0
838
902
0
0
650
0
0
0
709
0
0
0
0
0
727
0
0
0
0
0
0
0
0
0
756
0
909
0
0
682
951
0
0
0
0
0
0
0
0
0
0
0
0
0
0
0
845
823
739
909
767
0
826
0
1195
1182
0
0
796
0
0
2036
0
1085
0
0
1062
0
0
941
1112
0
2199
1142
0
1057
0
1183
0
1161
773
796
0
0
1158
0
0
0
1153
890
708
0
0
0
1958
0
1161
1052
1167
1161
1141
0
0
0
977
0
2195
0
1179
0
1110
0
1182
850
3960
1267
0
1109
941
1137
1167
0
1062
0
1142
0
0
2071
1183
1151
1190
0
1192
0
0
4261
1144
941
890
0
597
1115
0
859
0
724
0
0
941
1230
1029
0
1052
0
0
1161
0
2079
0
1103
1183
1004
1137
0
1043
985
0
0
819
0
0
1165
941
1167
1110
766
1232
0
0
1190
796
0
1190
2230
0
0
1057
0
819
773
1137
0
0
974
0
0
1044
0
1230
1138
0
0
727
2041
1019
1065
0
0
975
0
1112
1137
1161
985
2071
2071
0
945
1151
0
0
1052
773
0
0
2134
0
766
0
2189
1043
0
0
0
1115
0
0
0
2098
0
0
0
2127
0
1141
0
941
0
1004
0
779
1115
0
1158
0
1183
1142
825
0
0
2074
0
941
2199
0
0
4403
1236
2195
1021
0
2189
0
0
0
0
0
0
0
975
1161
1226
1226
959
510
1275
1275
827
1332
2199
1232
941
1954
657
1332
441
486
1230
1979
959
1232
1302
2000
1232
1232
631
1103
1230
0
1019
1267
1195
0
1118
0
1192
1195
1232
0
1232
1332
1013
1275
1954
1380
2000
529
1275
1226
1275
1230
1275
1302
1378
597
1342
1144
630
1302
597
631
1952
657
827
630
1158
631
1302
1958
0
473
1952
1378
1954
1302
657
1232
0
2199
600
1232
596
623
1232
1267
657
630
796
1275
1954
597
292
1378
1952
1332
1860
1597
1332
1687
1302
1555
1584
1302
1518
0
442
1560
374
1332
1555
1910
510
1860
1342
1342
1388
1511
361
1332
442
1388
1302
346
1559
1378
1872
1332
1388
1387
316
1332
1267
1378
1860
0
1332
1378
1910
1979
1560
1378
1954
1380
1332
0
1452
1380
1232
1332
476
1387
1302
374
1302
292
136
441
1560
1860
361
174
317
593
292
1302
1236
1894
1380
1598
1342
1267
1380
1399
1232
1448
1514
1332
386
1388
1380
0
593
0
361
1863
1380
1952
1555
1555
0
0
418
0
0
0
0
0
0
1618
1494
266
0
0
1503
1490
0
0
0
0
0
0
0
0
0
1411
1825
1699
0
1613
0
1423
0
0
0
0
0
0
1450
24
1419
1481
0
0
0
0
0
0
1411
0
1577
1790
1387
1530
1554
1530
4185
1560
1392
1421
1784
0
1560
0
1535
0
0
1421
1598
1598
0
1387
1494
1399
0
0
1392
0
0
1560
4216
1544
0
0
0
0
0
1411
0
1392
0
1494
1523
0
0
1699
1687
0
0
1424
1535
1481
1407
0
0
1477
0
0
0
0
0
0
0
1613
1699
0
0
1387
0
0
0
1555
0
0
0
0
1559
0
0
0
1431
0
1590
0
1537
1789
0
1577
4235
0
1551
0
0
0
1632
1632
1450
1518
0
1480
0
0
0
1784
0
0
1387
0
0
1415
0
0
1537
1572
0
1529
0
0
0
1537
1411
1448
0
0
0
0
1452
1485
1433
1555
266
1572
0
0
1555
0
0
0
0
1523
0
1453
284
0
1545
1553
0
0
1411
1530
149
1421
0
0
1491
0
1473
1518
0
1424
0
0
1642
1526
1570
1433
0
0
1679
0
2871
0
3122
0
1631
0
0
1623
0
0
2826
0
0
1699
0
0
0
3104
1743
1779
4101
1784
3194
0
0
0
0
1387
1696
2871
0
1692
1662
0
0
0
0
0
0
1643
3100
1560
1499
1782
3038
1790
1762
1791
1791
1392
0
1577
0
1782
0
0
1577
1671
1805
1777
1606
1555
1622
2987
0
0
0
0
3213
1699
1671
1790
0
0
1673
1790
0
1679
0
1805
0
0
0
3171
0
0
0
1643
1621
0
0
3063
0
1784
0
0
1448
1779
1751
2987
0
0
1388
1805
1691
3168
2961
1671
3286
0
0
1818
0
1448
3054
1716
1815
1742
1613
3047
0
3057
1782
1789
3038
0
1687
1392
0
0
1618
3154
1433
0
3100
0
0
1448
4086
0
3213
1770
1622
1610
0
1789
0
1392
1765
0
3171
3249
3178
0
0
0
1411
0
0
0
1814
1809
1610
0
0
0
4112
0
1791
1696
0
0
0
1699
0
0
0
0
0
1762
2978
1679
0
0
0
1610
1699
0
0
1863
1613
0
0
1643
1671
0
1727
1499
0
1784
0
1890
0
1764
1631
3100
0
0
0
0
1643
0
0
0
1448
1784
0
1610
0
1699
3286
1890
1743
1380
1954
2834
1863
1890
1342
1782
1897
1958
1448
1630
1789
1863
1954
1944
1872
1872
1342
1555
1302
2655
2801
1863
1989
1958
1979
1818
1954
1894
1860
0
1302
1894
0
1378
2914
2801
1910
3284
1267
2914
1897
0
2815
2757
1979
1894
1944
1890
2842
2639
1863
1890
1716
1978
1890
3100
3284
1630
1872
0
1890
1897
1863
0
1789
1388
0
1897
1897
2000
2881
1894
1863
1894
1630
1622
1954
2655
1387
0
1860
1622
1863
1630
1954
2809
1894
1863
1910
1448
1958
1230
2565
1267
2655
2655
1989
1944
2080
2711
2216
1267
2153
1267
2711
1944
2087
1989
2142
2565
1944
2594
1897
0
1267
2037
1236
2000
1989
1863
2216
0
1989
0
1910
1944
2186
0
2119
2000
1954
1978
2142
2359
1944
1978
1236
1979
2195
1978
1958
1944
1958
2000
2051
2192
2637
0
0
2186
1236
2216
2000
2153
1860
2359
2057
1978
0
2708
1226
2230
2079
1978
1910
2080
1230
1860
1860
0
1230
1954
2058
2153
2657
2655
2051
2057
1978
2087
1267
2087
1944
1910
2000
1958
2199
1860
1989
1989
1910
1978
1952
2000
2527
2218
2159
0
0
0
0
0
2112
2165
3960
0
0
0
2327
2400
0
2082
1034
2084
0
2127
0
2365
2084
0
0
1138
0
2391
2195
0
0
0
2109
0
0
2099
2153
0
2109
2218
2400
0
0
0
0
0
0
0
0
1019
0
0
0
0
0
0
2198
0
0
0
0
2198
2112
2112
0
2194
2084
2216
0
3736
0
0
0
2097
2097
2127
2131
2145
1954
1192
2084
1141
0
2205
2071
0
2051
0
0
0
0
2078
0
2359
2000
2264
2098
0
2097
2079
0
2082
2099
2719
0
0
2028
0
1978
2461
0
2036
2532
2078
2211
0
982
0
0
1141
0
1192
2218
2471
2497
0
0
0
1230
2131
0
2190
0
2461
0
2057
2165
2194
0
2497
0
2190
0
4020
0
2286
0
982
0
0
0
2205
1170
2098
0
2321
0
2114
2169
0
0
2165
0
0
2142
0
2119
0
0
2079
0
0
0
0
1267
2230
2327
2218
0
2410
0
0
2119
0
0
1141
0
2109
2078
0
2187
0
2127
0
2082
2532
2127
2079
0
0
0
0
0
0
0
0
0
2082
0
0
2080
0
0
0
2331
0
0
2483
0
3742
0
0
0
0
2527
0
0
2410
2527
0
2426
2271
0
0
2374
2532
0
0
2439
0
0
0
0
0
0
0
0
0
0
0
3845
0
2339
2306
0
0
0
0
0
0
0
2334
2312
0
0
0
0
0
0
0
0
2499
0
0
2400
0
0
2098
2327
0
0
0
0
3861
0
0
0
2494
0
0
0
2407
2497
2449
0
2498
0
2353
0
0
0
0
2420
2460
0
2260
0
0
0
0
2236
0
0
0
0
0
0
0
2395
2435
0
0
0
2450
0
0
0
2312
2109
0
0
0
0
0
0
2377
0
3814
0
0
0
2109
2522
2499
0
2456
2259
0
2468
2389
0
0
0
2294
2513
2420
2242
0
2294
0
0
0
0
2407
0
0
2532
0
0
0
0
2389
2418
0
0
0
2328
2719
0
0
0
0
0
0
0
0
0
2405
2527
0
2365
0
0
0
0
2473
2509
0
0
0
2389
2525
2471
1978
2080
3845
0
2597
0
0
2507
2300
0
0
2676
2419
0
2053
0
2211
2511
0
0
0
2082
0
0
0
0
0
2443
2274
0
0
0
0
2271
2426
0
2264
2339
0
0
0
0
0
0
2274
0
0
2532
0
0
3789
0
0
0
2471
0
2243
3912
0
0
0
2470
0
2078
0
0
0
0
0
0
2513
0
0
3814
0
3757
0
0
2426
0
0
0
2161
0
0
0
0
0
2271
0
0
0
0
2419
0
0
0
0
2420
0
0
0
0
0
2708
2684
0
2630
1944
0
0
0
2589
0
0
2639
0
0
0
0
0
2614
3711
3711
2680
0
0
0
0
2599
0
2507
0
2614
2702
0
2539
1978
2816
2711
0
0
2211
2714
2744
0
0
0
2540
2927
0
2657
2719
2757
2636
0
2701
0
2893
0
2544
2211
2540
0
0
0
2539
0
2253
0
0
0
0
0
2681
0
2556
2641
0
2723
2533
2657
0
2711
0
2883
2736
2507
0
2645
0
0
0
1989
2719
3730
2410
3752
2733
2630
0
2292
0
2618
0
0
0
0
3837
0
0
0
2693
2614
0
0
2692
2684
0
0
3752
2639
2433
0
0
0
2679
0
2719
0
2550
0
2690
2637
0
2328
2702
2719
0
2556
2575
0
0
2540
2618
2841
0
2636
2601
0
0
0
2618
2618
0
0
2577
0
2684
0
0
0
0
0
0
2744
2342
2600
0
2292
2565
0
0
1978
2676
2636
2639
2000
0
0
0
0
2681
2540
0
3765
2331
0
2410
0
0
0
2558
0
0
2587
2539
0
0
0
1979
2328
2693
0
2636
0
0
2516
2821
0
0
0
2870
2787
0
2934
0
0
0
0
2890
2794
2821
2630
2883
2925
2826
0
3174
2747
0
1897
2855
2727
2614
2806
2794
3100
2774
0
2779
2788
0
2788
0
2886
2806
2890
2886
0
0
1979
2841
3186
0
0
2927
0
0
0
0
0
0
0
0
0
0
0
2747
2639
2812
0
3104
2779
0
2914
0
3186
0
0
0
2787
0
0
0
0
0
0
2928
2780
0
0
2757
0
0
0
0
3342
2825
0
2913
0
0
2815
0
2655
0
2939
0
0
0
0
0
0
0
0
0
2928
2875
0
2844
2926
3730
2618
1979
0
2849
2816
3100
2779
0
3108
0
2684
0
3174
0
0
2815
0
0
0
2812
2883
0
0
2914
2926
0
2747
2925
0
3525
0
3412
0
0
2912
2841
2749
0
0
2792
0
2815
2747
2741
0
3164
0
3104
3231
2714
0
0
2789
3063
0
0
3031
0
0
0
0
0
2826
2790
2747
2843
2794
3185
0
2885
2886
3525
0
0
0
0
2637
0
0
2727
3108
0
2779
0
3039
2556
0
0
2747
2893
3213
2816
2816
2845
2787
2842
2886
0
0
0
0
2925
2702
0
2893
2862
0
3420
0
0
0
3200
0
0
3166
3265
3171
3182
3368
0
0
3496
0
3182
0
0
0
0
0
0
3191
3227
0
3143
0
3104
2987
3436
0
3002
3068
0
0
2961
0
0
0
3024
0
0
3057
3443
0
3231
0
0
0
0
0
0
1819
3102
1608
0
0
3022
3242
0
2749
0
0
0
0
0
3016
3118
0
0
0
0
0
0
3171
3123
3200
0
0
3227
0
0
0
3010
0
1662
0
0
3181
3012
0
3055
1819
0
0
0
0
0
0
0
0
3412
0
0
3262
0
1779
0
2844
3080
0
3326
0
2987
0
3185
0
1779
0
0
3174
2961
0
3370
0
0
0
1622
3277
3191
0
0
3219
1610
3153
0
3282
0
3153
0
0
0
0
0
3448
3045
0
0
0
0
3207
0
3400
0
0
3031
0
0
3128
0
0
0
0
3217
0
0
0
0
0
0
2789
0
0
3010
0
3272
2925
0
2959
0
3127
0
0
0
2927
0
3420
0
0
3002
3043
3148
0
0
0
0
0
0
0
0
1691
2788
3277
0
0
0
0
0
0
3420
0
0
0
0
0
3387
2787
0
0
1662
0
0
0
3231
0
0
3157
0
0
0
0
0
0
0
1719
0
2749
0
0
0
0
2987
0
3047
3171
3326
0
0
0
3042
0
0
0
0
0
3342
0
0
0
3179
1691
0
0
1779
0
0
0
0
3466
0
0
0
3265
3108
2914
3149
0
3108
3034
0
0
0
0
0
0
0
0
0
0
3128
0
0
3265
0
3309
3415
0
0
0
1691
3038
0
0
3226
0
2860
0
3507
3400
0
0
0
3227
3370
3265
0
0
0
3370
0
3178
0
3024
0
0
0
2855
0
3399
0
0
3483
0
3185
0
0
0
3624
0
3443
3101
0
6663
3509
3370
0
3309
3327
0
3403
0
0
3607
3370
3487
0
0
0
0
3509
3607
0
0
3309
3399
0
0
0
0
3466
3346
0
3607
3322
3491
3295
3329
0
0
0
3585
0
0
0
3415
0
3481
0
3326
3309
0
0
6553
0
0
0
6701
3443
3361
3483
0
3483
0
3481
0
3439
6533
0
3492
0
3607
3339
3585
3487
6624
3525
0
3481
3466
3477
3483
3400
3109
3436
3387
0
0
3356
0
3392
3387
0
0
3370
0
3624
3329
0
0
0
0
3525
0
0
3496
0
3401
6663
3309
6582
3563
0
6710
0
0
3295
6663
0
3504
0
6542
3400
3060
3295
3038
0
2987
0
6542
0
0
0
3487
2995
3436
0
0
3443
0
6626
3363
0
0
3412
3483
6548
0
0
3496
0
0
3487
0
3496
0
3031
0
0
3466
0
3198
6548
6709
3048
0
0
3439
3329
0
6562
0
3466
0
3399
0
0
0
6710
3509
3309
0
0
0
3607
0
3451
0
0
4101
3401
0
0
3370
0
0
0
0
6533
0
0
3585
3010
3356
0
3010
0
0
3483
0
0
0
6715
3431
6645
0
3306
3365
3412
3041
3607
3481
3585
3644
3711
0
3617
3624
6364
3563
3563
3585
3342
6455
3684
3295
3617
3600
6533
2862
3617
3730
3483
3412
2862
3644
3624
3684
3684
3563
6495
3711
6663
6311
3585
2893
2806
3600
3711
3412
3585
6553
2747
0
3607
3624
3342
2618
3617
3607
3684
3624
2883
3525
3412
6495
6311
3730
3400
3525
3600
6495
3600
3563
2870
0
6311
3525
3585
3585
3617
3607
3644
3600
3644
3600
2843
3563
3624
2874
0
3600
2794
3730
2885
3525
3563
0
3339
3585
3617
2843
3483
0
6311
3607
3585
0
3525
2893
3585
3684
3607
3607
0
6374
3837
3711
3684
3878
3684
6359
3747
2692
3730
6346
6311
2690
6311
6145
3711
3808
6374
3644
0
6311
3878
6364
2709
3861
3861
3910
3730
6311
3617
3711
3730
3861
6364
3730
6374
3730
3684
2630
3861
6311
6311
2717
3684
3684
2456
2709
3766
3877
3684
2597
3730
3765
3787
3787
3878
2709
2556
2580
0
3684
2433
3617
6108
6359
3711
6145
3711
2580
2556
3877
3711
3600
3644
3644
2580
2645
6311
3787
2679
3644
6374
3684
3730
3766
3730
0
3617
3617
3730
3808
3877
2717
3563
6311
3730
3752
3684
3752
2618
3607
6311
2630
6120
3711
0
3766
3785
0
0
3878
0
0
0
0
0
3742
0
0
3803
3776
0
0
0
0
3852
3784
0
0
6233
3788
3757
0
6097
3893
0
0
0
3905
3761
0
0
3808
3776
6108
0
2470
0
0
0
0
0
3869
3814
3810
3877
3869
3752
3784
0
0
0
0
0
0
3806
2461
0
3737
0
3865
3776
3869
0
3775
0
2516
0
0
0
0
0
0
0
0
0
0
0
0
0
3834
3912
3814
3873
0
0
6133
0
3785
0
0
3808
3805
3792
0
3787
0
2532
0
0
4020
6122
0
2294
0
0
6288
3792
0
3807
0
0
0
0
2366
0
3892
0
0
0
3774
3800
3861
0
3810
6000
0
3789
3852
3911
0
0
3776
6182
0
0
0
2471
0
0
0
0
0
0
6173
0
0
3803
0
2435
0
3924
0
0
3814
0
6252
0
0
3883
0
3878
0
3869
3877
3876
3747
0
0
0
0
0
0
3902
6274
0
0
0
6234
3752
6133
2461
3887
6000
3762
6288
6173
0
0
0
3784
0
3905
0
2198
2198
3893
3994
6076
3893
6081
3960
3994
6081
1052
2084
3994
6096
4266
6000
2198
3773
2098
4333
6081
5669
6096
4009
4020
4020
4009
3905
2225
6076
4009
0
6096
6096
6210
3804
2036
6000
3805
4009
6028
4261
3887
4333
4009
2109
4020
6122
4333
4009
2198
6005
6081
4009
3789
4020
2036
2165
2161
2225
3869
3994
3839
4020
3810
0
4009
6173
2127
3960
2114
3775
1138
2131
3994
4266
2036
4261
2189
4020
0
2084
3994
982
3960
3776
3839
6210
3839
4009
2161
0
6000
4333
6096
6210
4084
4041
4041
4101
4041
1781
5960
4041
4041
3420
4084
4185
1632
1392
3432
4086
0
4101
5833
5833
3415
1784
4112
4086
3509
5952
5833
3309
5947
1618
1699
4084
3475
1392
5948
1643
1790
4084
5964
4086
3481
4101
4202
4084
5948
4112
4041
3436
5952
4185
3297
1671
4084
3309
1784
4101
4185
4101
5982
0
3392
0
1691
4101
4101
4185
1742
1691
3475
3406
1662
3309
3286
5952
4101
6674
0
4240
3481
1662
1610
3509
1618
4086
4101
5964
1742
0
4185
4101
3392
1632
1632
4112
4101
4041
3309
4101
4041
3297
5995
1643
4101
3509
3443
5952
4086
4235
4112
4084
1699
4084
5947
1790
4240
1554
4814
4240
4240
4193
4880
5794
4202
4216
4814
4815
5982
4998
1632
1679
4240
4202
1537
5948
4216
4240
4815
1580
263
5197
1554
4193
4041
4240
5822
5794
4041
1538
4193
5876
4086
1537
1618
5873
4041
4814
4846
4202
4086
4086
0
4240
4807
4216
4101
4235
4202
4984
0
5876
5833
4202
4240
4235
4240
4240
4240
0
1613
1429
5876
1632
4202
5948
5822
4240
4086
5776
1495
53
4807
0
117
4193
4101
4240
4860
4998
4235
5021
4235
4084
5876
5833
4084
4101
5833
4101
4101
4185
0
5833
4216
4984
4185
0
5948
5948
1618
5948
4185
4240
4086
53
5948
4240
4041
5119
5876
5948
5941
1679
4235
4216
4086
4998
0
5465
3960
6096
4266
0
4400
1095
5758
4266
3960
1161
4482
4261
4266
4333
4333
3960
3960
4578
1151
4403
4544
3960
982
4333
4266
4463
4333
4578
4544
1150
1138
4266
4333
1141
4266
4333
2189
4266
1043
4400
1150
3960
3960
4009
3960
3994
4261
4463
1151
5669
4261
1043
1146
4459
6028
1034
4400
1043
5710
5710
4544
4009
4333
3960
982
3960
4266
4578
4266
1065
0
5758
4266
4266
4512
5758
1043
4261
3960
4579
4529
4584
2098
3960
5768
4459
2189
4463
1141
4266
4578
6028
4266
1034
3960
4261
3960
4333
4522
0
795
0
4601
780
0
780
4387
5509
4474
0
0
4266
0
4571
4455
4546
0
0
780
0
0
0
4482
0
0
0
4493
4482
4392
0
0
0
4441
4584
4420
0
4498
0
4400
0
0
0
5548
4464
0
4579
0
4508
4522
0
4578
4575
0
687
0
4579
4557
0
806
4670
1146
4463
4482
0
4505
0
4553
4543
4417
4496
780
0
4498
4543
4578
4498
4587
0
0
4364
0
0
4522
0
4583
4582
4498
0
4482
4551
4463
4552
0
4474
0
4459
0
4496
4584
0
0
0
834
4512
4505
4482
4462
780
4441
4492
886
0
4571
0
0
4584
682
4455
5465
0
4557
0
4532
4387
0
4495
0
4386
4508
0
0
4529
0
0
4554
0
4543
0
0
4664
0
4428
0
4428
4388
0
0
4400
930
0
0
4388
0
4493
4498
4546
4505
0
0
0
4505
5495
0
0
0
0
0
4512
0
0
4463
4522
5644
4575
4543
0
5462
0
4462
4569
0
0
0
0
4379
0
4557
0
0
0
0
0
4584
671
0
4521
4582
4578
4493
0
4579
0
0
4386
0
5453
0
0
0
687
0
886
0
0
4670
0
0
0
0
0
0
0
4496
4404
0
909
4738
4409
4420
4441
668
668
5424
578
5560
4664
4668
4670
0
949
572
4601
4656
5560
4664
4656
578
4393
4670
4670
4441
4664
4601
4664
5301
409
4762
4656
4496
4664
4670
4769
4710
568
4412
4393
4670
4664
552
4668
552
4668
4670
4496
4670
4664
552
5345
4710
4670
4404
4710
4668
721
4710
568
650
4668
5473
909
4656
4409
4710
0
5301
4664
4393
4664
4762
4601
4553
0
4668
650
4785
0
4409
0
4664
4601
5345
4668
4508
4404
4441
568
4601
552
4656
4769
5334
4871
4738
0
4785
4762
4762
5301
4759
4762
4668
568
4810
4889
5319
4974
568
4837
479
568
4762
5036
4762
4656
453
5014
4710
0
428
5334
4686
4837
4769
4738
444
4954
4871
4710
4974
370
4785
5272
370
4762
5345
4668
347
294
5003
4976
5301
4738
4656
4759
4931
0
5319
4785
4710
4785
4769
4769
5334
4738
4759
4759
4710
5334
4810
4762
4762
360
4738
4785
4668
5301
0
460
460
0
4762
385
5153
4769
5085
5026
0
568
428
4762
4900
5345
4738
351
5301
5272
5334
4785
4668
5334
460
5235
0
5272
447
4686
4762
4871
4759
568
4837
4710
380
444
4785
456
4738
1
460
444
4931
5003
5319
4738
0
267
4941
0
0
4998
0
0
0
0
4865
69
0
5122
4867
0
4785
0
0
5200
4910
4867
0
0
4922
5122
4813
0
0
0
0
4865
5153
0
0
0
4942
0
4978
0
0
0
4920
4769
4814
117
4910
4901
117
0
4840
0
5026
0
4900
5008
0
4871
0
1477
0
4941
0
0
0
0
0
0
0
0
0
5003
4837
0
4930
4830
4901
5003
0
0
0
222
0
66
5119
117
0
4840
4202
0
4998
0
4901
0
0
160
4865
66
0
5200
4813
5030
0
0
66
0
4846
0
117
4759
0
4822
5015
0
5085
0
4871
0
4920
5012
4998
4974
4901
0
0
4876
0
0
0
4865
4202
4933
121
0
0
0
5030
53
4979
0
4948
0
4193
0
4848
0
0
0
4998
0
5237
0
4896
66
4240
66
4933
0
4974
0
117
53
0
0
5022
0
1481
0
5036
0
4686
0
0
4964
0
4901
0
0
4998
4998
4984
4976
0
0
5119
4810
4998
0
4738
0
4889
0
0
0
0
0
0
1590
4875
0
5122
0
4202
0
0
0
53
0
0
0
351
0
117
4901
0
0
4976
0
4948
0
69
5003
0
0
5024
4924
0
4948
4830
0
4686
5225
5236
0
0
5116
0
0
5076
0
4924
0
5237
0
4990
0
5080
5166
5235
5194
4837
0
0
5119
8437
0
0
9979
9918
0
0
0
0
0
5225
0
5052
0
4924
0
9915
4847
0
0
0
0
0
0
0
5116
0
0
5100
0
5046
5284
5822
4998
0
5238
0
4847
0
0
5235
0
5238
0
5231
5822
9916
5044
4924
0
5144
5063
5200
0
5074
0
0
0
0
5196
5046
0
0
0
0
0
0
0
9758
5219
5052
5116
5219
5284
5125
0
5192
5074
0
4814
0
5216
5334
0
5165
5116
9842
5225
9842
5210
5200
0
0
0
5197
0
0
0
5242
4931
5225
5116
0
5100
0
0
5216
5828
0
9946
4837
4840
0
9867
5248
5238
5238
5196
5063
5192
5822
0
9917
0
0
5197
5237
5052
4847
0
0
0
9952
0
4954
0
0
5225
0
0
5245
5776
5046
5003
5026
5080
5284
5197
0
0
0
4837
4837
0
0
0
5873
5192
0
5085
5247
5082
0
0
0
0
5319
5184
4979
5052
0
5794
4998
0
0
0
0
0
5153
5876
4841
0
5238
0
0
9867
0
0
0
5210
0
4738
5327
5235
5319
5334
5272
5428
5284
5173
5210
5415
9541
5301
5345
9354
9511
9713
5334
9672
5272
0
5301
5319
4871
9684
5236
5272
5319
5231
4738
9571
9328
0
5363
5234
5272
5319
5424
5319
5415
5234
5345
5319
9638
5319
9562
4785
5345
5424
0
4762
5284
5345
5415
5327
9584
5041
9584
5284
5424
9632
5319
5235
5284
4738
5272
5319
0
5345
4738
9783
5345
9908
5085
9542
0
5424
5428
9684
5334
5284
5216
0
5041
5345
5272
9584
5284
5319
5235
5301
5235
5234
0
5424
5144
5363
5327
4738
5345
5041
4664
9347
5453
5319
5428
4575
9357
5319
5272
4409
0
5560
5399
5415
9426
9364
5428
9414
9354
9413
5415
5399
5464
5424
4462
5334
5272
5424
5334
4668
5424
5334
5539
5399
5415
9508
5334
5415
5428
9414
9390
9103
5464
5272
5561
0
0
4386
4409
5428
5428
4668
5272
5363
5284
9679
4738
9489
5399
5415
5319
5363
0
4668
9414
5272
5334
5363
5428
5272
5644
0
4668
5345
5345
0
5509
9426
5399
4462
5345
5345
9489
5319
5580
4656
5428
5453
5272
5363
5471
5650
5453
5428
5500
0
0
5580
9129
0
0
4543
0
5516
5522
0
0
5637
5509
0
4545
0
0
0
5497
0
5453
5539
0
5600
0
0
5768
0
0
5455
5626
5575
0
5547
4527
9029
5465
0
5589
9079
0
0
0
5567
5561
5644
0
0
0
0
0
0
0
5570
0
5583
5620
5620
5477
0
0
0
0
0
5561
4379
0
0
0
9029
0
0
5570
0
0
0
5574
5548
0
9180
0
5595
5627
0
5561
5595
5600
9303
0
5486
0
5498
4496
5612
5650
5560
4512
0
0
0
0
0
0
4579
4664
5524
5465
5575
0
5633
9103
0
0
0
0
0
4455
5627
0
0
5626
0
5586
5575
5462
0
0
0
0
0
5561
0
5537
9246
0
0
0
0
5465
0
0
0
0
5516
0
0
0
5548
5516
4543
0
0
0
5509
5580
5560
0
5527
4417
5466
5453
5464
5548
0
0
4512
5523
0
9103
5564
0
0
5563
5601
0
4388
0
0
0
0
0
4543
0
0
0
0
4579
5644
0
9141
0
5466
0
5564
5509
0
5557
5560
0
4583
4386
0
6096
8830
6028
6028
5710
5758
9088
5756
8869
6028
9151
8968
8969
5669
5669
4266
8899
5768
0
8998
5710
4583
5669
4512
5567
6005
5724
5724
6032
5758
4266
5724
5724
5756
5669
5669
4261
5710
5523
5567
4584
8872
5548
9113
9055
5669
5724
5486
5756
8928
5710
6096
5768
8872
6000
9151
5756
8856
6096
0
4455
8865
6005
4333
6032
6096
4333
5548
5724
4261
8969
5756
8969
0
5724
5524
4583
5724
4261
5758
6096
5548
6005
5758
8918
9151
5669
8968
5567
8915
4266
8869
8959
5710
5724
5562
5620
8998
8998
4261
5758
5669
5710
5710
6032
0
6028
0
5465
4266
5758
6005
4266
6005
6096
5724
8913
0
5873
5960
5822
5913
5913
5794
5993
0
5776
5960
5119
5828
5794
5794
8422
5794
5948
5960
5197
5154
5794
8196
5154
5960
8552
0
5828
5822
5794
8552
5219
5941
5948
8421
5822
5794
8271
5948
5245
5964
5960
5197
8447
5125
5102
5828
5833
5947
5822
5247
8567
5794
5794
0
5960
5873
4216
5040
5833
0
4216
4240
5948
5822
0
5116
5052
8422
5116
5960
5960
5192
5052
5052
4193
5247
8476
5948
8589
5941
5776
5833
4202
8552
5245
8567
5192
8552
5794
5219
5219
5913
5794
4235
5873
5964
8567
5822
5247
8437
5948
5247
5822
5948
0
5993
5947
0
5828
5052
5873
5947
5913
4185
5794
5119
5776
5947
5995
4185
6588
4086
8230
4185
5964
6524
6671
8390
5982
4084
5982
4185
8271
6674
6701
6522
5833
5982
5913
4084
3322
5952
5947
6964
0
5913
6522
8381
5952
5960
5982
4101
5952
8286
6636
3439
8168
8181
5794
5964
8241
4086
6608
4084
5947
5913
6636
4041
6728
6701
6636
6645
0
6701
5993
5960
3436
8254
0
0
4086
8355
5828
0
5964
5995
5948
6648
4185
5948
5913
0
4084
5828
5947
0
5947
6636
4084
5960
8196
5995
6855
5952
5947
4084
8241
5947
3392
6645
5964
6677
6636
0
5913
4101
6674
5913
5947
4101
4101
6674
5964
8476
0
6707
0
4084
6096
7812
7631
0
7812
6076
6096
7804
0
6081
6005
6096
6069
6028
6028
4009
4020
8859
6098
6032
6210
4020
7605
6028
6081
7806
6069
6028
5669
6210
7779
0
6096
8859
7836
0
5669
7631
7808
6121
6000
6076
6081
7808
6005
6069
7867
6265
6210
6028
6096
6032
8922
6175
3994
5710
6000
7812
4020
6076
6069
6210
6000
6212
6076
7585
6028
4261
6121
6032
6193
6028
0
6213
6173
7585
6032
5756
6210
0
6000
7828
6299
6032
0
6149
6210
6032
6076
6186
3994
6069
6032
6096
6000
7850
6076
6005
7738
0
0
0
6098
0
0
6253
3747
0
7701
0
6119
0
0
6069
0
6195
0
6098
6195
0
6253
0
0
0
0
0
0
0
0
0
6097
6098
6238
0
0
0
0
0
0
0
0
0
6121
7686
6210
7446
6252
6173
0
0
6299
3865
0
6293
0
3747
0
0
6175
0
0
6119
6253
6215
6175
6182
6193
6265
0
3912
6191
0
0
0
0
6215
0
6121
0
0
3802
6182
6295
7701
0
0
6239
3902
3850
0
6108
0
0
6195
0
6157
0
7446
0
6173
0
6215
6267
0
6195
0
6227
6097
0
6262
7622
7639
3789
0
0
0
0
0
0
6215
7532
6278
6215
6186
0
0
6299
7673
0
0
0
3802
0
6238
0
6215
0
0
7622
0
0
0
0
6109
0
6215
6145
6215
0
0
6262
0
6181
0
6296
0
0
0
7550
6252
3747
6097
0
0
6227
0
6237
6234
0
6121
0
6175
7631
6121
6186
3874
0
0
6097
6032
3846
0
6123
0
0
6032
7555
6197
6097
6145
7556
0
0
0
0
6081
0
0
0
0
0
7508
0
0
0
0
6120
6424
6311
3711
6359
6311
6364
6135
0
6377
7347
6311
7419
6364
7347
6359
7226
6424
6374
3644
6346
7411
7358
6359
6364
6311
7330
7419
0
7272
6374
7319
6233
6412
6331
6495
6359
7253
7256
6311
6311
6145
3684
0
6120
6311
6331
6495
6311
7312
6331
3644
6377
6424
6346
6104
0
6424
6189
6424
3711
0
6412
6377
6215
7347
6374
7319
6331
7341
3730
0
6311
6359
0
6331
3730
6238
6145
6123
7260
3730
7312
6238
3711
7419
6311
6364
6377
6359
6238
3711
6311
7256
6233
6412
6278
7226
7323
6237
6311
7311
3684
6311
7347
6311
3711
6123
6678
0
3613
7082
6364
6359
6424
6424
6455
7113
3585
6607
6607
0
6424
6678
7185
6533
6364
6470
6311
6412
6493
7121
3613
6424
6663
6678
6678
6470
6740
6470
3684
7154
6424
3730
6626
6495
6424
6455
6424
6495
7074
6364
0
6412
6663
7094
6495
6455
6607
7185
7106
6470
6678
6424
6359
6455
6424
0
7154
6331
6493
6495
6470
7350
3295
6553
6455
7323
3613
3563
6311
7067
6424
6346
7226
7319
6495
6412
6412
6364
0
6359
0
7046
6495
6571
6493
6424
7067
7226
6533
6311
6663
6708
6715
6455
6495
6311
6424
7179
7184
6412
6359
3585
3491
3711
0
6533
0
0
0
0
6522
0
6701
6607
6703
0
7237
6873
0
0
3309
0
6710
6546
6589
6613
6854
0
6962
6607
6672
0
6797
0
0
0
6623
0
0
0
0
0
0
6636
0
3483
6588
0
5982
6707
3415
6455
0
0
3295
0
0
3475
0
6533
6656
7185
0
0
0
0
6797
0
0
0
0
6697
0
0
0
0
0
0
6643
0
0
0
0
6902
6627
6758
0
5964
6844
0
6708
0
0
0
0
0
6740
6627
0
6523
0
6666
6798
0
6824
0
6937
0
0
0
6554
0
0
6534
6542
3316
6716
6982
0
0
0
0
6697
6470
6577
0
0
0
0
3436
0
6701
8341
0
0
6613
0
6672
0
6691
0
0
6686
0
6523
6686
6627
6636
0
3309
0
0
3483
6671
0
6704
0
0
0
0
0
6645
0
0
6470
0
6424
0
3322
0
0
0
0
0
6522
0
0
6645
0
5995
0
3509
0
6704
3483
6622
0
6594
0
0
3430
0
0
0
0
0
0
6831
6648
0
0
0
0
0
0
0
0
8240
6797
6982
0
0
0
0
0
0
0
6797
0
0
6943
7003
0
0
0
0
0
6769
0
6769
0
0
0
6797
0
0
6955
0
7046
0
6546
7068
6790
0
0
7025
0
0
0
6825
0
0
0
0
0
0
6936
0
0
6987
0
6769
6884
6873
6691
6955
6739
0
6738
0
6964
0
0
0
0
0
0
0
6865
6821
6731
6922
0
0
0
0
6867
0
7150
6714
0
6589
0
0
8377
0
0
0
8163
0
0
6844
0
0
0
6470
0
0
0
0
0
0
6852
0
0
0
0
0
0
7011
6802
0
6730
0
7085
0
0
6824
0
0
6937
0
0
0
6997
0
0
0
0
0
0
0
6645
0
6522
0
0
7195
0
6897
0
0
0
0
6697
6925
0
0
0
8341
0
0
6843
0
7021
0
6915
8276
0
0
7011
6902
0
7157
6924
6843
0
7021
0
6797
0
6800
0
0
6937
5993
6821
0
8380
0
6935
0
0
0
0
6922
6970
0
8229
0
0
6714
0
0
6914
0
0
0
0
0
0
0
0
0
6873
6887
6964
6946
0
0
0
0
0
0
0
0
0
0
0
0
0
0
0
0
0
0
0
0
0
7185
0
8381
0
6897
6964
0
0
0
0
0
0
0
0
6922
0
0
0
0
0
6863
0
0
0
8240
0
6522
6986
0
7001
7046
0
0
0
0
0
7185
0
8174
0
0
0
0
0
0
0
0
0
7229
0
0
0
6808
6967
6964
0
0
0
0
0
6902
0
0
0
6950
6855
0
0
6897
0
6851
0
0
6754
6738
0
6701
0
0
6810
0
6836
0
0
6424
7199
0
7402
7419
7154
7063
7431
0
0
7227
7223
7056
0
0
8127
0
0
0
0
0
7056
7068
0
0
0
0
7158
6424
0
0
6424
7185
0
6495
7067
0
7168
6731
7158
0
7099
6962
0
0
0
0
0
0
7237
0
0
7235
7133
0
0
0
7431
8127
0
6937
0
7228
7115
7084
0
7083
0
0
0
6424
7350
7001
0
7184
0
6936
0
7081
7210
0
0
0
0
0
7239
0
0
7229
0
0
7099
7115
8098
7084
0
7158
0
0
7185
7226
7068
0
0
0
0
0
7177
7219
7067
0
7157
0
0
7170
0
0
7239
7210
0
0
6844
7177
7157
7158
0
7228
7224
7239
0
0
7157
0
0
0
7219
7402
7419
0
0
7323
0
7084
0
0
0
0
0
7219
7179
0
0
0
0
7106
0
7001
0
7319
7158
7231
0
7350
7157
7292
0
7219
6936
0
8127
0
6962
0
0
7121
6824
7179
7082
7168
0
7074
0
0
7103
0
0
0
7177
0
0
0
0
7036
0
7107
0
7224
0
7144
0
7118
0
7084
7227
0
7226
0
0
7391
7648
7407
7263
0
7244
7357
0
0
0
0
7282
7352
0
0
0
7406
0
7293
0
0
0
0
7319
7362
0
0
0
7344
0
7357
0
0
7575
7391
7467
0
7707
7673
6153
0
7521
7800
0
7380
7309
0
0
0
0
7391
7673
7317
0
0
7328
0
0
7224
7319
0
7346
7133
0
0
0
0
7321
7680
7226
0
0
7366
0
7391
0
7406
0
7263
7431
7349
0
0
0
0
7423
7311
7893
7219
0
0
0
7357
0
7376
0
0
6137
0
7357
0
0
0
0
0
7266
0
0
0
7350
0
0
0
0
7346
0
0
7259
7426
7349
0
8050
7317
7133
7097
0
0
7603
0
0
0
0
0
0
0
0
7380
7347
7347
7292
0
0
0
7295
7133
0
7380
7184
7272
0
0
7882
7329
7259
0
7226
0
0
7982
7379
0
0
7646
7253
7423
0
0
7366
7312
7624
0
7260
0
0
7357
0
7300
0
6377
0
0
7294
8050
0
7376
0
0
0
7673
0
0
0
0
7448
7622
7346
0
0
0
0
0
7467
0
0
7558
0
0
7621
0
7891
0
7691
0
0
0
0
0
0
6241
0
0
0
7718
0
0
7766
0
7466
7891
0
7705
7300
0
0
7466
0
0
7602
7520
0
7475
0
7696
0
0
7688
0
0
7622
7646
7632
0
0
7646
7688
0
7244
0
7893
7604
0
0
0
7688
7738
0
7347
0
0
7605
0
0
7631
0
0
0
0
7812
0
0
0
0
7752
7712
0
0
0
0
0
0
7891
0
0
7882
0
0
0
0
0
0
0
0
0
7522
0
7611
7679
0
0
0
0
0
0
0
0
7610
6135
0
7300
0
7891
0
0
0
0
0
7673
7530
0
0
7244
0
7460
0
0
0
0
0
0
0
7605
7893
0
0
0
0
0
0
7639
0
0
0
0
0
0
7646
0
0
0
0
7712
0
0
6098
0
0
0
0
7481
0
7691
7717
7648
0
0
0
0
7781
0
0
0
0
7467
7631
0
0
0
0
7475
7423
0
0
0
0
0
0
0
7603
0
7465
0
0
0
0
0
0
0
0
0
7641
0
0
0
7603
0
6205
0
0
0
0
0
0
0
7874
0
0
0
0
0
0
7256
7893
7448
0
0
0
0
0
0
7451
0
0
0
0
0
0
7686
0
0
6193
0
7300
0
0
0
0
7889
7387
7664
0
7630
0
7891
0
0
0
0
0
0
7517
0
0
0
7712
0
0
7347
0
0
7438
0
0
0
0
7838
7905
0
8751
0
7525
0
7882
0
8859
7919
7909
0
0
0
7889
0
7772
0
0
0
7781
0
0
7935
7466
7847
7847
8876
0
7810
0
7878
7808
7808
0
0
0
0
7900
0
7775
0
0
9021
0
7919
0
0
0
7781
0
0
0
7806
0
0
8969
7934
7823
7836
0
8859
7765
0
8873
7838
0
7752
7766
0
0
0
7898
0
0
0
7349
0
0
0
7874
0
7808
0
0
0
7639
7639
7622
8866
5710
0
0
0
8822
7743
0
0
7648
7794
7810
7648
0
9021
0
0
7804
0
7836
7778
0
0
0
8032
8786
0
0
7639
7816
0
0
6032
7847
7446
0
7838
7822
0
7738
0
0
0
7833
7804
7828
0
0
7851
0
7982
0
7589
0
0
7759
0
0
0
0
6005
7828
0
0
0
0
0
0
7889
0
7908
0
0
0
8871
8913
7752
0
0
7937
0
7728
7773
7667
8859
0
0
7851
0
0
7812
0
9020
0
7867
0
0
7919
7775
0
0
0
7705
7804
7867
7934
7862
0
0
0
7530
0
0
7937
0
0
7786
0
7605
0
7982
7752
8776
7898
7772
8786
8049
7426
8098
8751
7317
8750
8786
7800
8776
8715
8773
8782
7317
8127
7800
7814
8738
7282
7982
8032
8050
8157
8050
8788
7982
7282
8751
8776
8032
7743
8154
8782
8098
8032
8050
8101
0
8118
7406
8118
8738
7781
7898
8101
8049
7648
7893
8050
8032
8786
8049
8118
7056
8118
8050
8773
8715
8032
8776
8751
7982
7982
7406
8773
7900
7882
7250
8049
8715
7292
8032
8049
7406
7282
8050
7648
7882
8049
7908
8050
8050
8118
8032
7292
7752
7244
0
8101
8773
8751
7406
8773
7752
8786
8032
7752
7851
7292
8049
8049
7823
7766
8786
0
0
7915
8751
7800
7329
8963
8127
8050
8776
8032
7068
8154
8137
8127
8118
7982
8157
8127
8157
8750
8631
8357
8204
8270
8773
7158
8380
8101
8157
7158
8293
8776
8636
8154
8380
8049
8631
8154
6769
8118
8330
8118
8101
8137
8049
8162
8703
8154
0
8186
8098
0
6866
8157
8049
8157
8101
7068
8285
8293
8127
7010
8137
7083
8154
8380
8631
8157
0
8693
8118
8636
8049
8293
8291
8162
8380
0
7115
7133
8154
8118
8380
7115
8101
8049
8296
0
6866
8137
8137
8205
8157
8631
8201
8698
8369
8137
8315
8098
7068
8101
8137
8101
0
7250
8205
0
8049
7157
8249
8445
0
0
0
8381
8098
8182
0
0
0
8265
8302
8240
0
8357
8306
8387
8390
0
0
0
0
8254
0
0
0
0
8271
0
8205
8450
8271
0
8265
8285
0
8250
8385
0
6940
0
0
0
0
0
6763
0
0
6731
0
8201
0
0
7001
6821
8187
0
0
8203
0
0
0
0
8174
8355
6830
0
0
0
0
8182
0
8369
0
8182
0
8265
8203
8270
0
0
8234
0
0
8300
8330
0
0
0
0
8286
0
6831
0
8293
8448
0
8296
0
0
8559
0
0
0
0
8181
6855
0
8252
0
0
8362
7013
8293
5960
0
0
8291
6873
7064
8202
0
6754
0
0
0
0
8369
8350
0
0
8433
0
8270
8323
0
0
8341
8556
0
8162
0
0
6636
8227
0
0
0
8350
0
0
8341
0
0
0
8228
8445
8571
8201
6754
8291
8385
0
0
0
7158
0
8445
8341
0
8293
0
8276
8285
8193
0
8377
8438
8168
0
0
8265
0
8174
0
8355
0
8476
8174
0
0
0
8303
6830
0
8207
0
8250
7001
8168
0
0
8271
8271
0
8296
5941
0
0
8347
0
8296
8271
8571
0
8230
0
0
0
0
0
8380
8403
0
0
0
0
5776
0
0
8218
8355
8476
0
8693
9864
0
8687
8413
0
0
0
0
0
0
0
8491
8369
8302
0
8476
0
0
0
0
8489
0
0
8118
0
0
0
0
0
8502
8567
8422
0
0
0
8567
0
0
8511
0
8205
0
0
8552
0
0
5964
8476
0
0
0
0
0
0
0
0
8355
8687
8435
8572
8438
0
8250
0
0
8697
8583
9979
0
8693
8418
0
0
8476
0
8476
8589
0
0
8693
0
8271
8403
0
8208
8556
8450
0
0
0
8571
8503
8576
0
8421
0
0
8635
5964
8589
0
8379
8552
0
0
8583
0
0
0
8243
8450
0
9695
8445
0
0
0
8265
0
0
9950
0
8476
0
8571
0
8547
8530
9833
9788
8583
0
0
9990
0
0
0
0
0
0
8476
9842
8435
0
0
0
0
5913
8589
0
8476
0
8357
5794
8205
0
0
0
0
8446
0
0
0
0
0
0
0
0
8552
8460
8580
0
8589
0
9890
0
0
8556
8118
8203
0
0
0
9874
0
0
8503
0
5794
0
8464
0
8355
0
8635
8773
8750
8773
9537
8631
8636
9695
8405
8635
8697
8394
9549
8157
8788
9590
8118
8776
8776
8687
9725
8157
8693
8636
8698
9556
8394
8631
8631
8635
8050
8697
8118
8572
8157
9645
8697
8698
8750
8631
8400
0
8438
8693
8635
0
0
8572
8636
9549
9647
8693
8635
8788
8631
9549
8157
8157
8157
8157
9725
9647
8786
8738
8635
8157
9590
8782
8424
8583
8703
8703
8703
8631
8782
8631
8715
8118
8687
8693
8545
9851
8636
8693
8693
8098
8631
8204
8635
8137
8788
8636
8698
8698
8635
9537
9520
0
8636
9781
8545
8750
8693
0
9645
8402
8703
0
0
8738
9645
9537
8157
0
8788
8782
8776
8901
8751
8908
8738
8715
9385
8773
8901
0
8715
9456
8820
9456
8782
9507
8782
8715
7982
8776
8032
9456
8050
8776
8786
8703
8751
8157
9358
9387
8118
8773
0
8820
8782
9370
8157
8999
8855
8738
8858
8823
8854
8993
0
0
9387
8788
8776
8820
8786
8050
8776
8858
8636
8788
8738
8776
8875
8858
8751
8782
8788
8788
8776
8773
9454
0
8788
9397
0
8823
9223
8788
8788
8820
0
8973
8786
9020
0
8788
0
8936
8738
8782
8841
8631
8118
9427
9507
9385
7982
8788
8118
8118
9614
8715
8157
8773
9484
8750
8738
8788
8773
8631
8901
8859
8820
0
5724
0
0
8979
0
8915
0
0
8854
0
0
8957
8751
8826
0
8998
8942
0
8876
8859
0
8933
9171
9044
9004
0
0
8901
0
8940
8856
8854
0
0
8854
0
0
0
0
0
0
0
0
0
0
8915
8841
8901
8901
0
0
8962
0
0
8933
0
0
0
8954
0
0
0
0
0
0
0
8950
8969
8886
0
0
0
7937
8842
7937
0
7850
0
0
9291
0
8921
9014
0
0
0
8820
9109
0
8901
0
8875
0
8900
0
8931
0
0
0
0
8951
8993
0
8963
0
0
0
0
8915
0
0
7850
0
0
8830
0
0
0
5724
9004
0
0
0
0
0
8987
0
8858
9316
9027
7743
8855
9020
0
0
0
7878
8901
0
8901
8942
0
0
0
8998
8949
0
0
8904
7772
7833
0
0
0
8875
0
8987
0
8872
0
7939
0
0
0
8854
0
5768
9013
8820
0
0
0
0
8929
0
0
8937
0
8836
8853
8858
7808
0
0
9090
8868
8873
5562
0
8967
8908
8901
8951
0
7772
8859
0
0
0
8951
8936
8876
9032
7937
0
0
8050
0
8786
0
9163
0
0
0
9429
9150
0
9202
0
0
9279
0
0
0
0
0
0
0
0
0
0
9463
0
0
9202
0
0
0
0
0
0
0
0
0
9232
9151
9313
0
0
0
0
0
0
0
0
5524
0
0
0
0
0
0
0
0
0
0
5527
0
0
9250
0
0
0
0
0
0
0
0
9144
0
8901
0
0
0
0
0
9113
0
0
0
0
0
9287
0
9202
5570
9035
0
0
8918
0
0
0
0
0
0
0
0
5547
0
0
9287
9116
0
0
0
0
9381
0
9059
0
9032
0
9465
0
0
9056
0
0
0
0
9231
0
9213
0
0
0
0
0
9171
0
9070
0
5539
0
0
0
0
0
9253
5527
0
0
0
9151
0
9216
0
9291
9103
0
9129
0
8877
0
5626
5539
0
0
0
0
0
0
0
0
9038
9207
0
0
0
0
0
0
0
0
0
0
0
8950
0
0
0
0
0
0
0
9188
0
8872
9207
0
0
0
9032
0
0
0
0
5564
0
0
0
9285
9162
8929
0
0
9158
0
0
0
9477
0
9116
0
0
0
0
9358
5486
0
0
9199
0
0
0
9446
0
8954
0
0
8967
0
0
0
8872
0
9090
0
9032
9358
9089
0
9095
0
9258
9495
9242
9162
0
9205
0
0
0
0
0
0
0
0
0
0
0
0
0
0
0
0
9063
9316
0
0
0
0
9236
0
8929
0
0
0
8853
0
0
0
0
9129
0
9242
0
9171
0
0
8865
0
9163
8973
0
9358
0
9044
0
9338
0
0
9614
0
9388
0
0
9614
9414
9456
0
0
9402
0
9457
8776
0
8715
0
9484
0
0
0
9471
0
0
9365
0
9484
9370
0
0
0
5399
9614
9231
0
0
0
8788
0
0
9410
0
0
9466
9489
0
9477
0
5424
0
0
0
0
0
9457
9117
0
0
0
0
0
0
9291
0
9158
0
0
0
0
0
0
9503
9415
0
0
9414
0
0
0
0
9385
0
9358
0
0
0
0
9465
9477
5415
0
0
9090
9287
9520
9446
9471
0
0
0
0
0
0
0
0
0
9457
0
0
0
9489
9402
9471
9357
9303
9464
9104
0
0
0
0
0
9471
0
9607
0
0
0
0
0
9217
0
0
9370
0
0
0
0
9385
8901
8854
9520
0
9122
9471
9365
0
0
0
9477
0
0
9471
9117
9471
0
9359
9645
0
0
0
5327
9414
9456
0
9368
0
9388
9370
9438
9089
0
9607
0
0
0
0
0
0
0
9990
0
0
0
9588
9520
9364
0
9608
9878
8703
0
9623
9725
0
9647
9552
9684
9539
9566
9679
9797
0
0
0
9588
0
9647
0
0
0
0
0
0
9725
9549
9875
9644
9608
8697
0
0
0
0
0
0
9756
0
9713
9537
9626
9619
0
0
9388
0
0
0
9754
9541
0
9571
0
9565
0
0
9438
9551
0
0
8631
9607
0
9623
0
0
0
0
9539
0
9565
0
9890
0
0
0
0
9623
9764
9554
9647
0
9623
9781
0
8435
0
0
0
0
0
9607
9788
0
0
0
9390
9571
0
0
0
0
0
9584
0
9908
0
0
0
0
0
0
9607
0
9695
0
8697
9542
9566
0
5284
9387
0
9571
0
0
0
9742
0
0
9718
9549
9619
9532
9654
0
9679
9508
0
0
0
9620
9851
9552
9788
0
0
9691
9552
5272
0
9971
9338
0
0
0
9704
0
0
9565
0
9520
9532
0
9679
0
9584
9620
9705
9584
9542
0
0
9614
0
9705
0
0
0
9552
0
0
9549
0
0
0
0
9549
9644
9590
9388
0
0
0
0
9562
0
0
0
0
9638
9549
9584
0
9542
9874
0
5040
0
8400
0
9922
0
9874
0
0
5216
9946
0
9918
0
9851
9958
0
0
0
9842
9731
9775
0
9758
0
8421
0
9918
0
5219
0
5192
0
0
9851
0
9982
9859
0
0
0
9828
0
0
0
9824
9890
9551
0
0
0
5196
0
9833
0
0
0
0
0
0
0
0
0
0
0
0
0
9835
0
0
9827
0
9918
0
9827
9973
0
0
0
0
5192
9691
9950
0
0
5216
0
0
9725
0
0
0
0
0
0
8457
9754
0
0
0
9875
0
0
0
5242
9869
0
0
9744
0
0
0
0
0
0
0
0
0
8441
0
0
9787
9552
0
0
0
9917
5156
0
0
9781
0
9725
0
0
0
9781
0
0
9952
9833
0
0
0
0
0
0
5216
0
0
0
0
0
9875
0
0
0
9752
0
0
0
0
0
0
0
0
5210
0
0
9781
5154
0
9750
0
0
9861
0
0
8437
0
0
0
0
8542
0
9797
9849
0
0
0
0
0
0
0
0
5040
0
0
9952
0
5876
0
9908
0
0
0
9713
9987
0
8447
0
0
0
0
9917
0
0
9946
0
0
0
0
8421
0
0
0
0
0
0
0
9729
9869
0
9979
0
0
9918
0
9759
0
0
9781
0
5166
9815
0
0
0
5192
0
9851
0
0
0
0
0
0
9768
0
0
8563
0
9997
9565
0
0
9985
9691
9980
0
9982
0
0
9918
