0
0
0
8
0
7
0
0
0
0
0
0
0
7
0
14
14
0
0
14
17
0
14
0
0
14
14
14
0
0
14
14
0
0
0
0
0
0
0
0
0
0
0
0
41
41
0
0
0
0
0
0
43
0
0
14
0
0
0
0
41
0
0
41
0
0
41
0
43
41
14
0
17
0
17
41
0
0
0
0
0
65
65
0
0
0
0
0
28
0
65
41
43
23
64
41
0
0
65
0
0
43
0
41
17
56
28
0
65
28
0
41
0
0
0
64
0
65
0
0
0
65
14
43
0
43
0
0
65
41
0
0
0
0
0
0
0
41
65
24
0
0
0
41
65
14
0
0
41
65
0
0
0
0
0
0
41
65
41
41
41
43
0
41
0
65
0
0
0
14
43
41
14
127
0
0
140
65
14
65
0
41
0
65
41
7
65
0
0
0
43
0
0
65
14
41
0
196
0
65
0
0
43
65
0
65
14
0
0
65
0
0
43
204
0
0
0
14
65
43
0
41
65
41
0
41
65
0
0
65
0
0
0
41
0
224
0
0
224
65
0
14
43
224
0
0
41
65
0
0
224
0
0
43
65
41
0
0
65
65
0
224
65
0
0
224
65
65
0
0
0
0
0
43
141
268
56
0
0
14
0
0
65
41
0
0
0
0
257
0
0
257
0
140
257
257
43
257
116
0
0
0
257
257
140
0
0
0
0
0
0
257
0
312
0
0
0
0
257
315
0
140
315
257
312
0
0
312
0
328
328
257
0
0
257
0
257
140
286
0
328
43
0
328
0
0
0
0
328
0
328
257
0
0
43
0
0
257
328
43
328
0
0
312
0
0
0
257
257
41
328
0
43
0
0
0
0
0
0
0
0
0
0
257
328
41
0
328
0
0
0
0
0
43
0
0
328
0
0
0
0
0
328
328
0
0
0
373
257
328
43
0
377
328
257
0
415
0
0
415
43
0
0
0
0
0
0
257
415
328
399
0
415
0
0
0
0
43
0
0
0
0
0
377
415
257
0
41
0
0
0
257
415
0
0
257
415
43
377
0
415
415
43
399
0
257
0
415
43
0
0
140
0
0
401
257
0
0
214
415
0
0
415
0
0
484
0
312
0
0
0
0
0
484
484
484
0
0
484
488
312
0
0
0
0
0
0
497
0
501
0
0
0
0
0
0
501
501
0
0
0
438
0
501
484
0
501
0
0
0
525
514
0
0
501
0
0
0
0
0
539
373
0
0
539
0
539
539
0
0
539
0
539
0
539
539
539
0
0
514
373
539
539
539
539
514
539
0
539
373
539
539
539
539
0
0
514
539
539
539
539
380
0
553
0
0
514
539
0
539
0
514
539
0
0
539
0
0
539
539
0
0
0
0
0
0
0
0
0
539
0
0
0
539
539
0
557
0
0
539
0
0
514
0
539
539
0
0
0
539
0
0
539
539
539
0
0
539
539
0
0
0
539
539
0
0
539
539
0
0
539
539
0
0
514
0
0
0
514
514
0
553
0
0
514
0
373
0
539
539
0
0
0
0
0
671
0
0
0
0
0
539
0
539
0
0
0
539
539
488
525
0
0
0
641
0
673
676
514
0
0
0
0
695
514
676
0
539
0
0
0
0
0
0
539
712
539
539
712
0
0
539
539
539
0
0
539
0
514
0
712
539
0
0
712
673
0
0
0
539
0
712
0
0
0
0
0
0
0
0
0
0
0
0
539
0
539
0
0
0
0
0
0
0
539
712
0
0
0
0
0
0
712
0
0
712
0
712
0
712
0
539
749
0
680
0
539
712
539
0
706
488
0
539
712
712
0
712
712
0
0
0
0
0
0
0
539
0
0
712
712
0
0
748
514
0
539
539
539
0
539
712
539
539
0
0
514
0
539
0
0
0
514
0
0
0
0
0
0
0
539
808
710
0
539
539
712
539
0
712
0
0
539
0
539
0
0
0
712
853
742
853
670
853
0
747
0
0
0
0
712
0
539
853
0
539
539
748
853
501
0
539
0
539
0
0
0
539
0
0
712
0
539
0
853
0
0
853
0
0
0
539
514
0
0
539
0
0
539
539
539
770
0
853
0
514
712
514
0
670
0
539
539
0
712
0
0
0
539
0
0
801
0
747
539
712
0
725
0
770
0
0
539
514
539
0
0
539
539
539
760
0
0
0
0
0
0
0
0
0
539
0
927
0
539
539
539
539
0
0
514
0
0
0
0
0
0
0
0
746
853
0
0
712
982
853
853
0
0
0
0
988
929
733
0
853
853
988
0
0
0
0
0
0
0
0
853
853
0
0
929
0
0
0
1011
1011
0
1011
1011
0
0
1011
0
982
0
0
1011
1011
0
0
0
733
1011
0
1011
0
0
0
0
932
1011
1011
1011
1011
0
0
1011
1011
1011
738
0
747
1011
1011
0
0
1011
747
0
0
0
1011
1011
0
0
1011
0
0
0
0
1011
0
1011
1011
0
0
0
0
1076
0
0
0
1011
1011
1011
0
0
0
982
0
0
0
0
0
0
0
1011
1011
0
0
1076
0
1011
0
747
0
0
0
0
0
0
0
1011
0
0
0
0
1076
0
1011
0
1011
0
1011
1064
1011
0
1011
1011
0
1011
1011
0
0
0
0
1011
0
1076
1011
0
1076
1011
1076
0
0
1011
1076
1011
825
1011
1011
0
1011
1011
0
1076
978
0
0
1076
1011
1011
988
0
1011
0
0
1011
0
981
0
1060
1011
1076
1011
0
1011
0
1011
0
0
0
1011
1011
0
0
1011
1011
1011
1011
989
0
1113
1011
0
0
0
1011
0
0
0
0
0
0
0
0
0
0
0
0
0
0
0
0
0
0
0
0
0
0
0
0
0
0
0
0
0
0
0
0
0
0
0
0
0
0
0
0
0
0
0
0
0
0
0
0
0
0
0
0
0
0
0
0
0
0
0
0
0
0
0
0
0
0
0
0
0
0
0
0
0
0
0
0
0
0
0
0
0
0
0
0
0
0
0
0
0
0
0
0
0
0
0
0
0
0
0
0
0
0
0
0
0
0
0
0
0
0
0
0
0
0
0
0
0
0
0
0
0
0
0
0
0
0
0
0
0
0
0
0
0
0
0
0
0
0
0
0
0
0
0
0
0
0
0
0
0
0
0
0
0
0
0
0
0
0
0
0
0
0
0
0
0
0
0
0
0
0
0
0
0
0
0
0
0
0
0
0
0
0
0
0
0
0
0
0
0
0
0
24
0
0
0
0
14
65
0
65
0
0
0
0
1402
0
0
1402
0
110
1402
0
0
1402
0
1402
0
1402
0
0
1404
0
65
0
0
1415
1402
65
1415
1404
0
1402
0
0
1417
0
1402
1415
0
1402
0
0
1402
0
1402
0
1417
65
1402
0
0
65
1415
0
0
1402
0
0
0
0
0
0
0
0
1402
0
1411
0
1417
1394
0
0
0
1411
0
1417
14
1402
65
0
0
65
65
1402
0
1411
14
1422
87
1417
0
0
0
65
0
0
0
0
14
1402
1496
1496
1496
0
0
0
0
0
0
0
0
0
0
0
0
0
0
1404
1496
0
1496
0
1417
0
0
0
1417
0
1402
0
0
0
1402
1402
1496
0
110
1496
0
65
0
1496
0
0
0
1496
0
1417
0
0
1496
1496
0
1402
0
0
0
1496
1496
0
0
0
0
14
0
0
65
0
1496
1496
0
1537
0
1496
1402
65
1404
0
0
0
14
65
0
0
0
0
1402
0
65
1496
1537
1496
0
0
0
0
0
1415
0
0
0
1496
1537
1496
0
0
1402
0
0
0
0
0
1392
0
1402
0
0
1402
0
1417
0
1402
0
0
0
0
0
1402
1402
1402
0
0
1619
1402
0
0
0
0
0
1391
1610
1402
0
0
1402
0
1402
1644
0
0
1402
0
1402
1644
1644
0
0
1402
1644
0
1402
0
0
1402
0
1402
0
1402
0
0
0
1402
0
1671
0
0
0
1402
0
1674
1402
0
0
1644
0
1683
1671
0
0
0
1402
1683
1683
1402
0
1688
0
0
0
0
1683
1693
0
1391
0
1701
0
1701
0
0
0
0
1701
1701
0
1701
1701
0
0
0
0
0
1701
0
0
1683
1701
1701
0
0
0
0
1701
1671
0
1701
0
1402
1701
0
1683
1707
0
1683
0
0
1683
1402
0
0
0
1683
0
0
0
1683
0
0
1701
0
0
0
0
0
1683
0
0
0
1641
1707
1756
0
1402
1495
1756
0
0
0
1402
0
1756
1756
0
0
0
1683
1719
1783
0
1701
0
1683
0
1756
1756
0
0
0
1756
1402
0
1756
1683
0
0
1756
0
1783
0
0
1807
1683
1671
0
0
1402
0
0
1756
0
1756
0
0
1701
0
1783
0
1683
1701
0
0
0
0
0
0
0
0
0
0
0
0
0
0
0
0
0
0
0
0
0
0
0
0
0
0
0
0
0
0
0
0
0
0
0
0
0
0
0
0
0
0
0
0
0
0
0
0
0
0
0
0
0
0
0
0
0
0
0
0
0
0
0
0
0
0
0
0
0
0
0
0
0
0
0
0
0
0
0
0
0
0
0
0
0
0
0
0
0
0
0
0
0
0
0
0
0
0
0
0
0
0
0
0
0
0
0
0
0
0
0
0
0
0
0
0
0
0
0
0
0
0
0
0
0
0
0
0
0
0
0
0
0
0
0
0
0
0
0
0
0
0
0
0
0
0
0
0
0
0
0
0
0
0
0
0
0
0
0
0
0
0
0
0
0
0
0
0
0
0
0
0
0
0
0
0
0
0
0
0
0
0
0
0
0
0
0
0
0
0
0
0
0
0
0
0
0
0
1076
0
1076
0
0
0
0
1076
1076
1076
1076
0
1076
0
2031
2031
0
1076
2031
0
1076
0
1076
1076
0
0
1076
2031
1076
0
0
0
0
1076
2031
0
1076
0
0
1076
1076
1076
0
1076
2045
0
982
1011
0
0
0
0
0
0
0
0
0
1076
1076
0
0
0
1076
1076
1076
0
1076
2031
0
0
2031
1076
1076
1076
1076
1076
1076
1076
1076
0
0
2031
1076
1076
1076
0
1076
0
0
1076
1076
0
0
0
0
0
1076
2120
0
1076
1076
1076
0
1076
0
1076
0
2132
0
0
2132
0
1076
2137
0
0
0
2137
2137
2137
2137
0
0
2137
2137
2137
0
0
0
0
2137
2137
2137
0
2137
2137
0
2137
2137
2137
2137
0
2137
0
2137
2045
0
2045
2137
0
2137
0
2137
2137
2137
2137
2137
0
2137
0
0
2077
2137
1076
2137
0
0
0
2137
0
0
2137
2137
0
2137
0
0
0
2137
2137
0
2095
0
0
0
0
1076
2045
2137
0
0
2031
2137
1076
2120
0
2137
2137
0
2137
0
0
2134
2137
0
0
0
0
0
0
0
0
0
0
0
2240
0
0
0
0
0
0
0
0
0
0
0
0
0
0
0
0
2137
0
0
2253
2137
0
2137
2253
0
2239
2253
2137
0
0
0
0
2253
0
0
2137
0
0
2137
0
0
0
0
0
0
0
2253
0
0
2253
2253
0
0
0
2281
0
2293
0
2276
2293
2245
0
2293
0
2120
2137
0
2253
2253
0
0
2249
0
0
0
0
0
2293
0
0
0
0
0
0
0
0
0
0
0
2253
0
0
0
0
0
2253
0
0
2137
0
0
2137
0
0
2137
2177
0
0
0
0
0
0
2349
2137
0
0
0
0
0
0
0
0
2253
2137
0
0
2137
0
2349
2239
2253
0
0
2349
2137
0
0
0
2253
0
0
2253
0
0
0
2253
0
2137
0
0
0
2293
2137
0
0
0
2137
0
2137
0
0
2253
0
0
0
0
0
0
0
0
0
2281
0
0
0
0
0
0
0
0
2137
0
2120
2253
2253
2137
2137
2293
0
0
0
2253
2253
0
0
2253
2278
0
2137
2253
0
0
2120
2349
0
0
0
0
0
0
0
0
0
0
2253
0
2253
0
0
0
2137
2293
2253
0
2293
0
0
0
0
2293
0
0
2253
2253
0
2293
2253
0
2293
0
0
0
2293
0
2253
2253
0
0
0
2293
0
0
0
2137
0
2137
0
0
2253
2357
0
2253
0
2253
0
2253
2253
0
0
0
2293
0
0
0
0
2253
2137
0
0
2253
0
0
0
2137
0
0
0
0
2361
0
2137
0
0
0
0
2253
0
0
0
2513
2253
0
0
0
0
2238
0
0
0
2253
2546
2253
2253
0
2253
2253
0
2281
0
2253
0
2546
2253
0
0
0
0
0
2568
0
0
0
2568
2281
2357
0
0
2568
2253
0
0
0
0
0
2357
0
2568
0
0
0
0
0
0
0
0
2253
0
2587
0
0
0
0
2357
0
2568
0
0
2605
0
0
0
0
0
2568
0
0
0
2568
2253
0
0
0
0
2618
0
2253
0
2253
2253
2253
2253
2253
2555
0
0
0
2253
0
0
0
0
2618
2482
0
2253
0
0
0
2253
0
2253
2635
0
0
2253
0
0
0
0
0
2253
0
0
2253
2661
0
0
2253
2661
0
0
0
2661
2661
2661
0
0
2253
0
2357
2661
2253
0
2661
0
0
0
2618
0
0
2661
0
0
2661
0
0
2546
2253
0
2357
0
0
2253
0
0
0
0
0
0
0
2694
0
0
2253
2253
2661
0
0
2516
0
0
2661
0
2253
0
0
0
2661
0
2253
0
0
0
0
0
2253
0
2671
0
0
2661
2661
2661
0
0
2661
0
0
0
2749
0
2661
2749
0
0
0
0
2661
0
0
0
0
2661
2749
2568
0
0
0
0
2749
2769
2661
0
2661
2749
0
2749
0
0
0
2661
2749
2746
0
2661
2749
2661
0
0
0
2749
0
0
0
0
0
2661
0
0
0
0
0
2671
0
2661
2794
2616
0
0
2661
0
2793
0
0
0
0
2794
2661
0
0
0
0
2661
0
0
2749
2793
0
0
0
0
0
0
0
0
2661
2749
0
0
0
0
2749
0
0
0
2841
0
2661
2661
2661
2661
2661
0
0
2841
2661
0
0
0
2749
2661
0
0
0
0
0
0
0
2864
0
0
2864
0
0
0
2864
0
2661
0
0
2864
2661
2864
2864
2864
0
2864
2864
0
0
2864
2661
0
2864
0
2823
2864
0
0
0
0
2825
2616
0
0
0
2825
2864
0
0
0
0
0
0
0
2864
2864
2910
2864
0
2910
2910
2864
0
2910
2910
0
0
0
2839
0
2910
0
0
0
2907
2910
0
0
2910
2864
0
2910
2910
0
2864
0
2910
2748
2910
0
2910
0
2910
2844
2910
2910
2795
1701
0
0
2825
2864
1707
0
0
0
1701
1701
2939
2966
0
1701
0
1701
0
0
1807
0
2825
0
0
2864
0
0
1756
0
1701
1701
0
1701
0
0
0
0
2994
2864
2749
0
0
3000
0
3000
0
0
0
0
0
0
0
2860
0
3011
0
0
0
0
3011
0
2864
0
0
0
2968
0
0
3020
0
3011
0
0
0
3029
1701
3011
3011
3011
2825
3011
3011
0
0
3011
3011
3011
3011
3011
0
3023
0
3011
3042
3011
3011
0
0
3011
3029
0
3020
3011
0
0
3011
0
1701
0
2864
0
0
3011
0
3011
2966
3011
0
3011
0
0
0
0
0
3042
3011
3023
3011
0
0
0
0
0
3011
3042
0
3083
1783
0
0
0
0
0
0
0
3073
3042
0
2864
0
0
0
0
3073
0
0
3011
0
3083
0
3011
0
0
3011
0
3011
0
0
0
3008
0
0
0
0
3011
3083
3011
0
0
2795
0
3011
3133
0
0
2864
0
3011
0
0
3042
0
0
0
0
0
0
0
0
3091
0
1783
3011
0
0
0
0
0
3011
0
3011
3011
3083
0
0
0
2864
3011
0
0
3011
0
0
0
0
3011
3011
3011
0
0
0
0
2825
0
0
0
3011
3049
0
3011
3011
3043
3011
0
3011
3011
3042
0
3011
3083
3083
0
0
0
0
0
3011
0
0
3011
0
3042
3083
3011
3042
0
3011
0
0
3011
2825
0
0
3042
3011
0
0
0
3011
1708
0
3011
0
0
3032
0
3151
0
3011
0
0
3029
0
3243
0
3011
3243
0
0
3011
3243
3011
3011
3083
3243
3011
0
3011
3243
3011
0
0
3011
3011
3243
3243
0
0
0
3011
2825
0
3243
0
0
0
3011
0
3083
0
0
0
3144
0
3010
6616
0
0
6616
0
3252
3049
0
6682
3252
3243
0
3243
0
3296
3011
0
0
3308
3195
3311
0
0
0
0
3243
3299
0
0
3243
0
3083
0
0
0
3323
6643
0
6682
3296
0
3329
3296
0
3296
0
3323
3011
0
0
3243
6643
6673
0
0
3243
0
0
6682
0
0
0
3318
3243
3073
6682
0
6682
0
6616
0
3316
6682
3011
6682
3083
3323
3327
6682
0
6616
3073
0
6673
3212
0
3328
3365
3296
3296
3296
0
3296
3011
0
3195
3296
3296
0
3252
0
3365
3296
0
0
3296
3380
3399
0
0
3195
0
3323
3323
3195
6673
6682
3296
6673
0
3296
3212
3404
0
0
0
3419
3399
3049
3419
3195
3011
3243
0
3419
0
0
3419
3083
3419
3195
3296
0
0
0
3419
0
0
0
3419
3419
0
0
0
3243
0
0
3195
0
3243
0
3212
0
0
3419
0
3011
0
0
3083
0
3011
3419
3419
0
3419
0
3049
0
0
3083
0
0
3419
3083
3243
3419
0
3419
3473
0
3419
3083
0
3469
3473
0
0
3083
0
0
3083
0
3419
0
0
3473
3473
3469
0
3073
0
3083
3419
0
0
0
3419
3419
3419
0
3419
0
3419
3011
3419
3243
2816
2910
2910
2864
6492
3329
6492
6492
6492
6492
3403
6492
6492
3419
2910
6492
3419
2910
2910
2910
3419
2864
2910
2816
2910
2910
2910
2864
3419
2816
3419
6492
2910
2661
2910
6492
6492
3356
2910
3419
2910
2910
3356
2910
3399
2910
3329
2910
2816
2910
2910
2864
2864
6492
2910
6492
2864
3356
3494
6492
2910
6492
2864
3356
2816
2816
6492
3356
2816
3356
2816
3361
2910
3463
3356
2910
2910
2910
2910
3340
2910
2910
2910
6492
2864
3361
3356
2910
6492
2910
3419
6492
2568
2910
3463
2816
3419
2910
2568
2910
2910
3356
3361
2568
2605
2690
2661
2680
2605
2568
2246
2661
2690
2618
2568
2690
2709
2587
2568
2246
2690
2690
2709
2618
2246
2709
2661
2690
2605
2587
2661
2618
2690
2690
2690
2246
2709
2709
2246
2709
2568
2690
2680
2618
2709
2661
2661
2661
2253
2661
2587
2605
2709
2709
2618
2605
2246
2246
2253
2709
2253
2690
2618
2690
2253
2661
2690
2709
2690
2587
2618
2253
2690
2605
2661
2709
2690
2661
2690
2661
2709
2690
2253
2605
2709
2709
2568
2253
2605
2709
2709
2690
2661
2605
2253
2661
2690
2690
2690
2587
2709
2690
2661
2568
2618
2661
2690
2690
2618
2253
2253
0
0
0
0
0
0
0
0
2322
0
0
3734
3743
0
6226
0
0
2322
3749
2349
0
3746
0
2253
0
3746
3734
0
0
0
3734
0
0
3746
3755
6226
3755
0
3746
0
0
0
0
3746
3746
2253
3746
3746
3746
3746
3755
0
3746
0
3746
0
0
3746
2349
0
0
0
3746
3734
3746
0
3746
0
0
0
0
0
0
0
0
3746
0
3746
0
0
0
3746
0
3746
3755
0
0
0
3734
0
3746
0
0
3746
0
3746
0
3746
0
3746
0
0
3746
3746
3746
3746
0
0
0
3746
0
3746
0
0
0
0
3746
0
0
0
0
0
3746
0
3755
0
2293
3734
3755
3746
0
3746
0
0
3755
3746
3746
0
0
3746
0
0
0
0
3746
0
3746
0
0
3746
3746
3746
0
0
0
0
3746
0
3755
0
3746
3746
0
3746
0
2293
3749
2253
3746
0
0
0
0
0
3746
0
0
0
0
3746
3840
3746
3749
3746
3755
3746
3746
3746
3734
0
0
0
3746
0
3746
0
2137
2137
3746
1076
6068
2137
6068
6068
6068
6068
2137
2137
3734
6068
1076
6068
2137
3746
2137
1076
2137
1076
6068
3755
2137
2137
6068
3772
2137
6068
6068
1076
6068
6068
3755
3734
2137
3772
6068
3755
6068
1076
3813
2137
1076
2137
1076
6226
6068
3755
2137
6068
6068
6068
2137
1076
6068
2137
2137
1076
2137
2137
2137
2137
3734
6068
1076
3734
1076
6068
2137
3746
1076
2137
2137
1076
1076
1076
1076
1076
6068
2137
2137
1076
2137
3734
3840
3734
3755
6068
2137
2137
6226
1076
6068
6068
5954
1683
5954
1683
1683
1683
5954
1683
1683
1783
1683
1683
1683
1683
1783
1783
1683
5954
1683
5954
1807
1683
1756
1807
3406
3406
5954
3485
1683
1683
1683
1683
1807
1683
1683
1683
1683
3485
5954
3495
3316
5954
1683
3485
1683
1816
1683
1807
3406
1683
1701
1683
1807
5954
1683
1807
1683
1683
1816
1683
3485
1683
1701
1683
1683
1683
1756
1807
1807
3455
1807
3316
1701
3455
1683
5954
1683
1683
1701
1701
1701
3455
1683
1683
1683
1683
1783
1701
1683
1683
3316
1807
1683
3485
1683
1683
1783
1683
1683
1816
3406
1756
1683
5954
1701
3455
1807
1756
1701
6673
1756
1683
5954
1683
1496
1402
1583
1496
1402
1402
1394
1683
1402
1402
4958
1496
1683
1404
1402
1496
1394
1402
1496
1496
1402
1404
1496
1404
1404
5063
1402
1583
1402
1394
4958
1496
1405
1583
1404
1496
1402
1496
1683
1402
1402
1583
1404
1394
1683
1402
1683
1402
1404
1402
1683
1402
1402
5063
1404
1583
1402
1496
1405
1402
1394
1496
1394
1583
1402
1402
1394
1683
1683
1402
1583
1394
1496
1683
1683
1583
1404
1402
1404
1405
1683
1683
1404
1394
1683
1404
1496
1496
1583
1402
1683
1402
1683
1496
1683
1402
1402
1394
1402
1404
1496
1496
1402
1683
1683
1402
1402
1496
1394
1404
1683
1683
1402
5063
1496
1402
1402
1402
1402
1402
1394
1394
1076
1011
1076
988
1011
1011
1011
1011
1011
1076
988
1011
1011
1011
988
1011
988
1011
1076
1011
1011
1011
1011
1076
1076
1076
1076
1011
1076
1011
1011
1076
1076
988
988
988
1011
1011
1011
1011
1011
1011
1011
1011
1076
1076
1011
1076
1076
1011
1011
1076
1011
988
1011
1011
1011
1011
1011
1076
988
988
1011
988
1011
1076
1076
1011
1011
1011
1076
1011
988
988
988
1011
1011
988
1011
1011
988
1011
1011
1011
1076
1011
1011
1011
1011
1011
1076
1076
1011
988
1011
1011
1011
1011
1011
988
853
0
853
0
539
1011
0
853
4362
5515
1011
0
0
4362
0
0
5467
539
539
0
853
0
0
0
5467
5515
0
0
853
853
4362
0
0
0
5515
5467
0
0
4362
853
4362
0
712
0
5467
0
0
5467
5515
539
853
5467
5467
539
0
539
0
4398
539
0
539
539
853
712
5467
0
5467
712
539
5467
4362
539
853
0
5467
4362
4362
5467
0
0
539
0
0
0
853
0
4434
0
4434
0
853
5515
853
539
0
4362
0
712
5467
539
4402
0
712
0
853
5467
4434
853
5515
853
5515
0
539
5467
0
0
0
853
539
5467
5467
4443
539
0
0
5467
0
0
0
539
0
0
0
5467
0
539
0
5467
4362
0
0
539
0
4492
4497
4492
5467
0
0
4492
0
5467
0
5467
0
853
1011
539
5467
0
0
712
853
5467
0
0
0
0
5467
4520
0
0
4520
4520
5515
5515
5467
0
4439
0
539
5467
5467
712
0
0
539
0
539
0
0
0
0
0
4520
4497
0
5467
0
5467
0
0
4520
0
0
539
0
5515
0
0
0
539
0
539
4497
0
539
4520
5467
0
0
0
5467
5467
539
5515
0
539
539
539
539
539
539
539
539
539
539
539
539
539
539
539
539
539
539
539
539
539
539
539
539
539
539
539
539
539
539
539
539
539
539
539
539
539
539
539
539
539
539
539
539
539
539
539
539
539
539
539
539
539
539
539
539
539
539
539
539
539
539
539
539
539
539
539
539
539
539
539
539
539
539
539
539
539
539
539
539
539
539
539
539
539
539
539
539
539
539
539
539
539
539
415
415
415
415
415
415
477
328
328
328
377
415
415
257
377
477
377
328
415
415
477
477
415
415
477
415
377
477
477
415
415
377
415
415
415
415
415
415
477
377
477
421
415
328
312
415
477
415
477
377
257
415
415
477
377
257
415
415
415
415
415
415
377
477
415
415
257
415
328
377
257
377
415
415
257
415
328
415
415
415
328
312
377
257
257
377
257
415
477
415
477
377
477
415
377
477
415
477
377
415
328
415
415
415
415
257
415
477
377
415
477
377
415
415
415
377
328
415
257
415
415
257
415
377
257
65
65
0
224
0
4809
0
65
65
0
153
257
0
41
257
41
41
0
0
4809
257
257
0
0
0
257
4809
0
0
0
41
65
4825
5118
0
0
0
0
257
0
5118
0
65
257
65
65
41
65
65
0
4809
0
257
0
41
41
0
41
65
65
224
0
0
0
4809
0
0
0
0
65
0
257
41
65
41
65
65
41
0
0
0
65
0
41
65
65
0
4809
4874
0
65
0
65
224
0
41
4874
41
0
4874
41
65
0
224
41
0
0
0
4809
257
0
41
0
0
4874
0
0
4874
4874
0
65
257
65
0
0
153
0
0
0
65
4809
224
65
0
0
0
65
65
257
0
41
0
4834
0
5118
0
0
4874
65
0
0
0
65
257
65
257
4874
0
257
41
153
65
0
0
0
0
65
41
0
0
41
0
0
4874
0
65
0
4874
65
65
4874
65
0
41
4874
0
65
0
41
0
41
65
0
0
0
0
41
65
0
0
41
0
65
0
0
0
65
0
0
0
257
0
4874
65
65
0
41
0
41
224
41
41
0
65
41
257
0
257
4874
41
41
5118
5097
5118
0
5118
0
0
5118
5118
5118
0
5118
0
5118
0
0
5118
5087
0
5118
0
0
5118
5082
0
0
5069
5163
0
0
0
0
0
5118
0
5069
0
4874
0
5118
5118
0
0
0
0
0
0
5118
5118
0
0
5118
0
5118
5087
5118
4874
0
5118
0
5118
0
0
5118
0
5118
0
0
5118
5118
0
5118
5118
5087
5118
5118
0
5118
5118
0
0
5118
5118
5118
5118
0
0
0
0
0
0
5118
5118
5118
5118
5118
5118
5082
0
5118
5118
0
5118
0
0
5118
0
5118
5118
5082
5118
5082
5118
5118
0
5118
5118
5118
0
0
0
0
4874
5118
5069
0
5118
0
5087
5118
5082
0
5211
4874
5118
0
5082
0
5105
5142
5082
5118
5118
5118
5118
5211
0
0
5118
5087
5118
5118
0
0
0
5097
0
5118
5118
5118
0
0
5118
5082
5082
5118
4874
5118
0
5097
5118
0
0
0
4874
4874
0
5118
0
5118
5118
5118
5163
0
5082
0
0
0
0
5118
4874
0
5118
0
5118
5118
5118
5118
0
5118
5118
5211
5118
0
0
5118
0
0
5082
5118
0
0
5097
0
5006
5328
5328
5328
5328
5328
5430
5328
5328
5097
5328
5328
5328
5328
5430
5328
5328
5328
5328
5328
5328
5328
5328
4971
5328
5163
5328
5328
5081
5328
5430
5430
5328
5328
5097
5328
5328
5328
5328
5328
5081
5328
5328
5328
5097
5072
5163
5328
5430
5328
5328
5328
5328
5328
5328
5328
5328
5430
5328
5430
5328
5328
5328
5328
5328
5328
5328
5328
5328
5328
5072
5328
5072
5328
5072
5328
0
5328
5328
5430
5328
5072
5328
5072
5328
5328
5328
5072
5328
5097
5328
5328
5072
5328
5430
5097
5430
5081
5328
5328
5097
5515
5430
5452
5430
5430
5515
5500
5430
5430
5515
5430
4397
5474
5430
5430
5430
5430
5430
5430
5430
5430
5430
5452
5584
5515
5430
5430
5430
5328
5430
5430
5328
5500
5509
5430
5430
5328
5430
5430
5637
5430
5452
5430
5430
5500
5452
5430
5452
5452
5430
5430
5463
5430
5430
5430
5430
5430
5584
5430
5430
5430
5430
5430
5430
5430
5430
5430
5430
5481
5430
5430
5430
5430
5430
5430
5430
5452
0
5430
5515
5430
5430
5452
5430
5509
5430
5430
5516
5430
5430
5430
5430
5430
5430
5584
0
0
5515
5467
0
5584
5467
0
5515
5515
0
0
0
5584
0
0
5584
0
0
0
0
5584
5467
5584
5467
5467
0
5549
0
0
5467
5467
5584
0
5467
0
5467
5467
0
5584
0
0
0
0
5467
5481
5584
5467
0
0
0
0
0
0
5467
0
5467
5593
5467
5467
0
0
0
0
0
5515
5467
0
0
0
5584
0
0
5467
5467
5467
0
5584
5549
0
5467
0
0
0
0
5584
0
5515
5584
0
5467
5584
0
5515
0
5467
5517
5467
0
0
5467
0
0
0
5467
5515
5549
5584
5467
0
0
5584
5467
5584
0
0
0
5467
5467
0
0
5467
5467
0
5584
5467
0
0
0
0
0
5515
0
5584
0
5584
0
0
0
5549
0
0
0
0
5515
0
0
0
5467
5481
5467
0
0
0
5584
5584
5481
0
5584
5467
5584
5467
5515
5584
0
0
5467
5467
0
5584
5467
0
0
0
5467
0
5467
0
0
0
0
0
5467
0
0
0
0
5467
5584
0
5467
0
5584
0
5549
5467
5515
5584
5517
0
5467
5452
5467
5722
5722
5722
5722
5722
5599
5459
6068
5722
5722
5459
5722
5722
5722
5722
6068
5722
5722
5722
5722
5722
5467
5722
5467
5467
5722
5722
5722
5722
5722
5722
5722
5722
5722
5722
5722
5722
5722
5591
5722
5467
5631
5467
5459
5459
5467
5593
5467
5722
5722
5722
5722
5722
5459
5722
5459
5722
5722
5722
5722
5467
5631
5722
5722
5722
5722
5722
5591
5722
5722
5722
0
5722
5722
5722
5722
5467
5467
5722
5591
6068
5722
5722
5722
5722
5459
5722
5722
5722
5631
5722
5631
5722
5722
5722
5459
5459
5631
5722
5722
5722
5722
5722
5722
5722
5722
5722
5722
5591
5722
5722
5722
5722
5722
5722
5722
5722
5722
5806
5806
5806
5082
5806
5806
5806
5806
5806
5806
5114
5806
5806
5806
5806
5082
5806
5806
5118
5806
5806
5806
5806
5806
5806
5806
5806
5806
5806
5806
5191
5806
5806
5806
5806
5806
5806
0
5191
5806
5806
5806
5806
5082
5082
5806
5806
5954
5806
5114
5806
5806
5118
5069
5806
5114
5806
5118
5806
5806
5114
5806
5806
5806
5806
5806
5069
5806
5118
5806
5806
5118
5191
5118
5806
5806
5806
5806
5806
5806
5806
5191
5114
5082
5191
5806
5806
5806
5806
5118
5118
5806
5806
5806
5806
5806
5806
5082
5082
5806
5806
5118
5191
5806
5806
5806
5806
5806
5806
5118
5063
5806
5806
5806
5806
5118
5806
5954
5954
5954
5954
5954
5954
5954
5954
5954
6673
5954
6625
5954
5954
5954
5954
5954
6519
5954
5954
6673
5954
5954
6673
5954
5954
6625
5806
5954
6625
6625
5954
6591
5954
5954
5954
6625
5954
6673
5954
5954
5806
5954
5954
5806
6591
5954
5954
5954
6591
5954
6625
5954
6706
6585
5954
6519
5954
6591
6673
6625
5954
5806
5806
5954
5806
6673
5954
0
5954
6673
5954
5954
5806
5954
5806
5806
5954
5954
6585
6673
5806
5954
6519
5806
6625
5954
5954
5954
5954
5954
6673
6706
5954
6625
6673
6673
5954
5954
5954
5954
5954
5806
5954
6625
5806
5806
5954
6625
5954
5954
6068
6068
6131
6068
6068
6068
6118
6068
5722
6068
6068
6068
6118
6068
6068
6068
6068
6068
6169
6118
6068
6068
6169
6226
6068
6118
6068
6226
6068
6068
5722
6068
6068
5722
6068
6068
6068
6131
6068
6068
6068
6068
6068
6068
6068
6068
6068
6118
6068
6068
6068
6068
5722
6068
6068
5722
6226
6068
6068
5722
6068
6068
6068
6068
6131
6118
5722
6068
6068
6068
6131
0
6068
6118
6226
6131
6068
5722
6118
6068
6068
6068
6118
6118
6068
6068
6118
6068
6068
6131
6118
6118
6068
6118
6068
6068
6131
6068
6068
6068
6226
0
6226
0
0
6169
6226
0
6191
0
6191
0
0
6118
0
6169
0
6169
6169
0
6169
0
0
6226
6169
0
0
0
0
0
6169
6226
6191
0
0
0
0
0
0
0
0
0
6169
6169
6118
6169
6191
6226
6226
0
6226
6226
6226
0
0
6260
0
0
6226
0
0
6169
6260
6132
6226
6191
6226
6226
0
6260
0
0
0
0
0
6191
0
6226
0
0
6191
0
0
6169
3840
0
6169
6226
3840
6169
6260
0
0
6226
0
6169
6169
6169
6226
6226
0
6169
0
0
0
0
0
6226
6169
0
6169
6169
6226
6226
0
6169
0
0
0
6169
6191
6191
0
6226
0
0
6226
6169
0
0
0
6191
0
6169
0
6191
6226
6191
6169
0
0
0
0
6169
0
6169
6169
0
0
0
6118
0
3840
0
6118
6226
0
0
6169
6191
6118
6118
0
0
0
6169
6191
6191
6169
6169
0
6226
6118
6169
6226
0
0
0
6131
6169
6260
0
6118
0
0
6118
6169
0
6118
6260
6191
0
0
0
0
3840
0
0
0
0
0
6169
0
0
0
0
6191
6502
6492
6167
6492
6492
6502
6156
6492
6156
6502
6132
6502
6278
6502
6260
6502
6502
6502
6492
6502
6502
6502
6492
6492
6492
6502
6502
6502
6502
6492
6502
6492
6502
6492
6502
6492
6502
6167
6492
6492
6132
6492
6502
6132
6502
6502
6492
6502
6502
6492
6502
6502
6502
6502
6191
6492
6502
6156
6502
6492
6492
6502
6502
6167
6502
6492
6502
6492
6502
6492
6492
6278
6502
6502
6492
6492
6167
6492
6167
6502
6492
6502
6191
6492
6502
6492
6502
6502
6278
6191
6492
6492
6191
6492
6241
6132
6502
6502
6167
6492
6502
6492
6502
6502
6492
6492
6260
6502
6502
6492
6502
6548
6492
6502
6492
6502
6502
6548
6615
6643
6502
6502
6727
6502
6601
6492
6502
6492
6556
6492
6502
6492
6502
6492
6492
6502
6502
6727
6492
6492
6502
6492
6492
3463
6492
6502
6492
6727
6492
6727
6492
6502
6502
6556
6502
6601
6492
6615
6615
6502
6502
6502
6502
6502
6593
6492
6502
6502
6502
6502
6727
6548
6502
3463
6492
6718
6502
6492
6492
6492
6502
6615
6492
6502
6502
6727
6492
6502
0
6502
6492
6492
6727
6492
3463
6492
6502
6502
0
6492
6492
6601
6548
3463
6492
6548
6492
6492
6502
6502
6502
6492
6492
3463
6492
0
6643
0
6521
0
6521
6580
0
6643
6643
6673
0
6727
6519
3419
0
6580
0
3500
0
6521
6727
6727
0
6521
6727
6643
0
6727
0
0
0
6643
0
3419
0
0
0
0
6519
0
3463
6521
0
6673
6519
6673
6521
0
0
3419
0
0
6673
0
6521
6521
6727
0
0
0
0
6727
6521
0
0
0
0
0
3419
0
0
0
0
0
0
0
0
0
6521
6521
6727
0
6519
6521
0
6643
0
3419
6643
0
0
6727
0
0
6673
0
0
6519
0
6521
3419
6521
0
6521
0
0
0
0
0
6521
3419
6521
6521
0
0
0
6521
6673
6521
0
0
0
0
0
6673
6521
6580
6519
0
0
0
0
6643
0
6727
0
6521
6521
0
6580
6521
6521
6519
6521
6673
0
0
6580
6580
0
6727
0
6521
0
6643
0
0
0
6521
6587
0
6521
0
6673
0
0
0
0
0
6673
0
6521
6673
0
6521
0
6673
0
6580
3419
0
6580
0
3419
6521
0
0
6521
3419
0
0
0
6625
0
0
0
0
0
0
0
0
0
6519
0
0
0
0
0
6519
0
0
0
6727
0
6724
6519
0
0
0
0
6727
6737
0
0
0
6720
0
0
6743
0
6737
0
6743
0
0
6743
0
0
0
0
6720
0
0
0
6759
0
0
0
0
0
0
6768
0
0
6761
6746
0
0
6761
6768
0
0
6761
0
0
6761
0
0
0
6761
0
0
0
6743
6761
0
6761
0
6761
6761
6727
0
6781
0
6761
0
6768
0
0
0
0
0
6720
0
0
0
6768
0
6784
6791
6768
6761
0
6761
0
6768
0
0
0
0
6761
6761
0
0
6761
6811
6770
0
6827
0
0
0
6768
0
0
6768
0
0
6822
6761
0
0
0
0
6768
6761
0
6761
0
6761
6768
0
6768
0
6761
6758
0
0
0
6761
6768
6761
0
0
6761
6761
0
6768
0
0
0
6768
0
0
0
6761
6761
0
0
0
6768
0
0
6757
0
0
6727
0
6762
6768
6761
6761
6761
0
6761
6814
0
0
0
0
6761
0
6761
0
0
0
6761
0
0
0
0
6813
0
0
6852
6768
0
0
6761
6761
0
6761
0
6932
6768
6852
6932
6932
0
0
0
0
0
6761
0
0
6939
6932
6822
0
0
0
0
0
6944
0
6761
6791
6761
6761
0
0
6932
0
0
6932
6761
0
6932
0
0
6852
6932
0
0
0
6932
0
6761
0
6761
0
6932
0
6944
0
0
6932
0
0
6932
6932
6761
6988
0
0
0
6761
6953
6932
0
0
0
0
0
0
6932
6761
6761
6932
0
6932
6953
0
6761
6932
0
6932
6889
6932
0
0
6761
0
7023
6953
0
0
0
0
6761
0
0
0
7023
6758
0
0
7023
0
0
0
7039
7040
0
7040
0
0
0
0
0
7023
6758
0
0
0
0
0
6758
0
0
0
0
0
0
0
7062
7023
0
7023
7048
0
7048
7023
7023
0
0
0
6758
6944
7023
0
0
0
0
0
7082
7048
0
0
0
0
7088
0
0
7062
0
0
7088
0
7088
0
0
0
0
7089
7088
6944
7088
7062
0
0
7088
0
7088
0
0
0
0
0
7088
7088
0
7088
0
0
0
7036
0
0
0
0
0
0
0
7088
0
6944
7088
0
0
7113
7088
0
0
7088
0
7088
0
0
0
7097
0
0
7088
7088
0
0
0
7088
7088
0
0
0
7088
0
7023
0
0
0
0
0
0
0
0
7088
6758
6944
7088
0
0
0
0
0
7088
6944
0
6944
6768
0
0
0
7183
0
0
7118
7193
0
0
0
7183
0
0
0
0
7193
0
0
0
7193
0
7193
7193
7193
7193
0
0
0
7193
0
7088
0
0
0
0
7193
7193
0
7193
0
0
0
7193
0
0
0
0
7193
7193
7193
0
0
7183
7183
0
7088
7183
0
0
0
0
0
0
0
0
0
7248
0
0
0
0
0
0
0
7258
0
0
0
0
7265
0
0
7271
7258
7206
7258
0
7088
7097
0
7271
0
0
7271
7271
7258
0
0
0
0
0
0
0
7271
0
0
7271
7271
0
7258
0
0
7258
0
0
7271
7271
7271
0
0
7248
7291
0
7258
7248
7271
7253
0
7271
7291
7271
7088
0
7291
0
7271
0
0
0
0
7271
7271
7291
0
0
0
7097
7265
0
7088
7271
0
0
7271
7301
0
0
7271
0
0
7291
0
0
0
0
7271
0
0
7291
7303
7271
0
0
0
0
0
0
0
0
0
7271
0
7097
7291
0
0
0
0
0
0
0
7271
0
7271
7271
0
0
0
0
0
0
7387
0
7291
7291
7258
0
0
0
0
0
7387
0
0
0
7387
0
7387
0
7387
7387
7387
7341
7387
7291
7387
0
7291
0
7291
0
0
0
7387
7387
0
0
0
0
0
7271
7291
0
7421
7387
7248
7088
7341
0
7258
6169
7387
0
0
7260
0
6169
0
7258
0
0
0
0
0
7346
7450
0
0
0
7352
0
0
0
0
7387
0
7450
0
7449
7463
0
0
0
7450
7450
0
7450
0
0
7387
7450
7475
0
0
7475
0
7450
0
0
0
0
0
7456
0
7450
0
7493
0
0
0
0
0
0
0
0
0
0
0
0
0
7450
7258
7387
0
0
7498
0
7450
7516
0
7516
0
0
7516
7516
0
0
0
0
0
7516
0
7387
0
7516
0
7516
7450
0
0
7258
0
0
0
0
0
0
0
0
7507
0
0
7516
0
0
0
0
0
0
0
0
7387
7387
0
0
0
7516
0
0
0
0
7443
7472
7516
7559
0
0
0
7516
7387
0
7475
7475
7458
0
7516
7516
0
0
0
0
0
0
0
7516
0
7463
0
0
7341
7475
0
0
7387
0
7516
0
0
0
7516
0
0
0
0
7475
0
7516
0
0
0
0
0
7516
0
0
0
0
0
0
7516
0
7516
0
0
7475
7387
0
7501
0
7516
0
7475
0
7387
0
7387
0
0
0
0
0
0
7633
0
0
7472
0
0
7475
7387
0
7516
0
7443
7633
0
0
0
0
0
0
0
7475
7387
7559
0
7387
0
7472
7516
7553
0
0
0
0
0
7387
7568
0
0
7559
7516
7387
7475
0
7516
0
0
0
0
0
7472
0
7472
7633
0
0
7387
7516
0
0
0
0
7475
0
7450
0
0
7611
0
0
0
7387
0
0
0
0
0
7589
0
7727
7513
0
0
0
7516
0
0
7516
7732
7732
0
0
0
0
0
7705
0
0
0
7475
0
0
0
0
7516
7742
7550
7732
0
0
7516
0
7516
7748
7513
0
0
7589
0
0
7732
0
0
7748
7732
7748
0
0
0
0
0
0
7670
7516
7778
0
7732
7516
0
7748
0
7791
7513
0
0
7791
0
0
0
0
0
0
0
7791
0
7791
0
7791
0
0
0
7791
7791
0
0
7815
7815
7815
7815
7815
7732
7778
0
0
0
0
7778
7815
0
7791
0
0
0
7815
0
7815
7815
7815
7815
7815
7801
0
0
0
0
0
7835
7791
7815
7815
0
7815
7824
7791
0
7791
7778
0
7815
0
7843
0
0
7815
7815
7513
7815
7815
7475
0
0
7815
0
0
0
0
7513
0
7815
7748
7791
0
0
7778
0
7705
0
0
0
0
7876
0
0
7855
7732
0
0
0
7815
0
7513
0
7815
7815
7513
0
7815
0
0
7791
7513
0
0
7815
0
7475
7748
7815
7815
0
0
7815
7815
7815
7815
0
0
0
7513
7791
0
0
7815
7732
0
0
0
7876
7778
0
0
0
0
0
0
0
0
0
0
0
0
0
0
0
0
0
0
0
0
0
0
0
0
0
0
0
0
0
0
0
0
0
0
0
0
0
0
0
0
0
0
0
0
0
0
0
0
0
0
0
0
0
0
0
0
0
0
0
0
0
0
0
0
0
0
0
0
0
0
0
0
0
0
0
0
0
0
0
0
0
0
0
0
0
0
0
0
0
0
0
0
0
0
0
0
0
0
0
0
0
0
0
0
0
0
0
0
0
0
0
0
0
0
0
0
0
0
0
0
0
0
0
0
0
0
0
0
0
0
0
0
0
0
0
0
0
0
0
0
0
0
0
0
0
0
0
0
0
0
0
0
0
0
0
0
0
0
0
0
0
0
0
0
0
0
0
0
0
0
0
0
0
0
0
0
0
0
0
0
0
0
0
0
0
0
0
0
0
0
0
0
0
0
0
0
0
0
0
0
0
0
0
0
0
0
0
0
0
0
0
0
0
0
0
0
0
0
0
0
6761
0
0
0
0
6761
0
8164
6761
0
8164
0
8163
6761
6761
0
0
6761
6761
0
6922
6761
6953
6761
0
6761
0
0
8187
0
0
0
8187
0
0
0
8187
0
0
0
0
0
6761
0
0
0
0
0
0
0
0
0
0
0
0
6761
8212
0
8163
6761
0
0
8212
0
6761
8187
6761
6761
8212
0
0
6761
0
0
0
8220
0
0
8187
0
6761
8187
0
0
0
8187
0
6922
0
0
0
8187
8203
8187
6761
0
8187
0
0
0
0
0
0
8212
0
0
8187
6761
0
8257
0
8187
8187
0
0
8187
0
6761
0
0
0
8212
6761
0
0
0
6761
0
0
8187
6761
0
8187
0
0
8187
0
0
8187
0
0
0
8187
0
6761
8187
0
0
0
6761
0
0
8187
8212
0
0
6926
0
8187
0
0
0
0
0
8257
0
0
8212
0
8187
0
0
6761
0
0
8187
0
0
0
8187
6761
6761
0
0
8187
8220
8187
0
8187
8187
8187
0
6761
6851
8187
8187
6761
0
0
0
8187
6761
8187
8187
8187
0
0
8187
8307
0
0
0
0
8187
8187
0
8187
0
0
8257
0
6761
0
8187
6761
0
8212
8187
8187
8212
8187
8323
8187
8187
0
0
0
0
0
0
0
0
0
8187
0
0
8164
0
0
8187
0
8187
8212
0
0
0
8401
0
0
0
0
8187
0
8187
0
0
8422
8422
0
8212
0
8428
0
0
0
0
0
8428
0
8187
0
0
8428
8428
0
0
8401
0
8428
0
0
8164
8187
0
0
0
0
0
0
8187
0
0
0
8428
8428
0
0
8418
0
8428
0
8449
8428
8187
0
0
8428
8449
8428
0
0
0
0
0
0
0
0
0
0
8468
8428
0
8484
0
8428
8428
8203
8187
8428
0
0
0
0
0
8428
0
0
0
0
0
8164
0
8187
0
0
0
8428
0
8428
0
8428
0
0
0
0
0
0
8187
0
0
0
8488
8187
0
0
0
8449
8428
0
8187
0
0
0
8428
8428
0
8479
0
0
8479
0
0
8428
0
0
8460
0
0
0
0
0
0
0
0
8428
8428
0
8428
8428
0
0
0
0
0
0
8479
0
8187
8542
0
0
0
0
0
8479
0
8428
8507
8479
8428
0
0
0
0
0
0
0
0
0
0
0
0
0
0
0
0
0
0
0
0
0
0
0
0
0
0
0
0
0
0
0
0
0
0
0
0
0
0
0
0
0
0
0
0
0
0
0
0
0
0
0
0
0
0
0
0
0
0
0
0
0
0
0
0
0
0
0
0
0
0
0
0
0
0
0
0
0
0
0
0
0
0
0
0
0
0
0
0
0
0
0
0
0
0
0
0
0
0
0
0
0
0
0
0
0
0
0
0
0
0
0
0
0
0
0
0
0
0
0
0
0
0
0
0
0
0
0
0
0
0
0
0
0
0
0
0
0
0
0
0
0
0
0
0
0
0
0
0
0
0
0
0
0
0
0
0
0
0
0
0
0
0
0
0
0
0
0
0
0
0
0
0
0
0
0
0
0
0
0
0
0
0
0
0
0
0
0
0
0
0
0
0
0
0
0
0
0
0
0
0
0
0
0
0
0
0
0
0
0
0
0
0
0
0
0
0
0
0
0
0
0
0
0
7732
0
0
7732
7732
0
0
0
8819
0
0
0
0
8825
8825
0
8825
8825
8825
0
0
8825
7732
0
0
8825
0
7778
0
0
0
0
0
8825
0
0
7778
0
0
8842
8825
0
0
8825
7778
0
7732
7778
7732
0
0
0
8825
7732
0
0
8825
0
8842
8825
0
8825
0
8825
0
0
7778
8842
8825
0
8825
7843
7892
8842
8842
8825
8842
8825
8842
8825
8842
0
0
0
0
7732
0
0
0
0
8825
0
0
0
0
0
0
0
0
0
8825
0
8825
0
0
8825
0
8878
0
7732
0
8825
0
0
8825
0
8825
0
0
0
0
8825
8833
0
8825
0
0
0
8825
0
0
0
8825
0
0
0
0
8825
0
0
0
8825
0
7778
0
0
8825
8825
0
0
0
0
0
0
0
8825
8825
0
8842
8825
0
8825
0
8842
0
0
0
0
8842
8825
8825
0
0
8842
8825
0
8825
0
0
0
0
0
8825
0
8825
8825
0
0
0
0
8825
7778
0
0
0
0
0
0
8825
8842
0
8825
0
0
8825
8825
8825
0
8825
0
0
0
8825
8825
8825
0
0
9029
0
8825
0
0
0
0
0
0
0
9037
0
0
8825
0
0
0
0
0
8825
0
0
0
0
8842
8825
8848
0
0
0
0
8825
8825
0
0
0
0
8842
9046
0
8848
8825
0
0
0
0
8825
0
0
0
0
0
9059
0
8842
8992
8825
0
8825
0
0
0
0
0
9035
8848
0
0
0
0
8825
0
8825
9075
0
0
9097
0
0
8825
0
8825
0
0
0
8825
8825
0
0
0
0
0
0
0
8825
8825
0
0
8825
8825
0
0
9059
0
9119
0
0
8825
9063
0
8848
8825
9065
9039
9112
0
0
9059
8825
9065
0
8825
0
0
0
8825
8825
9065
0
9075
0
9059
0
8825
8825
9074
9059
9119
0
9097
8825
8825
0
9112
0
9064
9059
8825
9114
0
8825
8825
9059
0
0
0
0
0
8825
8842
8848
0
9072
0
0
8825
8842
0
0
8842
0
8825
0
9059
8825
0
0
9072
0
0
0
0
9065
9118
8825
9072
0
0
0
8825
8842
0
0
0
8825
0
0
0
0
0
8825
9059
0
8825
0
8825
8825
9216
0
8825
0
0
0
0
0
8825
0
0
9200
0
8842
0
0
9047
8825
8842
0
0
8825
8825
8825
8825
0
0
0
8825
0
9216
9047
9065
0
8825
5584
0
8842
0
9059
0
0
0
0
0
0
0
0
0
0
0
9046
0
0
0
8842
8825
0
9047
9063
0
9139
8825
9154
8825
0
9285
0
8825
0
9065
0
8825
8825
0
0
8825
8825
0
0
8825
0
8825
0
0
0
9133
0
0
0
0
0
0
0
0
0
0
0
9330
0
0
0
0
0
9330
0
0
0
9337
0
9330
9330
0
0
0
0
0
9330
0
0
0
0
9353
9330
0
9330
0
0
0
0
0
9306
9330
0
0
0
5430
0
9372
0
9372
0
9372
9349
0
0
9372
0
0
0
0
0
0
0
0
0
0
0
0
0
0
0
9349
0
0
0
9372
5430
0
9098
9372
9372
0
9390
0
9396
9372
9372
0
0
9372
9372
9386
0
0
0
0
0
0
0
0
9372
0
0
9372
0
9372
9372
5430
0
0
0
9372
0
0
9328
9372
9372
9372
0
0
0
0
0
0
0
0
0
0
0
9372
0
0
9349
0
0
9372
9372
0
0
0
0
0
0
0
0
0
0
0
9372
9372
9452
0
9333
0
0
0
0
9372
0
0
9452
9372
9452
9452
0
9349
9306
9372
0
0
9452
9372
0
0
9390
0
0
9349
0
0
0
0
9321
9332
0
0
0
9332
0
0
9517
0
0
9517
0
0
0
9517
9517
9517
9516
9517
9516
0
9517
0
0
0
0
0
0
9517
0
9517
9517
0
0
0
0
0
0
0
9517
9517
9517
0
9503
0
0
9517
0
9517
9517
9337
9516
0
9438
0
0
0
9517
0
9516
9517
9517
0
0
9517
9517
0
0
0
0
0
0
9438
9517
9535
0
9517
0
9517
0
0
0
0
9327
9573
0
9517
9565
0
0
0
0
0
0
0
0
0
0
0
0
0
0
9608
0
9517
9516
9569
0
9608
0
0
9608
0
9516
9600
0
0
9592
0
0
0
0
0
9566
0
9630
9630
9517
9608
0
0
9630
0
0
0
0
0
0
0
0
9608
9608
9608
9609
9630
9517
0
0
0
0
0
9517
0
0
0
0
9658
9658
0
0
0
9658
0
0
9609
0
0
9658
9517
0
9658
9658
9658
9517
9658
0
9658
9517
9658
0
0
0
0
9658
0
9658
0
9658
0
0
0
9665
0
0
9658
0
0
0
0
0
9609
0
9658
9658
9609
0
9658
9658
9517
0
9658
0
9517
0
0
5082
0
0
9727
9658
0
0
0
0
9704
0
0
0
0
0
0
0
0
0
9744
0
8485
0
9744
0
9744
0
9704
0
9752
0
9752
9744
0
0
0
9704
0
0
0
0
9733
0
0
0
9744
0
9704
0
8428
0
9733
0
9744
9677
0
0
0
0
0
0
0
0
0
0
0
0
9744
0
0
9704
9704
9704
0
9704
9704
0
0
0
0
9752
0
9733
0
0
9744
0
0
0
0
0
8533
0
0
9744
0
0
0
0
0
0
0
0
9586
9704
9658
0
8428
0
0
0
0
0
0
0
0
9752
0
0
0
0
0
9704
0
0
0
9744
9744
0
0
0
0
0
0
0
0
0
0
0
9704
8428
8428
0
9658
0
0
0
9704
0
0
0
0
9658
0
0
0
9795
0
0
9855
0
0
0
9765
0
0
9804
0
0
0
9868
9765
0
0
0
0
0
9835
9891
0
0
0
0
9868
0
9704
0
0
0
9891
0
9804
0
0
0
9891
0
0
9891
0
9886
0
9704
0
0
9891
0
9891
0
9905
0
0
0
0
9704
0
9922
0
0
9877
0
0
8428
0
0
0
0
0
0
0
9891
9658
0
9947
0
0
9704
0
9955
8533
0
0
9966
9955
9955
0
0
0
9868
0
0
0
9658
0
0
0
0
0
0
0
8428
9891
9955
9704
0
0
9891
0
9891
0
9955
0
0
9955
