80
0
391
0
0
0
0
249
1409
0
238
0
0
155
287
0
253
231
237
0
457
164
0
231
0
1490
0
273
172
197
0
0
0
0
1535
4843
0
4952
298
4952
273
286
271
15
0
0
290
80
241
0
0
234
15
0
0
0
0
277
155
1436
0
234
290
0
56
206
0
249
196
0
1430
0
230
4872
94
0
245
0
230
230
0
0
0
0
206
260
238
238
279
249
0
0
253
94
0
154
0
298
0
80
154
253
155
0
241
273
196
5024
230
1535
24
0
4999
172
4843
15
249
0
0
159
245
0
287
234
0
253
277
197
0
0
245
196
231
15
4956
0
0
0
197
234
373
164
0
0
0
286
196
279
0
0
118
56
241
172
0
0
0
286
0
0
0
234
4885
0
0
0
326
96
234
155
234
0
0
230
0
0
298
0
241
273
326
0
337
0
0
196
0
0
187
271
15
287
0
0
206
0
0
0
0
0
298
0
15
0
159
0
0
231
290
0
4872
0
271
15
271
15
298
279
0
56
238
0
0
0
94
0
0
1562
271
0
0
0
0
0
0
0
164
0
0
0
0
0
234
0
197
0
0
0
4952
0
96
231
56
0
0
0
4999
327
0
0
0
0
0
0
260
4872
0
0
253
0
197
0
164
0
15
0
155
0
0
0
0
159
0
0
279
5029
0
0
0
0
0
0
0
393
0
0
298
0
0
0
0
249
0
0
430
0
327
0
0
0
0
0
664
337
0
473
0
0
0
327
430
430
500
0
0
0
0
0
421
0
0
0
0
573
0
0
0
0
15
0
0
337
508
0
523
0
0
307
0
0
0
0
571
0
508
393
659
0
0
298
0
0
0
298
613
0
0
0
0
0
0
433
298
0
0
545
0
337
0
237
391
0
0
0
0
0
0
0
0
0
393
0
0
0
0
0
0
0
0
0
0
286
0
0
0
0
0
421
0
0
298
659
0
0
0
430
0
15
317
0
298
0
0
0
0
588
0
0
0
0
0
659
0
0
659
0
11
457
588
453
0
0
0
0
0
0
588
0
290
0
453
0
0
0
298
0
0
0
0
0
0
0
393
421
393
0
0
0
15
0
307
457
0
0
327
0
0
545
286
0
0
659
0
0
654
0
0
664
545
0
0
0
0
0
0
0
0
654
0
0
0
902
0
0
569
0
0
545
0
523
0
0
613
603
915
0
0
0
0
0
327
601
0
0
0
603
0
0
0
0
500
433
0
0
613
0
0
0
0
915
0
569
0
0
0
0
0
0
0
0
0
686
0
659
0
613
0
500
693
588
569
0
0
0
638
569
0
545
0
0
0
0
0
0
0
500
664
0
0
613
0
508
0
601
0
603
664
0
0
0
0
603
0
0
0
0
0
0
0
0
0
0
0
0
0
0
508
659
0
571
0
601
545
0
0
0
500
0
0
0
0
0
569
0
571
0
664
307
0
0
0
0
0
0
0
603
0
0
0
0
0
601
0
523
0
654
0
0
686
0
0
0
664
0
0
902
686
0
603
0
664
902
0
0
0
603
654
0
0
0
902
0
0
742
778
0
4569
763
742
0
871
0
836
0
742
0
0
0
0
962
862
0
871
0
742
0
862
0
943
0
1175
914
0
712
962
0
1085
0
0
742
4446
899
0
929
0
0
0
0
0
0
957
0
0
0
0
929
0
932
902
0
0
0
719
778
0
929
0
0
891
0
0
790
0
763
0
4580
0
778
902
962
712
4562
0
952
0
719
828
882
0
4564
957
924
693
0
0
0
0
929
0
891
862
957
0
0
0
790
0
0
0
0
0
0
0
915
782
0
0
0
0
4515
0
924
0
0
0
0
0
0
929
0
742
778
0
545
0
902
0
0
924
0
1084
1111
0
862
943
899
0
0
722
0
0
0
0
0
654
1111
915
0
0
778
0
962
943
848
0
4515
0
828
0
695
0
862
0
914
0
0
0
0
0
0
1049
914
0
937
0
962
0
778
0
0
924
0
0
0
742
937
4406
914
862
0
0
0
0
0
763
0
0
924
0
862
4415
0
0
0
4383
4464
0
0
957
613
0
0
0
924
0
778
899
0
957
0
0
0
0
686
871
0
871
1105
0
0
0
962
914
0
0
0
1084
862
0
862
4554
0
0
0
0
924
4515
601
0
0
4406
937
0
962
0
0
882
0
871
712
914
0
0
0
0
0
914
0
0
0
915
4464
0
740
836
778
871
0
891
0
0
4567
0
899
0
0
0
0
4383
836
924
0
0
0
1111
0
0
1013
1187
0
1187
1085
0
1127
0
0
790
0
0
1194
0
0
1084
1175
1105
0
1084
0
0
0
971
891
0
2032
0
2077
1153
0
0
2095
1194
790
0
0
0
0
0
0
0
0
1013
1049
1111
1153
0
1194
1175
0
0
0
0
790
0
0
0
0
0
0
0
1175
0
1105
0
0
1074
0
0
0
0
0
0
1105
0
0
0
0
0
790
0
0
971
0
0
0
1127
0
0
0
0
1111
0
0
1194
0
0
0
1127
0
0
0
0
1049
0
0
0
0
0
1187
1153
0
0
0
0
0
0
1183
1127
0
0
1074
0
0
1127
0
790
0
0
0
0
0
0
0
0
971
0
0
0
0
0
1175
932
1153
0
0
2171
1153
0
0
0
0
0
0
0
0
1194
0
0
0
0
0
0
0
0
0
0
0
0
0
0
1105
0
0
0
0
0
0
0
1084
0
1175
0
0
0
1187
0
1084
0
0
0
0
1194
0
2217
0
0
0
1105
0
0
1175
0
0
0
0
0
0
0
0
1084
0
0
1194
0
1187
0
0
971
0
0
0
0
0
0
0
0
0
0
0
0
0
0
0
0
0
0
0
0
0
0
0
0
0
0
0
0
0
0
0
0
0
0
0
0
0
0
0
0
0
0
0
0
0
0
0
0
0
0
0
0
0
0
0
0
0
0
0
0
0
0
0
0
0
0
0
0
0
0
0
0
0
0
0
0
0
0
0
0
0
0
0
0
0
0
0
0
0
0
0
0
0
0
0
0
0
0
0
0
0
0
0
0
0
0
0
0
0
0
0
0
0
0
0
0
0
0
0
0
0
0
0
0
0
0
0
0
0
0
0
0
0
0
0
0
0
0
0
0
0
0
0
0
0
0
0
0
0
0
0
0
0
0
0
0
0
0
0
0
0
0
0
0
0
0
0
0
0
0
0
0
0
0
0
0
0
0
0
0
0
0
0
0
0
0
0
0
0
0
0
0
0
1601
1777
0
1493
1409
1430
0
0
0
0
1409
0
1689
1692
1430
1430
1535
1502
1535
0
24
0
0
1802
0
0
0
1436
0
1794
1436
0
1427
1493
1562
0
0
0
0
1535
0
1592
0
0
1470
0
0
0
0
0
0
0
0
0
0
0
0
0
0
0
0
1436
0
0
0
0
0
1409
0
0
0
1592
1825
0
1603
1697
0
0
0
1564
0
1601
1746
1493
0
1562
0
0
0
0
0
0
0
0
1490
1562
1409
1427
0
1470
0
0
0
0
0
266
1427
1562
1746
0
0
0
0
1526
0
1825
1592
0
0
260
24
0
1771
0
0
1673
1409
0
0
0
1603
0
0
0
0
0
0
0
0
1430
0
0
0
0
0
0
0
0
0
1436
0
1564
1427
0
0
0
0
1802
1777
0
0
1564
279
1592
0
0
0
0
0
0
0
1436
0
0
0
0
0
0
0
1427
1601
0
0
1409
0
1692
0
1524
0
1562
0
0
1564
1562
0
0
0
0
0
1427
0
1603
0
260
0
1601
1562
0
0
0
0
0
0
0
0
0
0
0
0
0
2977
1732
1697
0
0
1633
1777
0
0
0
0
0
0
0
0
0
0
0
0
0
0
1732
0
0
0
0
0
3068
1777
0
1794
0
1680
0
3252
1785
0
0
0
0
0
0
0
0
0
0
0
1736
0
1736
0
1601
0
1825
0
0
1777
0
0
0
0
0
1785
0
1785
0
0
1802
0
0
0
1673
0
1794
0
3239
0
0
3252
0
0
0
0
1771
0
0
1673
0
0
0
0
1736
1732
0
0
0
0
1746
1490
0
0
0
0
0
0
0
0
2991
0
3252
0
0
0
0
0
0
0
1732
0
0
0
0
0
0
0
0
0
0
0
0
1785
0
0
0
0
0
0
3213
1770
0
0
1746
0
1697
0
0
3239
0
0
0
1692
0
2986
0
3008
0
1770
1732
1732
0
0
0
1732
0
0
0
0
0
1430
0
0
1673
0
3011
0
0
0
0
0
0
0
0
0
0
0
1524
0
0
1736
1697
0
0
0
1641
0
0
0
1746
0
1785
0
1732
0
3027
1736
0
3252
0
0
0
3252
0
0
1524
0
0
0
0
0
0
0
0
0
0
0
0
0
0
0
0
0
0
0
0
0
0
0
0
0
0
0
0
0
0
0
0
0
0
0
0
0
0
0
0
0
0
0
0
0
0
0
0
0
0
0
0
0
0
0
0
0
0
0
0
0
0
0
0
0
0
0
0
0
0
0
0
0
0
0
0
0
0
0
0
0
0
0
0
0
0
0
0
0
0
0
0
0
0
0
0
0
0
0
0
0
0
0
0
0
0
0
0
0
0
0
0
0
0
0
0
0
0
0
0
0
0
0
0
0
0
0
0
0
0
0
0
0
0
0
0
0
0
0
0
0
0
0
0
0
0
0
0
0
0
0
0
0
0
0
0
0
0
0
0
0
0
0
0
0
0
0
0
0
0
0
0
0
0
0
0
0
0
0
0
0
0
0
0
0
0
0
0
0
0
0
0
0
0
0
0
0
0
0
0
0
0
0
0
0
2210
2119
1071
0
0
0
0
0
0
1194
0
0
2424
0
0
0
2185
0
2132
0
0
2185
0
0
2171
0
0
0
0
0
0
2132
2104
0
0
2210
0
0
0
2379
2217
2217
0
2210
2210
0
2185
0
0
2420
1158
0
1187
0
0
0
2077
1105
0
0
0
0
2119
0
0
0
0
0
0
0
0
0
0
0
0
0
0
0
0
0
0
0
0
0
0
2473
2217
2132
2210
0
0
0
0
0
0
2132
0
0
0
0
0
0
0
0
0
0
0
0
2171
0
0
0
0
0
0
0
2032
0
2077
0
0
0
0
2183
0
971
0
0
1194
0
2119
0
0
0
0
0
0
0
2132
0
2183
0
0
0
2171
0
2373
0
2489
0
2424
0
1187
0
0
0
0
0
2424
0
0
0
0
0
0
0
0
0
2510
0
0
2176
0
0
0
0
0
0
2424
2210
0
0
0
0
1049
0
0
0
0
0
0
2343
0
0
0
0
0
2271
2171
2424
2217
0
2516
2473
2609
0
2492
0
0
2299
2420
2489
0
2395
2236
3897
2392
0
2529
2270
3928
2409
0
2351
2575
0
0
2423
0
2271
2373
2392
0
0
2351
0
0
2543
2475
2492
2424
0
0
2448
2516
0
2448
2529
0
0
0
2293
0
3811
2479
2392
2420
0
2299
0
0
2353
2530
0
0
0
2378
2475
2357
0
0
2501
0
2501
2278
0
0
2424
2424
2351
0
0
0
2289
2475
2378
2392
2492
2450
2407
0
0
2407
3890
0
2353
2543
0
0
0
0
2423
0
2409
2351
2407
2077
2379
0
3885
2410
2450
2032
0
0
2278
0
0
2132
2392
2392
2450
0
2395
0
0
0
3926
0
2469
2420
2343
2529
2407
2510
0
0
0
2653
0
0
0
2357
0
0
2381
0
0
2407
0
0
0
0
0
0
2378
0
2278
0
2516
0
0
2473
0
0
2343
0
0
2409
0
2485
0
2357
2483
0
0
0
2479
0
3793
0
0
2448
2424
2575
0
0
2351
2473
2485
2442
0
2395
0
0
0
2357
0
0
2424
0
0
0
0
0
0
0
3885
0
2529
0
2450
0
0
0
2217
2357
0
2473
0
0
0
0
2469
2420
3928
2483
0
0
0
2479
2278
0
2479
0
0
2439
0
0
3911
0
0
0
2450
0
0
0
2599
0
2299
0
0
2420
2729
0
0
0
0
0
2299
0
2185
0
0
0
2378
2210
2378
0
2353
2469
0
0
2475
0
3793
0
2423
0
0
3811
0
0
0
2236
2032
3793
0
0
0
2423
2357
2530
2369
2311
2485
2424
2448
0
0
0
0
2599
0
0
0
0
2721
0
0
2785
0
2634
0
0
2728
0
2543
2586
2693
2575
0
0
0
0
0
2950
0
2653
0
2599
2691
0
2622
0
0
0
0
0
0
0
2904
0
0
0
0
0
2586
2824
0
0
0
0
0
0
0
0
0
0
0
0
2728
0
0
2543
0
2729
0
0
2729
0
2599
2708
2653
2653
2575
0
0
0
2634
0
0
0
2575
0
2797
0
2904
2410
0
0
2691
2575
0
0
0
0
0
0
0
0
0
0
2609
0
0
0
0
0
0
0
2586
0
2693
0
2609
0
0
0
2543
2824
0
0
0
0
2729
0
0
2641
0
2693
0
2904
0
0
2721
0
0
0
2586
0
2609
2634
2729
0
0
0
0
0
0
0
2381
2575
0
0
0
2609
2824
2693
0
2634
0
0
0
0
2575
0
0
0
2634
0
0
2575
2571
0
0
0
0
0
0
0
2599
0
2653
0
2728
0
0
0
0
0
2599
0
0
2575
2728
0
0
2728
0
0
0
0
0
2641
0
2691
2904
0
0
2864
0
0
0
0
0
2796
2825
0
2740
0
0
0
0
0
0
0
0
0
0
0
2891
0
0
0
0
0
0
0
2774
2740
0
0
2950
0
0
0
0
0
0
0
0
0
0
0
2864
0
0
0
0
2911
0
0
0
2956
0
2825
0
0
0
0
0
0
0
0
2691
0
0
0
2904
0
2934
0
0
2828
3166
0
0
2825
0
0
2891
0
0
2824
0
0
0
0
0
3277
0
2911
2828
0
0
0
2956
0
2828
2891
2864
0
0
0
0
2934
2691
0
0
2824
0
0
0
0
0
0
2824
0
0
0
2825
0
0
0
0
0
2796
2691
0
2774
0
0
0
0
2780
2834
0
0
2825
0
0
3193
0
0
0
0
0
0
0
0
3277
0
0
0
0
0
0
2796
0
2950
0
0
0
3267
0
0
0
2828
2634
0
2824
0
0
0
0
0
0
0
0
0
0
2825
0
0
0
0
0
0
3198
0
2691
2956
0
0
0
0
0
2796
0
3157
2891
0
0
0
0
0
2828
0
0
0
0
2956
2828
2691
0
0
0
0
0
3192
0
3164
3107
3217
0
3262
3166
0
0
0
0
0
2981
3126
0
3091
0
0
0
3126
3213
0
3258
0
0
3011
0
0
0
0
0
0
0
0
2934
3448
0
2991
2774
2864
3061
3212
0
0
0
3181
0
3091
0
3153
0
0
2991
0
0
0
3217
3252
3022
0
3262
0
0
3251
3217
3011
2977
0
3118
3126
3217
0
3262
2983
3061
0
0
0
0
2828
0
0
2991
3151
0
0
0
0
0
3457
2981
3107
0
0
0
0
3393
0
0
1785
3164
0
0
0
3175
3262
2977
0
0
0
0
3153
0
3126
0
3192
0
3262
0
0
0
0
0
3118
0
2774
2796
3262
0
0
3242
0
3457
0
0
3022
3118
0
3198
3457
0
3193
3393
3277
0
0
0
0
0
0
3126
0
3079
0
3193
3465
0
3212
0
0
3192
3270
0
0
3217
3175
0
0
2978
3239
0
0
3079
0
0
3239
0
0
0
3192
0
0
3151
2986
3465
0
3277
0
0
2864
0
0
0
0
0
0
3181
0
3212
3258
1680
0
0
0
0
1641
0
3091
0
3457
0
0
3118
3107
0
0
0
0
0
3181
0
0
3278
3457
0
0
0
0
0
3270
3079
2983
0
0
0
3118
2825
0
0
2864
0
3251
0
3091
0
0
0
2983
3258
1785
1785
3267
0
0
3395
3270
0
0
3008
0
3079
0
3251
3192
0
3079
0
0
0
0
3192
0
3258
0
0
0
2774
2977
0
0
3118
3258
0
3118
3267
3212
3251
3217
0
0
0
0
0
0
3118
0
0
3008
0
2828
0
0
0
3252
0
0
2774
0
0
0
0
3212
0
0
0
0
3258
0
0
0
2828
0
0
3217
0
3181
0
0
1736
3126
3511
3151
0
3511
0
0
3126
3354
0
3258
0
0
3495
0
0
0
6573
0
3327
0
0
3327
6693
0
0
0
0
3457
3495
3316
0
0
0
3463
0
3457
0
0
3327
6573
0
0
0
0
0
0
0
0
3495
0
0
0
0
3511
6616
0
0
0
0
0
0
3079
3495
0
0
3395
0
0
0
0
0
0
0
0
0
3488
0
0
0
0
0
0
0
0
3002
0
0
3488
0
0
3488
0
0
0
0
0
3492
0
0
3316
0
0
0
0
0
0
0
0
6693
3212
0
0
0
0
3488
0
0
0
0
0
0
0
0
0
3212
0
0
0
3327
3511
0
0
0
0
0
0
0
0
3327
0
3327
0
0
0
0
0
0
6677
0
0
0
0
6665
0
0
0
0
6592
0
0
0
0
0
3511
0
3488
0
0
3495
0
6616
0
0
0
0
0
0
0
0
3495
0
6673
0
3488
3457
0
6665
3181
0
0
0
0
3492
0
0
6685
0
0
0
0
0
3463
0
0
3327
0
0
3406
0
6616
3511
0
0
0
3488
0
3327
0
0
0
3258
0
0
0
0
3492
0
3488
0
0
0
0
0
0
0
0
0
0
0
0
0
0
0
0
0
0
0
0
0
0
0
0
0
0
0
0
0
0
0
0
0
0
0
0
0
0
0
0
0
0
0
0
0
0
0
0
0
0
0
0
0
0
0
0
0
0
0
0
0
0
0
0
0
0
0
0
0
0
0
0
0
0
0
0
0
0
0
0
0
0
0
0
0
0
0
0
0
0
0
0
0
0
0
0
0
0
0
0
0
0
0
0
0
0
0
0
0
0
0
0
0
0
0
0
0
0
0
0
0
0
0
0
0
0
0
0
0
0
0
0
0
0
0
0
0
0
0
0
0
0
0
0
0
0
0
0
0
0
0
0
0
0
0
0
0
0
0
0
0
0
0
0
0
0
0
0
0
0
0
0
0
0
0
0
0
0
0
0
0
0
0
0
0
0
0
0
0
0
0
0
0
0
0
0
0
0
0
0
0
0
0
0
0
0
0
0
0
0
0
0
0
0
0
6284
3924
3878
0
3793
3885
3803
6284
0
3774
3788
0
0
3788
0
3926
3815
0
0
0
3903
0
3788
0
0
0
0
3774
3866
6201
0
3890
0
0
0
0
0
3890
0
3928
0
0
0
0
0
0
0
0
0
0
0
3911
0
3788
0
0
0
0
0
0
0
3866
0
0
0
3793
0
3788
0
3829
0
0
0
3843
0
0
6284
0
0
3885
6201
0
0
0
0
6250
3815
6138
0
2483
0
0
2369
0
3803
0
0
0
0
0
3928
3815
0
0
0
0
0
3890
0
0
0
0
3736
0
3774
2395
0
0
0
0
3890
0
0
6222
0
3886
0
0
0
0
3803
0
3875
0
0
0
0
3885
3788
0
3924
3803
0
0
0
0
0
3928
3815
0
0
0
0
0
0
3774
0
0
0
0
0
0
3890
0
0
0
0
0
0
3774
0
0
3897
3829
0
0
3886
0
0
0
0
0
0
0
0
0
0
0
0
3829
2423
0
0
0
0
0
0
0
0
0
0
0
0
0
0
0
0
0
0
0
0
0
0
0
0
0
0
0
0
0
0
0
0
0
0
0
0
0
0
0
0
0
0
0
0
0
0
0
0
0
0
0
0
0
0
0
0
0
0
0
0
0
0
0
0
0
0
0
0
0
0
0
0
0
0
0
0
0
0
0
0
0
0
0
0
0
0
0
0
0
0
0
0
0
0
0
0
0
0
0
0
0
0
0
0
0
0
0
0
0
0
0
0
0
0
0
0
0
0
0
0
0
0
0
0
0
0
0
0
0
0
0
0
0
0
0
0
0
0
0
0
0
0
0
0
0
0
0
0
0
0
0
0
0
0
0
0
0
0
0
0
0
0
0
0
0
0
0
0
0
0
0
0
0
0
0
0
0
0
0
0
0
0
0
0
0
0
0
0
0
0
0
0
0
0
0
0
0
0
0
0
0
0
0
0
0
0
0
0
0
0
0
0
0
0
0
0
0
0
0
0
0
0
0
0
0
0
0
0
0
0
0
0
0
0
0
0
0
0
0
0
0
0
0
0
0
0
0
0
0
0
0
0
0
0
0
0
0
0
0
0
0
0
0
0
0
0
0
0
0
0
0
0
0
0
0
0
0
0
0
0
0
0
0
0
0
0
0
0
0
0
0
0
0
0
0
0
0
0
0
0
0
0
0
0
0
0
0
0
0
0
0
0
0
0
0
0
0
0
0
0
0
0
0
0
0
0
0
0
0
0
0
0
0
0
0
0
0
0
0
0
0
0
0
0
0
0
0
0
0
0
0
0
0
0
0
0
0
0
0
0
0
0
0
0
0
0
0
0
0
0
0
0
0
0
0
0
0
0
0
0
0
0
0
0
0
0
0
0
0
0
0
0
0
0
0
0
0
0
0
0
0
0
0
0
0
0
0
0
0
0
0
0
0
0
0
0
0
0
0
0
0
0
0
0
0
0
0
0
0
0
0
0
0
0
0
0
0
0
4426
0
4582
0
0
882
0
0
0
0
4446
4569
0
5595
4571
0
0
0
5534
0
882
0
4580
0
0
4440
0
0
0
0
4402
0
5534
0
0
0
4383
0
0
0
0
0
0
0
0
4402
0
0
0
0
0
0
0
0
0
0
0
0
0
0
0
0
0
0
0
0
0
0
0
0
0
0
4446
0
0
0
0
4521
0
0
4521
899
4582
0
0
0
5594
0
4554
0
0
0
0
0
0
4554
0
0
0
0
0
0
0
0
0
0
0
0
0
0
4383
0
0
4571
4521
5540
0
0
0
0
0
0
4571
4571
0
899
882
4515
0
0
4464
0
0
882
0
763
0
0
4515
4402
0
4446
0
0
0
0
0
4446
0
4446
0
5613
0
0
0
0
0
0
4580
0
0
0
0
4515
4571
4582
899
0
0
4426
4571
0
0
0
0
0
4521
0
4562
0
0
0
0
763
0
0
4580
0
4554
0
0
0
0
0
0
0
0
4582
0
0
0
0
0
4440
0
0
0
0
4383
0
0
4464
0
0
4580
0
0
0
0
882
0
0
0
0
0
4515
0
0
0
0
0
0
0
0
0
0
0
0
0
0
0
0
0
0
0
0
0
0
0
0
0
0
0
0
0
0
0
0
0
0
0
0
0
0
0
0
0
0
0
0
0
0
0
0
0
0
0
0
0
0
0
0
0
0
0
0
0
0
0
0
0
0
0
0
0
0
0
0
0
0
0
0
0
0
0
0
0
0
0
0
0
0
0
0
0
0
0
0
0
0
0
0
0
0
0
0
0
0
0
0
0
0
0
0
0
0
0
0
0
0
0
0
0
0
0
0
0
0
0
0
0
0
0
0
0
0
0
0
0
0
0
0
0
0
0
0
0
0
0
0
0
0
0
0
0
0
0
0
0
0
0
0
0
0
0
0
0
0
0
0
0
0
0
0
0
0
0
0
0
0
0
0
0
0
0
0
0
0
0
0
0
0
0
0
0
0
0
0
0
0
0
0
0
0
0
0
0
0
0
0
0
0
0
0
0
0
0
0
0
0
0
0
0
0
0
0
0
5241
0
4885
0
0
0
0
4981
0
0
4989
0
0
0
0
5248
4909
0
0
0
4989
5024
4975
0
0
4956
4956
4981
0
0
0
0
5095
4999
0
4969
0
0
0
0
0
0
0
0
0
0
0
5029
0
4999
0
5015
0
0
4981
0
0
0
0
5029
5029
4999
0
0
4909
5190
5117
0
5241
0
0
0
0
0
0
0
0
80
5117
0
0
0
0
0
5231
0
0
0
0
5029
0
0
0
0
0
0
5117
0
0
0
0
0
0
4956
0
0
0
0
164
0
0
4948
0
5015
0
0
0
4843
0
0
0
4948
0
0
5015
4956
5029
0
0
0
0
4909
5005
4999
0
0
0
5005
0
0
0
4956
0
0
5029
0
0
0
0
4999
0
0
0
0
0
4975
0
0
0
0
0
5248
4909
5117
0
0
0
192
0
0
0
0
0
0
4909
0
0
0
0
0
0
0
0
0
0
5005
0
80
0
0
0
4981
4872
4956
0
0
0
4969
0
5015
0
96
5100
5190
0
4914
0
4885
0
4843
0
0
0
4909
0
0
0
0
0
0
0
0
0
0
5251
0
0
0
0
0
0
0
5156
0
5067
5067
0
0
0
5066
0
5248
0
0
5067
0
0
4969
0
5088
0
0
0
5249
0
0
0
0
0
5005
5251
5249
0
0
0
0
0
5229
0
0
9884
5095
0
0
5088
5067
0
0
5241
0
0
5251
0
0
0
0
0
0
4969
0
9838
0
0
9839
0
5095
4975
0
0
5066
0
0
0
0
0
4989
0
0
0
5248
0
0
0
0
5005
9839
5088
5117
9744
5190
0
0
0
0
0
0
0
5190
0
0
5251
0
5067
0
0
0
0
0
0
0
0
0
0
9744
0
0
0
0
5241
5231
0
0
0
0
5241
0
5229
0
0
0
5185
0
0
0
0
0
5005
0
0
0
0
0
0
0
0
5081
0
0
0
0
0
0
5241
0
0
5190
0
0
0
0
5005
0
0
0
0
0
0
5248
0
0
0
0
5066
0
0
0
0
0
0
0
0
0
0
0
5066
9744
0
9888
0
0
0
0
0
0
0
0
0
5245
0
0
0
0
0
0
0
5245
0
0
0
0
0
0
0
0
0
0
0
0
0
0
0
0
0
0
0
0
0
0
0
0
0
0
0
0
0
0
0
0
0
0
0
0
0
0
0
0
0
0
0
0
0
0
0
0
0
0
0
0
0
0
0
0
0
0
0
0
0
0
0
0
0
0
0
0
0
0
0
0
0
0
0
0
0
0
0
0
0
0
0
0
0
0
0
0
0
0
0
0
0
0
0
0
0
0
0
0
0
0
0
0
0
0
0
0
0
0
0
0
0
0
0
0
0
0
0
0
0
0
0
0
0
0
0
0
0
0
0
0
0
0
0
0
0
0
0
0
0
0
0
0
0
0
0
0
0
0
0
0
0
0
0
0
0
0
0
0
0
0
0
0
0
0
0
0
0
0
0
0
0
0
0
0
0
0
0
0
0
0
0
0
0
0
0
0
0
0
0
0
0
0
0
0
0
0
0
0
0
0
0
5515
9206
0
0
5576
0
0
5558
0
0
5515
5563
5647
0
0
0
0
0
0
5586
4521
0
0
0
0
0
5534
0
5599
5534
0
0
0
5599
0
0
0
0
0
0
9278
4582
5621
0
0
0
0
0
0
5515
4521
0
0
5563
0
5576
0
0
0
0
5563
0
5613
5515
4582
0
0
0
5466
9206
0
5542
5515
0
0
0
0
0
0
0
0
5542
5542
0
5584
0
0
0
0
0
0
0
0
0
0
0
0
0
5584
0
0
5584
5558
5594
0
0
0
0
0
0
0
0
0
0
0
0
0
0
0
0
5613
0
0
5586
0
0
0
0
0
5595
5576
0
0
0
5584
0
0
5639
0
0
5515
5537
5540
5534
0
9278
0
0
0
0
0
0
5621
0
0
0
0
5621
0
0
0
0
0
0
5515
0
0
0
4582
0
0
5621
5537
0
0
5621
0
0
0
0
5647
5647
0
9226
5599
5558
5595
0
0
5515
0
0
0
5586
0
0
0
0
0
0
0
0
0
0
0
0
0
0
0
0
0
0
0
0
0
0
0
0
0
0
0
0
0
0
0
0
0
0
0
0
0
0
0
0
0
0
0
0
0
0
0
0
0
0
0
0
0
0
0
0
0
0
0
0
0
0
0
0
0
0
0
0
0
0
0
0
0
0
0
0
0
0
0
0
0
0
0
0
0
0
0
0
0
0
0
0
0
0
0
0
0
0
0
0
0
0
0
0
0
0
0
0
0
0
0
0
0
0
0
0
0
0
0
0
0
0
0
0
0
0
0
0
0
0
0
0
0
0
0
0
0
0
0
0
0
0
0
0
0
0
0
0
0
0
0
0
0
0
0
0
0
0
0
0
0
0
0
0
0
0
0
0
0
0
0
0
0
0
0
0
0
0
0
0
0
0
0
0
0
0
0
0
0
0
0
0
0
0
0
0
0
0
0
0
0
0
0
0
0
0
0
0
0
0
0
0
0
0
0
0
0
0
0
0
0
0
0
0
0
0
0
0
0
0
0
0
0
0
0
0
0
0
0
0
0
0
0
0
0
0
0
0
0
0
0
0
0
0
0
0
0
0
0
0
0
0
0
0
0
0
0
0
0
0
0
0
0
0
0
0
0
0
0
0
0
0
0
0
0
0
0
0
0
0
0
0
0
0
0
0
0
0
0
0
0
0
0
0
0
0
0
0
0
0
0
0
0
0
0
0
0
0
0
0
0
0
0
0
0
0
0
0
0
0
0
0
0
0
0
0
0
0
0
0
0
0
0
0
0
0
0
0
0
0
0
0
0
0
0
0
0
0
0
0
0
0
0
0
0
0
0
0
0
0
0
0
0
0
0
0
0
0
0
0
0
0
0
0
0
0
0
0
0
0
0
0
0
0
0
0
0
0
0
0
0
0
0
0
0
0
0
0
0
0
0
0
0
0
0
0
0
0
0
0
0
0
0
0
0
0
0
0
0
0
0
0
0
0
0
0
0
0
0
0
0
0
0
0
0
0
0
0
0
0
0
0
0
0
0
0
0
0
6138
7651
0
0
0
0
7642
0
0
0
0
6222
0
6250
0
0
6201
0
6227
0
0
0
0
0
7685
0
0
0
0
0
6227
6261
3924
0
6284
0
3815
0
0
0
0
0
0
0
0
0
6245
0
0
0
6222
7717
0
6227
6291
0
6126
0
0
0
0
0
0
0
0
6297
0
6241
6227
6126
6261
6291
0
0
0
0
0
0
0
0
0
0
0
0
0
0
0
0
7642
0
0
3815
0
0
0
0
0
6284
0
6138
7681
0
6245
6227
0
0
0
0
0
0
0
6222
0
0
6245
0
0
0
0
0
0
7651
0
0
0
3886
3886
0
0
6222
0
6297
0
0
0
0
6250
0
0
7717
0
0
0
0
0
0
6126
0
6245
0
0
0
0
0
7698
0
0
0
0
6126
6284
0
0
0
0
0
0
6138
0
0
0
0
0
6126
3924
0
0
0
6253
0
6284
6227
0
0
0
0
0
0
0
6250
3885
0
0
6126
7505
0
0
0
0
0
6245
6125
6126
0
0
0
0
0
0
0
0
0
0
0
0
0
0
0
0
0
0
0
0
0
0
0
0
0
0
0
0
0
0
0
0
0
0
0
0
0
0
0
0
0
0
0
0
0
0
0
0
0
0
0
0
0
0
0
0
0
0
0
0
0
0
0
0
0
0
0
0
0
0
0
0
0
0
0
0
0
0
0
0
0
0
0
0
0
0
0
0
0
0
0
0
0
0
0
0
0
0
0
0
0
0
0
0
0
0
0
0
0
0
0
0
0
0
0
0
0
0
0
0
0
0
0
0
0
0
0
0
0
0
0
0
0
0
0
0
0
0
0
0
0
0
0
0
0
0
0
0
0
0
0
0
0
0
0
0
0
0
0
0
0
0
0
0
0
0
0
0
0
0
0
0
0
0
0
0
0
0
0
0
0
0
0
0
0
0
0
0
0
0
0
0
0
0
0
0
0
0
0
0
0
0
0
0
0
0
0
0
0
0
0
0
0
0
0
0
6993
0
6583
0
6706
0
0
0
0
0
0
6642
0
0
0
6673
0
3327
0
0
0
0
0
3354
0
0
0
0
0
6573
0
0
0
6596
0
6653
6616
6677
0
0
6635
0
0
6573
0
0
0
0
3327
6583
0
6642
6693
0
0
0
0
0
6592
6613
6642
6642
0
0
0
6706
6550
0
6549
0
0
6669
6989
0
6642
6583
3463
0
6985
0
0
0
6635
0
0
6635
0
6677
0
0
6693
6573
0
0
0
0
6876
0
0
6653
0
0
0
6592
0
6693
6989
0
0
6616
0
0
0
0
6549
3495
0
0
0
0
6550
6642
6583
0
6642
0
0
0
0
6713
6596
0
6550
0
0
0
6856
0
0
3406
0
0
0
0
0
0
0
6596
0
0
0
0
0
0
0
0
6642
0
0
0
0
3327
0
6592
0
6908
0
0
6583
6673
0
6583
0
0
0
0
0
0
0
0
0
6665
0
6642
0
0
6669
0
0
0
6693
0
6693
0
0
7020
3463
0
6726
6876
0
6981
0
0
0
0
7090
0
7148
0
6846
6846
0
0
0
6837
0
6751
6838
6751
6856
0
6932
0
6876
0
6950
6719
8235
0
6838
8353
0
7003
0
6949
0
0
6844
0
7034
8389
6838
6825
0
6825
6932
0
6837
6932
0
6988
0
6856
7009
6981
8353
0
6856
0
0
6783
6856
6835
0
6856
0
0
6549
7148
6993
6613
6949
6635
6932
0
0
0
0
6733
8222
6837
0
6835
0
0
0
0
6783
0
0
7003
6856
6986
7009
6856
6974
0
6783
6986
8180
0
0
6846
8353
6805
0
6825
6856
6786
6974
0
0
8284
6981
0
0
7105
0
0
0
7003
6837
0
0
0
0
0
7003
7034
0
7140
6986
6986
6932
0
0
0
0
8222
0
7206
0
7086
6825
0
7052
0
0
8222
0
7034
0
0
6786
0
8353
0
0
6846
0
6549
0
0
6867
6950
0
0
6989
0
6837
0
6613
0
6838
0
0
6846
0
6825
0
0
0
0
0
6838
6825
6653
6856
0
6669
0
7086
8222
0
6719
0
0
0
6549
6872
6908
8235
6719
7029
6993
7034
8370
6838
8353
0
6719
0
0
6993
6846
6846
0
0
6985
7009
0
6653
6932
0
6971
6981
6988
8235
6971
0
0
6838
6838
7034
0
6751
0
8222
0
0
7020
8222
0
6719
0
6932
0
0
0
6867
7153
0
8353
6751
0
6751
0
7003
0
6981
0
0
0
0
0
0
0
6988
0
0
0
0
0
0
6981
8222
8353
0
6838
0
6974
6949
0
0
6985
7140
0
0
0
0
0
0
6932
6786
0
8314
6846
0
6846
0
0
0
0
7086
6846
6986
7029
0
6856
0
0
0
6825
6856
0
7206
7168
7206
0
7206
7206
0
0
0
0
0
6844
7182
7206
0
0
7105
0
0
7193
0
0
7295
6971
0
0
7268
7086
0
7090
0
0
0
0
0
0
7140
0
0
0
0
0
0
7193
0
0
7182
0
0
0
0
0
0
6971
7086
0
0
7105
7193
0
0
0
0
0
6805
0
0
0
0
0
0
0
0
0
0
0
7052
0
0
0
0
0
0
0
7206
7227
0
7227
0
7052
7295
0
0
7105
0
0
0
0
0
0
7052
7418
0
0
0
0
7105
7127
7129
0
0
0
0
0
0
0
7105
0
0
0
0
0
0
0
0
0
0
0
7140
0
0
0
7206
0
0
0
7295
0
0
0
0
6971
0
0
0
0
6988
0
7127
0
0
0
0
7217
7193
7193
7206
0
0
0
7086
0
0
7140
7129
0
0
0
7217
0
0
0
0
7153
0
0
0
0
0
0
0
0
0
0
0
7339
0
7052
0
7144
0
0
0
0
0
7083
7140
0
7148
0
7090
0
0
0
0
0
7127
0
0
0
7339
0
0
0
0
0
0
0
7429
7418
7268
0
0
7703
0
0
7630
0
0
0
7376
7351
7268
0
0
0
7277
0
7703
7339
7301
0
0
7277
0
0
0
0
0
0
0
7277
0
0
7438
0
7277
0
0
7418
0
0
0
0
7599
0
0
7339
7327
0
0
0
0
0
7327
7086
0
7182
7301
7444
0
7351
0
0
0
0
7277
0
0
0
0
0
0
7301
0
0
0
0
0
0
7339
7105
7339
0
0
0
7277
7725
0
7339
0
7361
0
7710
0
0
0
7351
7418
0
0
0
0
0
7301
0
0
7361
0
0
0
7260
0
0
0
0
7540
7301
0
7710
7630
0
7153
7376
7725
0
0
0
0
0
0
7521
7725
7301
7295
0
0
0
0
0
7599
7521
0
0
0
7268
0
0
7277
0
0
0
0
0
0
0
0
7086
0
0
0
7301
0
0
0
0
7444
0
0
0
7277
7521
7052
0
0
0
0
7418
7444
0
7086
7127
7351
0
7574
0
0
7540
0
0
7647
0
0
7703
7660
7660
7685
7647
0
7687
0
7710
0
7651
7641
0
7540
7698
7703
0
6189
0
0
7614
7574
7438
0
7505
0
0
7505
0
0
7710
0
0
7614
7709
0
0
7505
7574
7642
7685
7660
7721
0
7574
7505
0
0
7663
7725
7663
0
0
7662
0
7710
0
0
7689
7703
7705
0
0
7351
0
7663
7851
0
7663
7599
0
0
0
0
7444
0
0
7543
0
7685
0
0
0
7662
0
7361
0
7444
0
7660
0
0
0
7540
7710
0
6227
7681
7721
7543
7657
7599
7883
6125
0
7361
7687
7717
0
7689
7593
7685
7662
0
0
7538
0
7662
0
0
7698
7815
7614
7663
0
0
0
7710
0
6222
0
0
7710
7641
7505
7687
0
0
0
0
7926
7794
0
0
0
0
0
7926
7687
7793
7663
0
7687
0
0
0
7505
0
0
7725
7651
0
6241
7644
7682
7505
0
7684
0
6189
0
7731
7717
0
0
0
7709
0
7681
6291
0
0
0
0
7505
6189
7641
0
7689
7687
7710
0
6138
0
0
0
0
0
0
0
0
7543
7651
0
7725
7815
7841
7641
7657
0
7660
0
0
0
0
0
7725
6241
7662
7709
7521
0
7662
7593
7662
0
7663
7681
0
0
7703
0
7687
0
0
7841
0
0
0
0
7509
0
7869
0
0
7641
0
0
7574
0
0
7685
7438
0
0
0
7698
0
0
0
0
0
0
7660
0
7663
7509
7687
7710
0
7869
0
0
0
0
7869
7662
0
7660
7842
7841
7791
0
0
7793
0
0
0
7842
0
0
0
0
0
7842
0
7791
0
7791
0
7663
7851
7785
0
0
7926
0
0
7785
7791
0
7908
0
0
0
0
0
7841
0
7841
7791
0
7842
0
0
7885
0
0
0
7883
7885
7921
0
0
7929
7869
0
0
0
0
0
0
0
0
0
0
0
0
0
8935
0
0
0
7791
7929
0
0
7842
0
0
0
8920
7883
0
0
0
0
0
0
0
0
0
0
0
7785
0
7731
0
0
8887
0
0
0
0
0
0
0
7794
0
0
0
0
0
0
0
7921
0
0
7929
7791
0
0
0
0
0
7785
0
7731
0
7663
7921
0
7841
8986
7926
0
0
0
7793
0
0
0
0
7851
0
8857
0
0
7815
7841
0
0
0
0
0
0
8986
0
7731
7791
0
7926
0
0
7883
0
7869
0
0
7791
0
0
0
7731
0
0
0
7731
7883
0
0
0
0
7791
0
7785
0
0
7869
0
0
0
7731
0
0
0
0
0
0
7785
7791
0
0
7842
7851
0
0
8894
0
0
0
8986
0
0
0
0
0
0
0
0
0
0
0
0
0
0
0
0
0
0
0
0
0
0
0
0
0
0
0
0
0
0
0
0
0
0
0
0
0
0
0
0
0
0
0
0
0
0
0
0
0
0
0
0
0
0
0
0
0
0
0
0
0
0
0
0
0
0
0
0
0
0
0
0
0
0
0
0
0
0
0
0
0
0
0
0
0
0
0
0
0
0
0
0
0
0
0
0
0
0
0
0
0
0
0
0
0
0
0
0
0
0
0
0
0
0
0
0
0
0
0
0
0
0
0
0
0
0
0
0
0
0
0
0
0
0
0
0
0
0
0
0
0
0
0
0
0
0
0
0
0
0
0
0
0
0
0
0
0
0
0
0
0
0
0
0
0
0
0
0
0
0
0
0
0
0
0
0
0
0
0
0
0
0
0
0
0
0
0
0
0
0
0
0
0
0
0
0
0
0
0
0
0
0
0
0
0
0
0
0
0
0
0
0
0
0
0
0
0
0
0
0
0
0
0
8307
8500
0
0
8235
0
6786
8375
0
8180
0
0
0
0
0
0
8347
0
0
8235
0
0
8375
0
8313
0
8530
0
0
0
8259
0
0
0
0
0
8236
0
0
8353
8576
0
0
0
8314
0
0
8287
0
8375
8284
0
0
8180
8375
8180
0
8353
8284
0
8353
0
0
0
0
8313
0
8307
8314
8284
0
0
0
0
0
0
0
0
0
0
0
8307
0
0
8314
8347
8370
0
0
8307
0
0
0
0
0
0
0
8459
0
8347
8313
8314
0
0
0
8459
8314
0
0
0
0
0
0
0
8222
0
0
0
8222
8235
0
0
0
0
0
0
0
8500
0
0
0
0
0
0
8530
0
0
8370
0
8466
7009
0
0
0
0
8287
0
8287
8236
0
0
0
8257
8353
0
0
0
0
0
0
0
8235
8370
0
8449
0
0
0
0
8375
0
0
0
8284
0
0
0
8314
0
0
8284
0
8375
0
0
0
0
0
8307
7009
0
0
0
8353
0
0
0
0
8222
0
0
0
8577
0
0
8313
0
0
6981
0
0
0
0
0
0
8307
8375
0
0
0
0
8353
0
8222
0
0
0
0
8353
0
0
0
0
0
8404
0
0
0
0
0
0
0
0
9965
8577
0
8466
8466
0
8423
0
8287
8449
8428
8514
8449
0
0
0
0
0
0
0
0
0
0
8423
8500
0
8514
0
0
9828
0
0
0
0
8375
0
0
0
8459
0
8577
0
0
0
0
9905
0
0
0
0
0
8428
0
0
0
0
0
0
0
0
0
9905
8466
0
0
0
0
8466
8530
0
0
0
0
8540
0
0
0
8540
8577
0
0
0
8447
9803
0
8577
8428
0
0
0
8428
8307
0
8347
0
0
0
0
0
0
0
9905
0
0
9905
0
8313
0
0
8466
0
8423
0
9825
0
8287
0
8307
0
0
0
0
9832
0
0
8577
8540
9825
8459
0
0
0
0
8577
0
8423
8576
0
0
0
0
0
0
0
0
8540
0
8375
8466
8577
0
0
9816
0
8459
8287
8423
8428
0
0
0
0
0
8459
0
0
0
0
0
0
0
0
9803
0
0
8307
0
0
0
8287
0
9905
0
0
0
0
0
0
0
0
0
0
0
0
0
0
0
0
0
0
0
0
0
0
0
0
0
0
0
0
0
0
0
0
0
0
0
0
0
0
0
0
0
0
0
0
0
0
0
0
0
0
0
0
0
0
0
0
0
0
0
0
0
0
0
0
0
0
0
0
0
0
0
0
0
0
0
0
0
0
0
0
0
0
0
0
0
0
0
0
0
0
0
0
0
0
0
0
0
0
0
0
0
0
0
0
0
0
0
0
0
0
0
0
0
0
0
0
0
0
0
0
0
0
0
0
0
0
0
0
0
0
0
0
0
0
0
0
0
0
0
0
0
0
0
0
0
0
0
0
0
0
0
0
0
0
0
0
0
0
0
0
0
0
0
0
0
0
0
0
0
0
0
0
0
0
0
0
0
0
0
0
0
0
0
0
0
0
0
0
0
0
0
0
0
0
0
0
0
0
0
0
0
0
0
0
0
0
0
0
0
0
0
0
0
0
0
0
0
0
0
0
0
0
0
0
0
0
0
9004
0
0
7785
8979
0
0
8967
0
0
9292
0
0
0
0
8894
0
8926
8857
0
0
8932
0
0
0
9004
0
8938
0
9004
0
0
0
8860
8935
0
8979
8860
0
0
0
0
0
0
0
0
0
0
0
0
0
0
8857
8967
0
0
8986
0
0
0
0
8987
0
8926
9004
8860
0
0
0
8920
8986
8938
0
0
7921
0
8986
0
8935
0
0
8938
0
0
9034
8916
0
0
0
8979
0
8938
0
0
0
0
7929
8860
0
8979
0
0
0
0
0
0
7885
0
8926
0
0
0
0
8977
0
0
7929
0
8916
0
0
0
8910
0
8860
0
0
8926
0
0
0
0
0
0
8925
0
0
0
0
0
0
8986
0
8977
0
0
0
8857
0
9041
0
0
0
0
0
0
9106
0
0
0
8977
8887
0
8979
0
0
9004
0
0
0
8979
0
0
8979
0
8979
8926
9004
8932
0
0
0
0
0
0
0
0
0
0
0
0
0
0
0
0
0
0
8935
8945
0
0
0
0
0
0
0
0
0
0
0
8910
0
7937
8954
0
0
0
0
0
0
9112
0
9296
9201
9131
9296
0
9034
0
0
9136
9236
9271
9136
9097
0
5625
9209
9136
0
9043
9097
9253
0
9296
0
0
0
9226
9278
9292
9296
9054
9309
9236
9097
0
9260
9131
9201
5584
9296
9292
9296
9278
9142
0
0
9236
9200
9054
9142
9136
0
0
0
9296
9340
9139
9296
9097
0
0
0
9209
9201
0
0
0
0
5584
0
9236
0
0
0
0
0
5601
0
0
9043
0
9304
9271
9278
0
0
9201
0
9201
9101
0
0
0
9304
0
0
9142
9323
9236
0
0
9323
0
9213
0
0
9296
9296
9098
9139
0
0
9142
0
0
5599
5584
9131
0
0
9236
9043
0
9058
9097
9236
0
9043
9184
0
9406
9253
9296
0
0
0
9106
0
0
0
0
9368
0
0
0
0
9201
0
9136
9142
9206
9142
9309
9184
9172
9309
5594
5563
9142
9054
9253
9058
9292
0
0
0
9296
0
0
0
9309
9104
0
9236
9213
9142
0
0
9309
5639
0
9309
0
9292
9260
0
0
0
9112
0
9101
9106
9296
0
0
9043
8954
9226
9106
0
0
9142
0
0
5563
0
9139
0
0
9278
9142
9309
9296
9054
8926
0
0
0
9131
9260
0
9271
9296
0
0
9209
0
9408
0
0
0
9201
9395
0
0
0
0
9106
9139
0
8954
0
9139
0
9406
9097
0
9309
9106
9201
0
9271
5647
9296
0
0
9236
0
9399
0
9106
9142
9296
9309
0
9448
0
0
0
9142
9142
9406
0
0
9142
0
0
0
0
0
8954
9209
0
0
9586
0
0
0
9408
0
9399
0
0
9455
0
0
0
0
0
0
9406
0
0
0
0
0
9603
0
9452
0
0
9664
9323
0
0
0
9474
0
0
0
0
0
9323
0
0
0
9098
0
9474
0
9452
0
9399
0
9323
9452
0
9271
0
9386
0
9304
9540
9368
9097
9458
0
0
0
0
0
0
9669
0
0
9452
0
9399
0
9395
0
9399
0
9561
0
0
9399
0
9395
0
0
0
0
9664
0
9399
0
0
0
0
0
0
9540
9618
0
0
0
0
0
0
0
9323
0
9603
0
9408
0
0
0
9664
9540
0
0
0
0
0
0
0
0
0
9097
0
9101
9172
0
0
0
9487
0
0
0
0
0
9452
0
0
9452
0
9097
9386
0
0
0
0
0
0
0
0
9101
9540
0
0
9304
9368
0
0
0
0
9399
0
0
0
0
0
0
0
9368
9368
0
0
0
0
0
9323
0
9664
9368
0
9399
9406
0
9098
0
9628
0
9669
0
0
0
9743
9711
9581
0
0
0
0
0
0
0
0
9587
0
0
0
9669
0
9408
0
9540
0
0
0
9587
0
0
0
0
0
0
0
9386
0
0
0
0
0
9406
9603
0
0
0
0
0
9619
0
0
0
9474
0
0
0
0
9690
0
0
0
9711
9619
0
0
9587
0
0
0
0
0
9561
0
9743
0
0
0
0
0
0
0
9618
9368
9619
0
9628
9578
0
9664
0
0
0
0
9586
9586
0
9711
9406
0
0
9711
9718
0
0
0
9603
0
0
0
0
0
9697
0
9628
9538
9690
0
9619
9587
0
9697
0
9581
0
0
0
0
0
0
9586
0
9581
9697
0
9827
0
9587
9718
0
9619
0
9587
9669
0
0
9587
9587
9386
0
0
0
0
0
9669
0
0
0
0
0
0
0
9586
9578
9586
0
9711
0
0
0
0
9603
0
0
0
0
0
0
0
0
0
0
0
0
0
9587
0
0
9628
9718
0
9540
9718
9587
0
0
0
0
0
9711
0
0
0
0
9587
0
9669
0
0
0
0
9586
0
0
0
0
9825
0
9956
9628
9746
0
9838
9905
0
0
0
9827
9888
0
0
9718
0
0
0
0
9859
9816
0
0
0
9884
0
0
0
0
0
0
9743
0
0
0
9859
9939
9953
9743
0
9953
9619
9888
0
0
0
9834
9965
9743
0
9888
0
9860
0
9981
0
0
9982
9888
0
0
9995
9939
9834
9884
0
9982
9803
0
0
0
0
0
0
9828
0
9981
9832
0
0
0
0
9744
0
9884
9859
0
0
0
9897
9884
9816
9956
9905
0
9619
8580
0
0
0
0
9861
0
9884
0
0
0
0
9981
0
0
0
9832
9799
0
8423
0
9955
0
0
0
9897
9884
0
0
0
9995
9834
0
9803
0
0
0
0
0
9743
8428
0
0
0
9981
9628
9860
9995
9861
0
0
0
9884
9859
9978
0
9981
9884
9861
9884
0
9897
9888
0
0
9965
0
9744
0
0
9939
0
0
0
0
9744
9978
9953
9979
9859
0
0
9711
0
0
0
9825
0
9897
9982
9978
0
0
0
0
9628
9803
0
9955
9784
0
9834
0
9965
0
9936
5095
9956
0
0
9884
0
0
9838
9939
0
0
9953
9861
0
9816
9746
9827
9859
0
9953
9979
0
0
0
9859
0
0
9978
0
0
0
5245
0
0
0
0
9838
0
9859
0
0
0
9825
9980
0
9628
0
9746
0
0
0
0
0
8423
9861
0
9905
0
0
0
0
9860
0
0
0
0
0
0
9981
0
